  0.000   0.000    0.00000E+00   0.00000E+00   0.00000E+00   0.00000E+00   0.00000E+00   0.00000E+00
 -1.000  -1.000    0.00000E+00   0.00000E+00   0.00000E+00   0.00000E+00   0.00000E+00   0.00000E+00
  0.120   0.990    0.24253E+00   0.75932E-02   0.11873E+00  -0.78688E-03   0.31009E-01  -0.59499E-11
  0.207   1.400    0.16319E+01   0.55574E-01   0.24193E+00  -0.46567E-02   0.17963E+00  -0.74536E-10
  0.301   1.715    0.56261E+01   0.20991E+00   0.35727E+00  -0.13819E-01   0.52407E+00  -0.32456E-09
  0.400   1.981    0.12920E+02   0.53257E+00   0.43416E+00  -0.26536E-01   0.99583E+00  -0.76642E-09
  0.500   2.214    0.23063E+02   0.10610E+01   0.47770E+00  -0.37816E-01   0.14223E+01  -0.16246E-08
  0.600   2.426    0.34582E+02   0.18033E+01   0.50382E+00  -0.41849E-01   0.16161E+01  -0.22671E-08
  0.700   2.620    0.45148E+02   0.27227E+01   0.50651E+00  -0.33882E-01   0.14453E+01  -0.32274E-08
  0.800   2.801    0.52074E+02   0.37412E+01   0.49156E+00  -0.12472E-01   0.89027E+00  -0.72861E-08
  0.900   2.971    0.53026E+02   0.47542E+01   0.48386E+00   0.19528E-01   0.57736E-01   0.12222E-08
  1.000   3.132    0.46905E+02   0.56500E+01   0.45761E+00   0.51974E-01  -0.83143E+00  -0.34065E-08
  1.100   3.284    0.33576E+02   0.63688E+01   0.43806E+00   0.87711E-01  -0.16267E+01  -0.10970E-09
  1.200   3.430    0.14165E+02   0.68634E+01   0.40846E+00   0.11506E+00  -0.20905E+01   0.11883E-07
  1.300   3.571   -0.95645E+01   0.71311E+01   0.37782E+00   0.12942E+00  -0.21038E+01   0.66816E-07
  1.400   3.705   -0.35768E+02   0.72016E+01   0.35526E+00   0.12859E+00  -0.16426E+01  -0.28444E-08
  1.500   3.835   -0.63180E+02   0.71140E+01   0.32490E+00   0.11121E+00  -0.69914E+00  -0.43028E-08
  1.600   3.961   -0.90327E+02   0.69125E+01   0.30282E+00   0.81117E-01   0.65211E+00   0.50236E-08
  1.700   4.083   -0.11627E+03   0.66304E+01   0.28124E+00   0.39377E-01   0.23101E+01   0.36849E-08
  1.800   4.201   -0.14079E+03   0.63079E+01   0.25332E+00  -0.11733E-01   0.42263E+01   0.28002E-07
  1.900   4.317   -0.16356E+03   0.59442E+01   0.23862E+00  -0.71149E-01   0.63212E+01   0.20201E-07
  2.000   4.429   -0.18426E+03   0.55837E+01   0.22474E+00  -0.13477E+00   0.85112E+01   0.33830E-07
  2.100   4.538   -0.20318E+03   0.52226E+01   0.20951E+00  -0.20155E+00   0.10780E+02  -0.46773E-06
  2.200   4.645   -0.22024E+03   0.48576E+01   0.19584E+00  -0.27456E+00   0.13040E+02   0.43715E-07
  2.300   4.749   -0.23544E+03   0.45064E+01   0.17722E+00  -0.34623E+00   0.15301E+02   0.13900E-06
  2.400   4.851   -0.25005E+03   0.41596E+01   0.17279E+00  -0.42650E+00   0.17562E+02   0.49011E-07
  2.500   4.951   -0.26145E+03   0.38511E+01   0.16468E+00  -0.49714E+00   0.19640E+02   0.72496E-07
  2.600   5.049   -0.27243E+03   0.35433E+01   0.15712E+00  -0.57236E+00   0.21711E+02  -0.45599E-07
  2.700   5.146   -0.28234E+03   0.32548E+01   0.14485E+00  -0.64518E+00   0.23704E+02   0.96750E-07
  2.800   5.240   -0.29121E+03   0.29797E+01   0.14166E+00  -0.71800E+00   0.25613E+02   0.17581E-06
  2.900   5.333   -0.29927E+03   0.27260E+01   0.13435E+00  -0.78687E+00   0.27433E+02   0.14748E-06
  3.000   5.424   -0.30669E+03   0.24879E+01   0.12707E+00  -0.85249E+00   0.29163E+02   0.16421E-06
