  0.000   0.000   0.000000E+00  0.000000E+00
  0.000   0.000   0.000000E+00  0.000000E+00
  0.000   0.000   0.000000E+00  0.000000E+00
  0.000   0.000   0.000000E+00  0.000000E+00
  0.000   0.000   0.000000E+00  0.000000E+00
  0.000   0.000   0.000000E+00  0.000000E+00
  0.000   0.000   0.000000E+00  0.000000E+00
  0.000   0.000   0.000000E+00  0.000000E+00
  0.000   0.000   0.000000E+00  0.000000E+00
  0.000   0.000   0.000000E+00  0.000000E+00
  0.000   0.000   0.000000E+00  0.000000E+00
  0.000   0.000   0.000000E+00  0.000000E+00
  0.000   0.000   0.000000E+00  0.000000E+00
  0.000   0.000   0.000000E+00  0.000000E+00
  0.000   0.000   0.000000E+00  0.000000E+00
  0.000   0.000   0.000000E+00  0.000000E+00
  0.000   0.000   0.000000E+00  0.000000E+00
  0.000   0.000   0.000000E+00  0.000000E+00
  0.000   0.000   0.000000E+00  0.000000E+00
  0.000   0.000   0.000000E+00  0.000000E+00
  0.000   0.000   0.000000E+00  0.000000E+00
  0.000   0.000   0.000000E+00  0.000000E+00
  0.000   0.000   0.000000E+00  0.000000E+00
  0.000   0.000   0.000000E+00  0.000000E+00
  0.000   0.000   0.000000E+00  0.000000E+00
  0.000   0.000   0.000000E+00  0.000000E+00
  0.000   0.000   0.000000E+00  0.000000E+00
  0.000   0.000   0.000000E+00  0.000000E+00
  0.000   0.000   0.000000E+00  0.000000E+00
  0.000   0.000   0.000000E+00  0.000000E+00
  0.000   0.000   0.000000E+00  0.000000E+00
  0.000   0.000   0.000000E+00  0.000000E+00
  0.000   0.000   0.000000E+00  0.000000E+00
  0.000   0.000   0.000000E+00  0.000000E+00
  0.000   0.000   0.000000E+00  0.000000E+00
  0.000   0.000   0.000000E+00  0.000000E+00
 -1.000  -1.000            NaN           NaN
 -1.000  -1.000            NaN           NaN
 -1.000  -1.000            NaN           NaN
 -1.000  -1.000            NaN           NaN
 -1.000  -1.000            NaN           NaN
 -1.000  -1.000            NaN           NaN
 -1.000  -1.000            NaN           NaN
 -1.000  -1.000            NaN           NaN
 -1.000  -1.000            NaN           NaN
 -1.000  -1.000            NaN           NaN
 -1.000  -1.000            NaN           NaN
 -1.000  -1.000            NaN           NaN
 -1.000  -1.000            NaN           NaN
 -1.000  -1.000            NaN           NaN
 -1.000  -1.000            NaN           NaN
 -1.000  -1.000            NaN           NaN
 -1.000  -1.000            NaN           NaN
 -1.000  -1.000            NaN           NaN
 -1.000  -1.000            NaN           NaN
 -1.000  -1.000            NaN           NaN
 -1.000  -1.000            NaN           NaN
 -1.000  -1.000            NaN           NaN
 -1.000  -1.000            NaN           NaN
 -1.000  -1.000            NaN           NaN
 -1.000  -1.000            NaN           NaN
 -1.000  -1.000            NaN           NaN
 -1.000  -1.000            NaN           NaN
 -1.000  -1.000            NaN           NaN
 -1.000  -1.000            NaN           NaN
 -1.000  -1.000            NaN           NaN
 -1.000  -1.000            NaN           NaN
 -1.000  -1.000            NaN           NaN
 -1.000  -1.000            NaN           NaN
 -1.000  -1.000            NaN           NaN
 -1.000  -1.000            NaN           NaN
 -1.000  -1.000            NaN           NaN
  0.120   0.990   0.145763E+02  0.577351E+02
  0.120   0.990  -0.450548E+03  0.574012E+02
  0.120   0.990  -0.901960E+03  0.570727E+02
  0.120   0.990  -0.132594E+04  0.567589E+02
  0.120   0.990  -0.170961E+04  0.564693E+02
  0.120   0.990  -0.204131E+04  0.562130E+02
  0.120   0.990  -0.231096E+04  0.559987E+02
  0.120   0.990  -0.251037E+04  0.558340E+02
  0.120   0.990  -0.263348E+04  0.557253E+02
  0.120   0.990  -0.267655E+04  0.556775E+02
  0.120   0.990  -0.263827E+04  0.556931E+02
  0.120   0.990  -0.251981E+04  0.557726E+02
  0.120   0.990  -0.232477E+04  0.559143E+02
  0.120   0.990  -0.205907E+04  0.561138E+02
  0.120   0.990  -0.173079E+04  0.563647E+02
  0.120   0.990  -0.134989E+04  0.566586E+02
  0.120   0.990  -0.927957E+03  0.569854E+02
  0.120   0.990  -0.477799E+03  0.573338E+02
  0.120   0.990  -0.130978E+02  0.576918E+02
  0.120   0.990   0.452026E+03  0.580473E+02
  0.120   0.990   0.903438E+03  0.583886E+02
  0.120   0.990   0.132742E+04  0.587045E+02
  0.120   0.990   0.171109E+04  0.589855E+02
  0.120   0.990   0.204279E+04  0.592233E+02
  0.120   0.990   0.231244E+04  0.594116E+02
  0.120   0.990   0.251185E+04  0.595459E+02
  0.120   0.990   0.263495E+04  0.596235E+02
  0.120   0.990   0.267802E+04  0.596434E+02
  0.120   0.990   0.263975E+04  0.596062E+02
  0.120   0.990   0.252129E+04  0.595141E+02
  0.120   0.990   0.232625E+04  0.593705E+02
  0.120   0.990   0.206055E+04  0.591796E+02
  0.120   0.990   0.173227E+04  0.589471E+02
  0.120   0.990   0.135137E+04  0.586790E+02
  0.120   0.990   0.929436E+03  0.583825E+02
  0.120   0.990   0.479278E+03  0.580651E+02
  0.207   1.400   0.249282E+02  0.520205E+02
  0.207   1.400  -0.763309E+03  0.490603E+02
  0.207   1.400  -0.152829E+04  0.461726E+02
  0.207   1.400  -0.224677E+04  0.434433E+02
  0.207   1.400  -0.289691E+04  0.409550E+02
  0.207   1.400  -0.345894E+04  0.387845E+02
  0.207   1.400  -0.391580E+04  0.370000E+02
  0.207   1.400  -0.425360E+04  0.356594E+02
  0.207   1.400  -0.446210E+04  0.348072E+02
  0.207   1.400  -0.453495E+04  0.344734E+02
  0.207   1.400  -0.446997E+04  0.346716E+02
  0.207   1.400  -0.426911E+04  0.353985E+02
  0.207   1.400  -0.393850E+04  0.366334E+02
  0.207   1.400  -0.348816E+04  0.383390E+02
  0.207   1.400  -0.293177E+04  0.404625E+02
  0.207   1.400  -0.228624E+04  0.429370E+02
  0.207   1.400  -0.157116E+04  0.456843E+02
  0.207   1.400  -0.808269E+03  0.486171E+02
  0.207   1.400  -0.207364E+02  0.516425E+02
  0.207   1.400   0.767501E+03  0.546647E+02
  0.207   1.400   0.153248E+04  0.575891E+02
  0.207   1.400   0.225096E+04  0.603249E+02
  0.207   1.400   0.290110E+04  0.627886E+02
  0.207   1.400   0.346313E+04  0.649064E+02
  0.207   1.400   0.391999E+04  0.666164E+02
  0.207   1.400   0.425780E+04  0.678703E+02
  0.207   1.400   0.446629E+04  0.686339E+02
  0.207   1.400   0.453915E+04  0.688882E+02
  0.207   1.400   0.447416E+04  0.686291E+02
  0.207   1.400   0.427331E+04  0.678670E+02
  0.207   1.400   0.394269E+04  0.666267E+02
  0.207   1.400   0.349235E+04  0.649458E+02
  0.207   1.400   0.293597E+04  0.628744E+02
  0.207   1.400   0.229043E+04  0.604728E+02
  0.207   1.400   0.157536E+04  0.578110E+02
  0.207   1.400   0.812461E+03  0.549661E+02
  0.301   1.715   0.357307E+02  0.476481E+02
  0.301   1.715  -0.109499E+04  0.346735E+02
  0.301   1.715  -0.219234E+04  0.220443E+02
  0.301   1.715  -0.322295E+04  0.101406E+02
  0.301   1.715  -0.415548E+04 -0.676585E+00
  0.301   1.715  -0.496159E+04 -0.100763E+02
  0.301   1.715  -0.561678E+04 -0.177680E+02
  0.301   1.715  -0.610117E+04 -0.235111E+02
  0.301   1.715  -0.640005E+04 -0.271230E+02
  0.301   1.715  -0.650438E+04 -0.284860E+02
  0.301   1.715  -0.641100E+04 -0.275520E+02
  0.301   1.715  -0.612276E+04 -0.243443E+02
  0.301   1.715  -0.564842E+04 -0.189574E+02
  0.301   1.715  -0.500238E+04 -0.115545E+02
  0.301   1.715  -0.420424E+04 -0.236247E+01
  0.301   1.715  -0.327822E+04  0.833564E+01
  0.301   1.715  -0.225245E+04  0.202090E+02
  0.301   1.715  -0.115808E+04  0.328895E+02
  0.301   1.715  -0.283621E+02  0.459839E+02
  0.301   1.715   0.110236E+04  0.590864E+02
  0.301   1.715   0.219971E+04  0.717920E+02
  0.301   1.715   0.323032E+04  0.837102E+02
  0.301   1.715   0.416285E+04  0.944773E+02
  0.301   1.715   0.496895E+04  0.103768E+03
  0.301   1.715   0.562415E+04  0.111306E+03
  0.301   1.715   0.610854E+04  0.116871E+03
  0.301   1.715   0.640743E+04  0.120301E+03
  0.301   1.715   0.651176E+04  0.121502E+03
  0.301   1.715   0.641838E+04  0.120445E+03
  0.301   1.715   0.613014E+04  0.117167E+03
  0.301   1.715   0.565580E+04  0.111770E+03
  0.301   1.715   0.500976E+04  0.104418E+03
  0.301   1.715   0.421162E+04  0.953317E+02
  0.301   1.715   0.328560E+04  0.847812E+02
  0.301   1.715   0.225983E+04  0.730810E+02
  0.301   1.715   0.116545E+04  0.605792E+02
  0.400   1.981   0.458142E+02  0.448668E+02
  0.400   1.981  -0.142317E+04  0.846313E+01
  0.400   1.981  -0.284878E+04 -0.269444E+02
  0.400   1.981  -0.418763E+04 -0.602844E+02
  0.400   1.981  -0.539900E+04 -0.905446E+02
  0.400   1.981  -0.644606E+04 -0.116802E+03
  0.400   1.981  -0.729700E+04 -0.138251E+03
  0.400   1.981  -0.792600E+04 -0.154229E+03
  0.400   1.981  -0.831400E+04 -0.164239E+03
  0.400   1.981  -0.844928E+04 -0.167965E+03
  0.400   1.981  -0.832776E+04 -0.165284E+03
  0.400   1.981  -0.795318E+04 -0.156269E+03
  0.400   1.981  -0.733689E+04 -0.141190E+03
  0.400   1.981  -0.649760E+04 -0.120502E+03
  0.400   1.981  -0.546075E+04 -0.948345E+02
  0.400   1.981  -0.425778E+04 -0.649716E+02
  0.400   1.981  -0.292520E+04 -0.318279E+02
  0.400   1.981  -0.150347E+04  0.357836E+01
  0.400   1.981  -0.358066E+02  0.401571E+02
  0.400   1.981   0.143317E+04  0.767812E+02
  0.400   1.981   0.285877E+04  0.112323E+03
  0.400   1.981   0.419762E+04  0.145692E+03
  0.400   1.981   0.540899E+04  0.175870E+03
  0.400   1.981   0.645606E+04  0.201943E+03
  0.400   1.981   0.730700E+04  0.223129E+03
  0.400   1.981   0.793602E+04  0.238801E+03
  0.400   1.981   0.832403E+04  0.248502E+03
  0.400   1.981   0.845932E+04  0.251954E+03
  0.400   1.981   0.833781E+04  0.249067E+03
  0.400   1.981   0.796323E+04  0.239937E+03
  0.400   1.981   0.734695E+04  0.224843E+03
  0.400   1.981   0.650765E+04  0.204241E+03
  0.400   1.981   0.547079E+04  0.178748E+03
  0.400   1.981   0.426782E+04  0.149130E+03
  0.400   1.981   0.293523E+04  0.116274E+03
  0.400   1.981   0.151349E+04  0.811683E+02
  0.500   2.214   0.543407E+02  0.437932E+02
  0.500   2.214  -0.172839E+04 -0.333535E+02
  0.500   2.214  -0.345845E+04 -0.108362E+03
  0.500   2.214  -0.508315E+04 -0.178954E+03
  0.500   2.214  -0.655304E+04 -0.242983E+03
  0.500   2.214  -0.782341E+04 -0.298499E+03
  0.500   2.214  -0.885569E+04 -0.343807E+03
  0.500   2.214  -0.961858E+04 -0.377518E+03
  0.500   2.214  -0.100890E+05 -0.398597E+03
  0.500   2.214  -0.102528E+05 -0.406393E+03
  0.500   2.214  -0.101051E+05 -0.400656E+03
  0.500   2.214  -0.965031E+04 -0.381553E+03
  0.500   2.214  -0.890237E+04 -0.349653E+03
  0.500   2.214  -0.788390E+04 -0.305917E+03
  0.500   2.214  -0.662572E+04 -0.251667E+03
  0.500   2.214  -0.516597E+04 -0.188550E+03
  0.500   2.214  -0.354888E+04 -0.118488E+03
  0.500   2.214  -0.182357E+04 -0.436258E+02
  0.500   2.214  -0.424621E+02  0.337382E+02
  0.500   2.214   0.174025E+04  0.111222E+03
  0.500   2.214   0.347029E+04  0.186440E+03
  0.500   2.214   0.509499E+04  0.257081E+03
  0.500   2.214   0.656488E+04  0.320987E+03
  0.500   2.214   0.783527E+04  0.376221E+03
  0.500   2.214   0.886758E+04  0.421126E+03
  0.500   2.214   0.963050E+04  0.454370E+03
  0.500   2.214   0.101010E+05  0.474980E+03
  0.500   2.214   0.102648E+05  0.482366E+03
  0.500   2.214   0.101170E+05  0.476327E+03
  0.500   2.214   0.966231E+04  0.457058E+03
  0.500   2.214   0.891438E+04  0.425142E+03
  0.500   2.214   0.789589E+04  0.381537E+03
  0.500   2.214   0.663771E+04  0.327546E+03
  0.500   2.214   0.517792E+04  0.264790E+03
  0.500   2.214   0.356082E+04  0.195154E+03
  0.500   2.214   0.183547E+04  0.120739E+03
  0.600   2.426   0.607252E+02  0.441327E+02
  0.600   2.426  -0.199738E+04 -0.909434E+02
  0.600   2.426  -0.399463E+04 -0.222243E+03
  0.600   2.426  -0.587012E+04 -0.345764E+03
  0.600   2.426  -0.756675E+04 -0.457742E+03
  0.600   2.426  -0.903288E+04 -0.554769E+03
  0.600   2.426  -0.102240E+05 -0.633897E+03
  0.600   2.426  -0.111041E+05 -0.692720E+03
  0.600   2.426  -0.116465E+05 -0.729453E+03
  0.600   2.426  -0.118350E+05 -0.742980E+03
  0.600   2.426  -0.116641E+05 -0.732887E+03
  0.600   2.426  -0.111389E+05 -0.699467E+03
  0.600   2.426  -0.102754E+05 -0.643717E+03
  0.600   2.426  -0.909970E+04 -0.567303E+03
  0.600   2.426  -0.764738E+04 -0.472518E+03
  0.600   2.426  -0.596234E+04 -0.362219E+03
  0.600   2.426  -0.409564E+04 -0.239751E+03
  0.600   2.426  -0.210391E+04 -0.108854E+03
  0.600   2.426  -0.477187E+02  0.264524E+02
  0.600   2.426   0.201034E+04  0.161995E+03
  0.600   2.426   0.400755E+04  0.293589E+03
  0.600   2.426   0.588304E+04  0.417181E+03
  0.600   2.426   0.757968E+04  0.528989E+03
  0.600   2.426   0.904585E+04  0.625621E+03
  0.600   2.426   0.102370E+05  0.704184E+03
  0.600   2.426   0.111172E+05  0.762357E+03
  0.600   2.426   0.116597E+05  0.798445E+03
  0.600   2.426   0.118483E+05  0.811419E+03
  0.600   2.426   0.116773E+05  0.800926E+03
  0.600   2.426   0.111522E+05  0.767298E+03
  0.600   2.426   0.102887E+05  0.711542E+03
  0.600   2.426   0.911296E+04  0.635313E+03
  0.600   2.426   0.766061E+04  0.540878E+03
  0.600   2.426   0.597552E+04  0.431061E+03
  0.600   2.426   0.410876E+04  0.309163E+03
  0.600   2.426   0.211698E+04  0.178868E+03
  0.700   2.620   0.644885E+02  0.453191E+02
  0.700   2.620  -0.221960E+04 -0.159460E+03
  0.700   2.620  -0.443607E+04 -0.358468E+03
  0.700   2.620  -0.651726E+04 -0.545609E+03
  0.700   2.620  -0.839972E+04 -0.715170E+03
  0.700   2.620  -0.100262E+05 -0.861995E+03
  0.700   2.620  -0.113472E+05 -0.981644E+03
  0.700   2.620  -0.123230E+05 -0.107052E+04
  0.700   2.620  -0.129241E+05 -0.112595E+04
  0.700   2.620  -0.131326E+05 -0.114630E+04
  0.700   2.620  -0.129422E+05 -0.113096E+04
  0.700   2.620  -0.123591E+05 -0.108038E+04
  0.700   2.620  -0.114007E+05 -0.996054E+03
  0.700   2.620  -0.100960E+05 -0.880476E+03
  0.700   2.620  -0.848447E+04 -0.737078E+03
  0.700   2.620  -0.661466E+04 -0.570146E+03
  0.700   2.620  -0.454319E+04 -0.384721E+03
  0.700   2.620  -0.233288E+04 -0.186457E+03
  0.700   2.620  -0.509634E+02  0.185459E+02
  0.700   2.620   0.223304E+04  0.223937E+03
  0.700   2.620   0.444944E+04  0.423343E+03
  0.700   2.620   0.653061E+04  0.610593E+03
  0.700   2.620   0.841310E+04  0.779941E+03
  0.700   2.620   0.100396E+05  0.926252E+03
  0.700   2.620   0.113608E+05  0.104516E+04
  0.700   2.620   0.123367E+05  0.113319E+04
  0.700   2.620   0.129379E+05  0.118779E+04
  0.700   2.620   0.131465E+05  0.120743E+04
  0.700   2.620   0.129562E+05  0.119159E+04
  0.700   2.620   0.123731E+05  0.114077E+04
  0.700   2.620   0.114147E+05  0.105645E+04
  0.700   2.620   0.101100E+05  0.941105E+03
  0.700   2.620   0.849840E+04  0.798143E+03
  0.700   2.620   0.662851E+04  0.631808E+03
  0.700   2.620   0.455693E+04  0.447092E+03
  0.700   2.620   0.234652E+04  0.249588E+03
  0.800   2.801   0.654672E+02  0.465564E+02
  0.800   2.801  -0.238832E+04 -0.229704E+03
  0.800   2.801  -0.476935E+04 -0.498111E+03
  0.800   2.801  -0.700485E+04 -0.750388E+03
  0.800   2.801  -0.902660E+04 -0.978812E+03
  0.800   2.801  -0.107730E+05 -0.117645E+04
  0.800   2.801  -0.121912E+05 -0.133736E+04
  0.800   2.801  -0.132383E+05 -0.145677E+04
  0.800   2.801  -0.138829E+05 -0.153117E+04
  0.800   2.801  -0.141058E+05 -0.155839E+04
  0.800   2.801  -0.139006E+05 -0.153765E+04
  0.800   2.801  -0.132736E+05 -0.146958E+04
  0.800   2.801  -0.122439E+05 -0.135614E+04
  0.800   2.801  -0.108424E+05 -0.120066E+04
  0.800   2.801  -0.911131E+04 -0.100767E+04
  0.800   2.801  -0.710284E+04 -0.782877E+03
  0.800   2.801  -0.487767E+04 -0.533040E+03
  0.800   2.801  -0.250327E+04 -0.265767E+03
  0.800   2.801  -0.518658E+02  0.106850E+02
  0.800   2.801   0.240177E+04  0.287696E+03
  0.800   2.801   0.478270E+04  0.556601E+03
  0.800   2.801   0.701817E+04  0.809024E+03
  0.800   2.801   0.903996E+04  0.103719E+04
  0.800   2.801   0.107865E+05  0.123419E+04
  0.800   2.801   0.122049E+05  0.139419E+04
  0.800   2.801   0.132522E+05  0.151256E+04
  0.800   2.801   0.138970E+05  0.158594E+04
  0.800   2.801   0.141201E+05  0.161232E+04
  0.800   2.801   0.139150E+05  0.159102E+04
  0.800   2.801   0.132881E+05  0.152268E+04
  0.800   2.801   0.122583E+05  0.140929E+04
  0.800   2.801   0.108567E+05  0.125410E+04
  0.800   2.801   0.912556E+04  0.106162E+04
  0.800   2.801   0.711696E+04  0.837522E+03
  0.800   2.801   0.489163E+04  0.588508E+03
  0.800   2.801   0.251705E+04  0.322129E+03
  0.900   2.971   0.640940E+02  0.473398E+02
  0.900   2.971  -0.250240E+04 -0.290360E+03
  0.900   2.971  -0.499267E+04 -0.618360E+03
  0.900   2.971  -0.733050E+04 -0.926464E+03
  0.900   2.971  -0.944448E+04 -0.120520E+04
  0.900   2.971  -0.112702E+05 -0.144614E+04
  0.900   2.971  -0.127524E+05 -0.164210E+04
  0.900   2.971  -0.138463E+05 -0.178736E+04
  0.900   2.971  -0.145192E+05 -0.187774E+04
  0.900   2.971  -0.147512E+05 -0.191070E+04
  0.900   2.971  -0.145356E+05 -0.188535E+04
  0.900   2.971  -0.138792E+05 -0.180243E+04
  0.900   2.971  -0.128018E+05 -0.166432E+04
  0.900   2.971  -0.113359E+05 -0.147494E+04
  0.900   2.971  -0.952552E+04 -0.123972E+04
  0.900   2.971  -0.742503E+04 -0.965525E+03
  0.900   2.971  -0.509786E+04 -0.660521E+03
  0.900   2.971  -0.261453E+04 -0.334002E+03
  0.900   2.971  -0.505971E+02  0.388344E+01
  0.900   2.971   0.251567E+04  0.342493E+03
  0.900   2.971   0.500578E+04  0.671114E+03
  0.900   2.971   0.734357E+04  0.979417E+03
  0.900   2.971   0.945762E+04  0.125786E+04
  0.900   2.971   0.112836E+05  0.149803E+04
  0.900   2.971   0.127660E+05  0.169288E+04
  0.900   2.971   0.138602E+05  0.183688E+04
  0.900   2.971   0.145334E+05  0.192606E+04
  0.900   2.971   0.147656E+05  0.195805E+04
  0.900   2.971   0.145502E+05  0.193206E+04
  0.900   2.971   0.138939E+05  0.184887E+04
  0.900   2.971   0.128165E+05  0.171082E+04
  0.900   2.971   0.113506E+05  0.152179E+04
  0.900   2.971   0.953999E+04  0.128716E+04
  0.900   2.971   0.743930E+04  0.101374E+04
  0.900   2.971   0.511189E+04  0.709669E+03
  0.900   2.971   0.262829E+04  0.384185E+03
  1.000   3.132   0.609550E+02  0.467129E+02
  1.000   3.132  -0.256588E+04 -0.331879E+03
  1.000   3.132  -0.511459E+04 -0.699449E+03
  1.000   3.132  -0.750709E+04 -0.104444E+04
  1.000   3.132  -0.967020E+04 -0.135621E+04
  1.000   3.132  -0.115380E+05 -0.162534E+04
  1.000   3.132  -0.130539E+05 -0.184394E+04
  1.000   3.132  -0.141723E+05 -0.200576E+04
  1.000   3.132  -0.148597E+05 -0.210630E+04
  1.000   3.132  -0.150959E+05 -0.214285E+04
  1.000   3.132  -0.148742E+05 -0.211447E+04
  1.000   3.132  -0.142015E+05 -0.202201E+04
  1.000   3.132  -0.130984E+05 -0.186802E+04
  1.000   3.132  -0.115978E+05 -0.165675E+04
  1.000   3.132  -0.974485E+04 -0.139410E+04
  1.000   3.132  -0.759511E+04 -0.108757E+04
  1.000   3.132  -0.521338E+04 -0.746202E+03
  1.000   3.132  -0.267179E+04 -0.380391E+03
  1.000   3.132  -0.476617E+02 -0.161028E+01
  1.000   3.132   0.257884E+04  0.378038E+03
  1.000   3.132   0.512732E+04  0.746356E+03
  1.000   3.132   0.751974E+04  0.109162E+04
  1.000   3.132   0.968295E+04  0.140307E+04
  1.000   3.132   0.115510E+05  0.167134E+04
  1.000   3.132   0.130673E+05  0.188867E+04
  1.000   3.132   0.141861E+05  0.204905E+04
  1.000   3.132   0.148739E+05  0.214823E+04
  1.000   3.132   0.151105E+05  0.218369E+04
  1.000   3.132   0.148890E+05  0.215463E+04
  1.000   3.132   0.142165E+05  0.206190E+04
  1.000   3.132   0.131133E+05  0.190801E+04
  1.000   3.132   0.116126E+05  0.169713E+04
  1.000   3.132   0.975945E+04  0.143510E+04
  1.000   3.132   0.760945E+04  0.112938E+04
  1.000   3.132   0.522740E+04  0.789003E+03
  1.000   3.132   0.268545E+04  0.424322E+03
  1.100   3.284   0.568541E+02  0.448764E+02
  1.100   3.284  -0.258667E+04 -0.347579E+03
  1.100   3.284  -0.515151E+04 -0.728414E+03
  1.100   3.284  -0.755902E+04 -0.108548E+04
  1.100   3.284  -0.973549E+04 -0.140767E+04
  1.100   3.284  -0.116146E+05 -0.168534E+04
  1.100   3.284  -0.131392E+05 -0.191048E+04
  1.100   3.284  -0.142637E+05 -0.207686E+04
  1.100   3.284  -0.149542E+05 -0.218005E+04
  1.100   3.284  -0.151907E+05 -0.221744E+04
  1.100   3.284  -0.149665E+05 -0.218815E+04
  1.100   3.284  -0.142886E+05 -0.209306E+04
  1.100   3.284  -0.131777E+05 -0.193469E+04
  1.100   3.284  -0.116672E+05 -0.171721E+04
  1.100   3.284  -0.980232E+04 -0.144645E+04
  1.100   3.284  -0.763892E+04 -0.112993E+04
  1.100   3.284  -0.524215E+04 -0.776855E+03
  1.100   3.284  -0.268452E+04 -0.397975E+03
  1.100   3.284  -0.438301E+02 -0.532201E+01
  1.100   3.284   0.259926E+04  0.388309E+03
  1.100   3.284   0.516380E+04  0.769997E+03
  1.100   3.284   0.757120E+04  0.112738E+04
  1.100   3.284   0.974780E+04  0.144923E+04
  1.100   3.284   0.116272E+05  0.172592E+04
  1.100   3.284   0.131524E+05  0.194962E+04
  1.100   3.284   0.142774E+05  0.211439E+04
  1.100   3.284   0.149686E+05  0.221608E+04
  1.100   3.284   0.152055E+05  0.225232E+04
  1.100   3.284   0.149815E+05  0.222235E+04
  1.100   3.284   0.143038E+05  0.212704E+04
  1.100   3.284   0.131929E+05  0.196883E+04
  1.100   3.284   0.116822E+05  0.175179E+04
  1.100   3.284   0.981702E+04  0.148168E+04
  1.100   3.284   0.765329E+04  0.116600E+04
  1.100   3.284   0.525611E+04  0.813944E+03
  1.100   3.284   0.269803E+04  0.436258E+03
  1.200   3.430   0.524661E+02  0.417627E+02
  1.200   3.430  -0.257392E+04 -0.335418E+03
  1.200   3.430  -0.512215E+04 -0.701173E+03
  1.200   3.430  -0.751404E+04 -0.104358E+04
  1.200   3.430  -0.967630E+04 -0.135191E+04
  1.200   3.430  -0.115429E+05 -0.161701E+04
  1.200   3.430  -0.130573E+05 -0.183144E+04
  1.200   3.430  -0.141737E+05 -0.198957E+04
  1.200   3.430  -0.148589E+05 -0.208745E+04
  1.200   3.430  -0.150927E+05 -0.212280E+04
  1.200   3.430  -0.148688E+05 -0.209495E+04
  1.200   3.430  -0.141942E+05 -0.200469E+04
  1.200   3.430  -0.130896E+05 -0.185428E+04
  1.200   3.430  -0.115882E+05 -0.164744E+04
  1.200   3.430  -0.973494E+04 -0.138936E+04
  1.200   3.430  -0.758538E+04 -0.108691E+04
  1.200   3.430  -0.520414E+04 -0.748680E+03
  1.200   3.430  -0.266318E+04 -0.384989E+03
  1.200   3.430  -0.397333E+02 -0.758557E+01
  1.200   3.430   0.258612E+04  0.370880E+03
  1.200   3.430   0.513396E+04  0.737599E+03
  1.200   3.430   0.752569E+04  0.108039E+04
  1.200   3.430   0.968811E+04  0.138838E+04
  1.200   3.430   0.115552E+05  0.165243E+04
  1.200   3.430   0.130702E+05  0.186531E+04
  1.200   3.430   0.141873E+05  0.202169E+04
  1.200   3.430   0.148732E+05  0.211797E+04
  1.200   3.430   0.151076E+05  0.215214E+04
  1.200   3.430   0.148840E+05  0.212362E+04
  1.200   3.430   0.142095E+05  0.203319E+04
  1.200   3.430   0.131049E+05  0.188300E+04
  1.200   3.430   0.116032E+05  0.167662E+04
  1.200   3.430   0.974969E+04  0.141918E+04
  1.200   3.430   0.759973E+04  0.111753E+04
  1.200   3.430   0.521801E+04  0.780305E+03
  1.200   3.430   0.267650E+04  0.417825E+03
  1.300   3.571   0.482753E+02  0.377840E+02
  1.300   3.571  -0.253612E+04 -0.296539E+03
  1.300   3.571  -0.504370E+04 -0.620392E+03
  1.300   3.571  -0.739755E+04 -0.922880E+03
  1.300   3.571  -0.952550E+04 -0.119442E+04
  1.300   3.571  -0.113625E+05 -0.142706E+04
  1.300   3.571  -0.128527E+05 -0.161459E+04
  1.300   3.571  -0.139510E+05 -0.175244E+04
  1.300   3.571  -0.146247E+05 -0.183755E+04
  1.300   3.571  -0.148538E+05 -0.186824E+04
  1.300   3.571  -0.146323E+05 -0.184406E+04
  1.300   3.571  -0.139672E+05 -0.176569E+04
  1.300   3.571  -0.128791E+05 -0.163493E+04
  1.300   3.571  -0.114006E+05 -0.145461E+04
  1.300   3.571  -0.957628E+04 -0.122885E+04
  1.300   3.571  -0.746068E+04 -0.963204E+03
  1.300   3.571  -0.511739E+04 -0.664959E+03
  1.300   3.571  -0.261714E+04 -0.343207E+03
  1.300   3.571  -0.357944E+02 -0.863103E+01
  1.300   3.571   0.254794E+04  0.327066E+03
  1.300   3.571   0.505504E+04  0.651991E+03
  1.300   3.571   0.740868E+04  0.954947E+03
  1.300   3.571   0.953679E+04  0.122616E+04
  1.300   3.571   0.113743E+05  0.145770E+04
  1.300   3.571   0.128652E+05  0.164358E+04
  1.300   3.571   0.139644E+05  0.177959E+04
  1.300   3.571   0.146389E+05  0.186304E+04
  1.300   3.571   0.148687E+05  0.189254E+04
  1.300   3.571   0.146476E+05  0.186774E+04
  1.300   3.571   0.139827E+05  0.178929E+04
  1.300   3.571   0.128944E+05  0.165879E+04
  1.300   3.571   0.114158E+05  0.147895E+04
  1.300   3.571   0.959107E+04  0.125378E+04
  1.300   3.571   0.747504E+04  0.988859E+03
  1.300   3.571   0.513121E+04  0.691547E+03
  1.300   3.571   0.263031E+04  0.370981E+03
  1.400   3.705   0.444684E+02  0.335110E+02
  1.400   3.705  -0.248027E+04 -0.234311E+03
  1.400   3.705  -0.493018E+04 -0.493286E+03
  1.400   3.705  -0.723016E+04 -0.734226E+03
  1.400   3.705  -0.930966E+04 -0.949346E+03
  1.400   3.705  -0.111050E+05 -0.113254E+04
  1.400   3.705  -0.125614E+05 -0.127933E+04
  1.400   3.705  -0.136346E+05 -0.138667E+04
  1.400   3.705  -0.142925E+05 -0.145270E+04
  1.400   3.705  -0.145157E+05 -0.147650E+04
  1.400   3.705  -0.142981E+05 -0.145795E+04
  1.400   3.705  -0.136470E+05 -0.139755E+04
  1.400   3.705  -0.125824E+05 -0.129644E+04
  1.400   3.705  -0.111367E+05 -0.115630E+04
  1.400   3.705  -0.935334E+04 -0.979702E+03
  1.400   3.705  -0.728588E+04 -0.770372E+03
  1.400   3.705  -0.499640E+04 -0.533670E+03
  1.400   3.705  -0.255388E+04 -0.276808E+03
  1.400   3.705  -0.322898E+02 -0.871701E+01
  1.400   3.705   0.249170E+04  0.260535E+03
  1.400   3.705   0.494105E+04  0.520656E+03
  1.400   3.705   0.724079E+04  0.762117E+03
  1.400   3.705   0.932047E+04  0.976912E+03
  1.400   3.705   0.111164E+05  0.115894E+04
  1.400   3.705   0.125737E+05  0.130398E+04
  1.400   3.705   0.136479E+05  0.140940E+04
  1.400   3.705   0.143068E+05  0.147374E+04
  1.400   3.705   0.145307E+05  0.149639E+04
  1.400   3.705   0.143135E+05  0.147731E+04
  1.400   3.705   0.136625E+05  0.141694E+04
  1.400   3.705   0.125978E+05  0.131618E+04
  1.400   3.705   0.111518E+05  0.117655E+04
  1.400   3.705   0.936809E+04  0.100050E+04
  1.400   3.705   0.730016E+04  0.791811E+03
  1.400   3.705   0.501008E+04  0.555951E+03
  1.400   3.705   0.256685E+04  0.300219E+03
  1.500   3.835   0.411217E+02  0.289885E+02
  1.500   3.835  -0.241127E+04 -0.153670E+03
  1.500   3.835  -0.479127E+04 -0.329645E+03
  1.500   3.835  -0.702603E+04 -0.492014E+03
  1.500   3.835  -0.904699E+04 -0.635327E+03
  1.500   3.835  -0.107921E+05 -0.755791E+03
  1.500   3.835  -0.122079E+05 -0.851092E+03
  1.500   3.835  -0.132511E+05 -0.920025E+03
  1.500   3.835  -0.138903E+05 -0.962121E+03
  1.500   3.835  -0.141066E+05 -0.977365E+03
  1.500   3.835  -0.138941E+05 -0.965984E+03
  1.500   3.835  -0.132600E+05 -0.928301E+03
  1.500   3.835  -0.122241E+05 -0.864628E+03
  1.500   3.835  -0.108181E+05 -0.775322E+03
  1.500   3.835  -0.908439E+04 -0.661064E+03
  1.500   3.835  -0.707522E+04 -0.523366E+03
  1.500   3.835  -0.485091E+04 -0.365180E+03
  1.500   3.835  -0.247837E+04 -0.191309E+03
  1.500   3.835  -0.292322E+02 -0.837658E+01
  1.500   3.835   0.242230E+04  0.175750E+03
  1.500   3.835   0.480164E+04  0.352950E+03
  1.500   3.835   0.703611E+04  0.515914E+03
  1.500   3.835   0.905724E+04  0.658936E+03
  1.500   3.835   0.108030E+05  0.778224E+03
  1.500   3.835   0.122197E+05  0.871732E+03
  1.500   3.835   0.132641E+05  0.938700E+03
  1.500   3.835   0.139043E+05  0.979115E+03
  1.500   3.835   0.141214E+05  0.993276E+03
  1.500   3.835   0.139093E+05  0.981492E+03
  1.500   3.835   0.132754E+05  0.943949E+03
  1.500   3.835   0.122393E+05  0.880711E+03
  1.500   3.835   0.108330E+05  0.791906E+03
  1.500   3.835   0.909899E+04  0.678115E+03
  1.500   3.835   0.708934E+04  0.540916E+03
  1.500   3.835   0.486442E+04  0.383421E+03
  1.500   3.835   0.249113E+04  0.210573E+03
  1.600   3.961   0.381893E+02  0.246675E+02
  1.600   3.961  -0.233232E+04 -0.591361E+02
  1.600   3.961  -0.463328E+04 -0.138809E+03
  1.600   3.961  -0.679445E+04 -0.210107E+03
  1.600   3.961  -0.874950E+04 -0.270310E+03
  1.600   3.961  -0.104382E+05 -0.318311E+03
  1.600   3.961  -0.118085E+05 -0.354255E+03
  1.600   3.961  -0.128183E+05 -0.379008E+03
  1.600   3.961  -0.134368E+05 -0.393658E+03
  1.600   3.961  -0.136456E+05 -0.399168E+03
  1.600   3.961  -0.134390E+05 -0.396151E+03
  1.600   3.961  -0.128242E+05 -0.384688E+03
  1.600   3.961  -0.118206E+05 -0.364220E+03
  1.600   3.961  -0.104592E+05 -0.333587E+03
  1.600   3.961  -0.878147E+04 -0.291375E+03
  1.600   3.961  -0.683804E+04 -0.236569E+03
  1.600   3.961  -0.468731E+04 -0.169359E+03
  1.600   3.961  -0.239388E+04 -0.917506E+02
  1.600   3.961  -0.266816E+02 -0.766387E+01
  1.600   3.961   0.234292E+04  0.776385E+02
  1.600   3.961   0.464317E+04  0.158611E+03
  1.600   3.961   0.680401E+04  0.230572E+03
  1.600   3.961   0.875924E+04  0.290515E+03
  1.600   3.961   0.104486E+05  0.337321E+03
  1.600   3.961   0.118200E+05  0.371430E+03
  1.600   3.961   0.128310E+05  0.394190E+03
  1.600   3.961   0.134505E+05  0.407185E+03
  1.600   3.961   0.136601E+05  0.411703E+03
  1.600   3.961   0.134540E+05  0.408418E+03
  1.600   3.961   0.128392E+05  0.397233E+03
  1.600   3.961   0.118355E+05  0.377283E+03
  1.600   3.961   0.104738E+05  0.347147E+03
  1.600   3.961   0.879574E+04  0.305308E+03
  1.600   3.961   0.685183E+04  0.250844E+03
  1.600   3.961   0.470050E+04  0.184158E+03
  1.600   3.961   0.240629E+04  0.107451E+03
  1.700   4.083   0.355479E+02  0.207847E+02
  1.700   4.083  -0.224587E+04  0.449437E+02
  1.700   4.083  -0.446087E+04  0.703808E+02
  1.700   4.083  -0.654207E+04  0.984010E+02
  1.700   4.083  -0.842558E+04  0.128734E+03
  1.700   4.083  -0.100532E+05  0.159575E+03
  1.700   4.083  -0.113743E+05  0.188125E+03
  1.700   4.083  -0.123479E+05  0.211314E+03
  1.700   4.083  -0.129441E+05  0.226413E+03
  1.700   4.083  -0.131450E+05  0.231428E+03
  1.700   4.083  -0.129450E+05  0.225347E+03
  1.700   4.083  -0.123512E+05  0.208321E+03
  1.700   4.083  -0.113828E+05  0.181818E+03
  1.700   4.083  -0.100699E+05  0.148588E+03
  1.700   4.083  -0.845288E+04  0.112279E+03
  1.700   4.083  -0.658080E+04  0.766403E+02
  1.700   4.083  -0.451001E+04  0.445057E+02
  1.700   4.083  -0.230256E+04  0.169475E+02
  1.700   4.083  -0.244808E+02 -0.696144E+01
  1.700   4.083   0.225600E+04 -0.296026E+02
  1.700   4.083   0.447025E+04 -0.536773E+02
  1.700   4.083   0.655110E+04 -0.809720E+02
  1.700   4.083   0.843481E+04 -0.111543E+03
  1.700   4.083   0.100631E+05 -0.143601E+03
  1.700   4.083   0.113854E+05 -0.174030E+03
  1.700   4.083   0.123603E+05 -0.199234E+03
  1.700   4.083   0.129576E+05 -0.215952E+03
  1.700   4.083   0.131592E+05 -0.221855E+03
  1.700   4.083   0.129596E+05 -0.215889E+03
  1.700   4.083   0.123659E+05 -0.198435E+03
  1.700   4.083   0.113973E+05 -0.171316E+03
  1.700   4.083   0.100841E+05 -0.137585E+03
  1.700   4.083   0.846668E+04 -0.100997E+03
  1.700   4.083   0.659415E+04 -0.651792E+02
  1.700   4.083   0.452276E+04 -0.326956E+02
  1.700   4.083   0.231455E+04 -0.437043E+01
  1.800   4.201   0.332191E+02  0.171124E+02
  1.800   4.201  -0.215280E+04  0.154267E+03
  1.800   4.201  -0.427582E+04  0.289696E+03
  1.800   4.201  -0.627156E+04  0.421588E+03
  1.800   4.201  -0.807877E+04  0.546512E+03
  1.800   4.201  -0.964128E+04  0.659604E+03
  1.800   4.201  -0.109101E+05  0.755317E+03
  1.800   4.201  -0.118455E+05  0.828328E+03
  1.800   4.201  -0.124182E+05  0.874265E+03
  1.800   4.201  -0.126107E+05  0.890125E+03
  1.800   4.201  -0.124178E+05  0.874504E+03
  1.800   4.201  -0.118465E+05  0.827790E+03
  1.800   4.201  -0.109155E+05  0.752348E+03
  1.800   4.201  -0.965433E+04  0.652528E+03
  1.800   4.201  -0.810204E+04  0.534259E+03
  1.800   4.201  -0.630611E+04  0.404122E+03
  1.800   4.201  -0.432073E+04  0.268107E+03
  1.800   4.201  -0.220526E+04  0.130526E+03
  1.800   4.201  -0.226039E+02 -0.639187E+01
  1.800   4.201   0.216244E+04 -0.141983E+03
  1.800   4.201   0.428466E+04 -0.275939E+03
  1.800   4.201   0.627999E+04 -0.406987E+03
  1.800   4.201   0.808735E+04 -0.532070E+03
  1.800   4.201   0.965058E+04 -0.646353E+03
  1.800   4.201   0.109206E+05 -0.743951E+03
  1.800   4.201   0.118572E+05 -0.818974E+03
  1.800   4.201   0.124310E+05 -0.866481E+03
  1.800   4.201   0.126242E+05 -0.883121E+03
  1.800   4.201   0.124317E+05 -0.867473E+03
  1.800   4.201   0.118605E+05 -0.820203E+03
  1.800   4.201   0.109293E+05 -0.744087E+03
  1.800   4.201   0.966779E+04 -0.643814E+03
  1.800   4.201   0.811519E+04 -0.525421E+03
  1.800   4.201   0.631887E+04 -0.395326E+03
  1.800   4.201   0.433297E+04 -0.259185E+03
  1.800   4.201   0.221679E+04 -0.120996E+03
  1.900   4.317   0.310607E+02  0.139616E+02
  1.900   4.317  -0.205404E+04  0.265784E+03
  1.900   4.317  -0.407981E+04  0.512800E+03
  1.900   4.317  -0.598527E+04  0.750015E+03
  1.900   4.317  -0.771193E+04  0.970770E+03
  1.900   4.317  -0.920584E+04  0.116709E+04
  1.900   4.317  -0.104197E+05  0.133065E+04
  1.900   4.317  -0.113147E+05  0.145391E+04
  1.900   4.317  -0.118627E+05  0.153090E+04
  1.900   4.317  -0.120465E+05  0.155765E+04
  1.900   4.317  -0.118613E+05  0.153239E+04
  1.900   4.317  -0.113138E+05  0.145571E+04
  1.900   4.317  -0.104224E+05  0.133085E+04
  1.900   4.317  -0.921569E+04  0.116369E+04
  1.900   4.317  -0.773171E+04  0.962433E+03
  1.900   4.317  -0.601614E+04  0.736506E+03
  1.900   4.317  -0.412097E+04  0.495110E+03
  1.900   4.317  -0.210272E+04  0.245867E+03
  1.900   4.317  -0.209410E+02 -0.576404E+01
  1.900   4.317   0.206321E+04 -0.256012E+03
  1.900   4.317   0.408817E+04 -0.501493E+03
  1.900   4.317   0.599321E+04 -0.737801E+03
  1.900   4.317   0.772002E+04 -0.958687E+03
  1.900   4.317   0.921464E+04 -0.115621E+04
  1.900   4.317   0.104296E+05 -0.132170E+04
  1.900   4.317   0.113259E+05 -0.144699E+04
  1.900   4.317   0.118749E+05 -0.152549E+04
  1.900   4.317   0.120595E+05 -0.155290E+04
  1.900   4.317   0.118745E+05 -0.152743E+04
  1.900   4.317   0.113270E+05 -0.145003E+04
  1.900   4.317   0.104353E+05 -0.132439E+04
  1.900   4.317   0.922837E+04 -0.115677E+04
  1.900   4.317   0.774409E+04 -0.955501E+03
  1.900   4.317   0.602822E+04 -0.729800E+03
  1.900   4.317   0.413261E+04 -0.488479E+03
  1.900   4.317   0.211371E+04 -0.238786E+03
  2.000   4.429   0.290653E+02  0.112827E+02
  2.000   4.429  -0.195001E+04  0.376852E+03
  2.000   4.429  -0.387364E+04  0.734520E+03
  2.000   4.429  -0.568438E+04  0.107610E+04
  2.000   4.429  -0.732666E+04  0.139170E+04
  2.000   4.429  -0.874876E+04  0.167025E+04
  2.000   4.429  -0.990503E+04  0.190071E+04
  2.000   4.429  -0.107580E+05  0.207340E+04
  2.000   4.429  -0.112802E+05  0.218087E+04
  2.000   4.429  -0.114552E+05  0.221827E+04
  2.000   4.429  -0.112780E+05  0.218350E+04
  2.000   4.429  -0.107555E+05  0.207734E+04
  2.000   4.429  -0.990549E+04  0.190377E+04
  2.000   4.429  -0.875588E+04  0.167013E+04
  2.000   4.429  -0.734339E+04  0.138680E+04
  2.000   4.429  -0.571202E+04  0.106599E+04
  2.000   4.429  -0.391143E+04  0.720127E+03
  2.000   4.429  -0.199523E+04  0.360138E+03
  2.000   4.429  -0.194302E+02 -0.527995E+01
  2.000   4.429   0.195871E+04 -0.369244E+03
  2.000   4.429   0.388153E+04 -0.725299E+03
  2.000   4.429   0.569183E+04 -0.106590E+04
  2.000   4.429   0.733423E+04 -0.138161E+04
  2.000   4.429   0.875703E+04 -0.166139E+04
  2.000   4.429   0.991441E+04 -0.189383E+04
  2.000   4.429   0.107686E+05 -0.206857E+04
  2.000   4.429   0.112919E+05 -0.217751E+04
  2.000   4.429   0.114674E+05 -0.221545E+04
  2.000   4.429   0.112905E+05 -0.218031E+04
  2.000   4.429   0.107679E+05 -0.207326E+04
  2.000   4.429   0.991761E+04 -0.189881E+04
  2.000   4.429   0.876772E+04 -0.166473E+04
  2.000   4.429   0.735499E+04 -0.138149E+04
  2.000   4.429   0.572339E+04 -0.106109E+04
  2.000   4.429   0.392246E+04 -0.715493E+03
  2.000   4.429   0.200568E+04 -0.355196E+03
  2.100   4.538   0.270842E+02  0.903935E+01
  2.100   4.538  -0.184129E+04  0.485149E+03
  2.100   4.538  -0.365828E+04  0.950315E+03
  2.100   4.538  -0.537013E+04  0.139322E+04
  2.100   4.538  -0.692432E+04  0.180078E+04
  2.100   4.538  -0.827147E+04  0.215890E+04
  2.100   4.538  -0.936767E+04  0.245395E+04
  2.100   4.538  -0.101768E+05  0.267424E+04
  2.100   4.538  -0.106721E+05  0.281099E+04
  2.100   4.538  -0.108378E+05  0.285860E+04
  2.100   4.538  -0.106692E+05  0.281468E+04
  2.100   4.538  -0.101729E+05  0.268014E+04
  2.100   4.538  -0.936625E+04  0.245961E+04
  2.100   4.538  -0.827628E+04  0.216173E+04
  2.100   4.538  -0.693839E+04  0.179889E+04
  2.100   4.538  -0.539483E+04  0.138603E+04
  2.100   4.538  -0.369290E+04  0.938681E+03
  2.100   4.538  -0.188318E+04  0.471065E+03
  2.100   4.538  -0.179932E+02 -0.494126E+01
  2.100   4.538   0.184948E+04 -0.479409E+03
  2.100   4.538   0.366566E+04 -0.942876E+03
  2.100   4.538   0.537706E+04 -0.138472E+04
  2.100   4.538   0.693136E+04 -0.179236E+04
  2.100   4.538   0.827919E+04 -0.215176E+04
  2.100   4.538   0.937647E+04 -0.244884E+04
  2.100   4.538   0.101867E+05 -0.267122E+04
  2.100   4.538   0.106831E+05 -0.280942E+04
  2.100   4.538   0.108493E+05 -0.285746E+04
  2.100   4.538   0.106809E+05 -0.281300E+04
  2.100   4.538   0.101844E+05 -0.267741E+04
  2.100   4.538   0.937744E+04 -0.245590E+04
  2.100   4.538   0.828719E+04 -0.215757E+04
  2.100   4.538   0.694912E+04 -0.179493E+04
  2.100   4.538   0.540541E+04 -0.138265E+04
  2.100   4.538   0.370324E+04 -0.935762E+03
  2.100   4.538   0.189303E+04 -0.467977E+03
  2.200   4.645   0.250954E+02  0.717210E+01
  2.200   4.645  -0.172841E+04  0.588866E+03
  2.200   4.645  -0.343472E+04  0.115668E+04
  2.200   4.645  -0.504393E+04  0.169626E+04
  2.200   4.645  -0.650664E+04  0.219144E+04
  2.200   4.645  -0.777589E+04  0.262520E+04
  2.200   4.645  -0.880962E+04  0.298146E+04
  2.200   4.645  -0.957302E+04  0.324671E+04
  2.200   4.645  -0.100404E+05  0.341104E+04
  2.200   4.645  -0.101966E+05  0.346824E+04
  2.200   4.645  -0.100370E+05  0.341567E+04
  2.200   4.645  -0.956817E+04  0.325435E+04
  2.200   4.645  -0.880677E+04  0.298939E+04
  2.200   4.645  -0.777885E+04  0.263056E+04
  2.200   4.645  -0.651845E+04  0.219207E+04
  2.200   4.645  -0.506599E+04  0.169143E+04
  2.200   4.645  -0.346636E+04  0.114722E+04
  2.200   4.645  -0.176705E+04  0.576821E+03
  2.200   4.645  -0.165941E+02 -0.479189E+01
  2.200   4.645   0.173605E+04 -0.584766E+03
  2.200   4.645   0.344156E+04 -0.115075E+04
  2.200   4.645   0.505031E+04 -0.168916E+04
  2.200   4.645   0.651310E+04 -0.218437E+04
  2.200   4.645   0.778300E+04 -0.261943E+04
  2.200   4.645   0.881777E+04 -0.297778E+04
  2.200   4.645   0.958229E+04 -0.324517E+04
  2.200   4.645   0.100506E+05 -0.341093E+04
  2.200   4.645   0.102072E+05 -0.346846E+04
  2.200   4.645   0.100477E+05 -0.341522E+04
  2.200   4.645   0.957864E+04 -0.325271E+04
  2.200   4.645   0.881690E+04 -0.298670E+04
  2.200   4.645   0.778871E+04 -0.262744E+04
  2.200   4.645   0.652819E+04 -0.218929E+04
  2.200   4.645   0.507568E+04 -0.168944E+04
  2.200   4.645   0.347592E+04 -0.114587E+04
  2.200   4.645   0.177622E+04 -0.575432E+03
  2.300   4.749   0.227747E+02  0.565082E+01
  2.300   4.749  -0.161191E+04  0.686483E+03
  2.300   4.749  -0.320366E+04  0.135066E+04
  2.300   4.749  -0.470652E+04  0.198093E+04
  2.300   4.749  -0.607434E+04  0.255819E+04
  2.300   4.749  -0.726268E+04  0.306265E+04
  2.300   4.749  -0.823140E+04  0.347591E+04
  2.300   4.749  -0.894721E+04  0.378288E+04
  2.300   4.749  -0.938558E+04  0.397270E+04
  2.300   4.749  -0.953189E+04  0.403871E+04
  2.300   4.749  -0.938197E+04  0.397811E+04
  2.300   4.749  -0.894196E+04  0.379193E+04
  2.300   4.749  -0.822783E+04  0.348565E+04
  2.300   4.749  -0.726449E+04  0.306994E+04
  2.300   4.749  -0.608445E+04  0.256067E+04
  2.300   4.749  -0.472622E+04  0.197774E+04
  2.300   4.749  -0.323228E+04  0.134264E+04
  2.300   4.749  -0.164699E+04  0.675810E+03
  2.300   4.749  -0.150730E+02 -0.486551E+01
  2.300   4.749   0.161885E+04 -0.683784E+03
  2.300   4.749   0.320986E+04 -0.134589E+04
  2.300   4.749   0.471226E+04 -0.197479E+04
  2.300   4.749   0.608014E+04 -0.255197E+04
  2.300   4.749   0.726908E+04 -0.305770E+04
  2.300   4.749   0.823878E+04 -0.347309E+04
  2.300   4.749   0.895565E+04 -0.378222E+04
  2.300   4.749   0.939485E+04 -0.397346E+04
  2.300   4.749   0.954157E+04 -0.403974E+04
  2.300   4.749   0.939160E+04 -0.397838E+04
  2.300   4.749   0.895124E+04 -0.379097E+04
  2.300   4.749   0.823670E+04 -0.348368E+04
  2.300   4.749   0.727305E+04 -0.306770E+04
  2.300   4.749   0.609290E+04 -0.255902E+04
  2.300   4.749   0.473470E+04 -0.197715E+04
  2.300   4.749   0.324075E+04 -0.134290E+04
  2.300   4.749   0.165522E+04 -0.676096E+03
  2.400   4.851   0.210659E+02  0.432937E+01
  2.400   4.851  -0.149204E+04  0.776990E+03
  2.400   4.851  -0.296667E+04  0.153045E+04
  2.400   4.851  -0.436090E+04  0.224474E+04
  2.400   4.851  -0.563183E+04  0.289793E+04
  2.400   4.851  -0.673750E+04  0.346756E+04
  2.400   4.851  -0.763974E+04  0.393314E+04
  2.400   4.851  -0.830682E+04  0.427819E+04
  2.400   4.851  -0.871538E+04  0.449117E+04
  2.400   4.851  -0.885159E+04  0.456515E+04
  2.400   4.851  -0.871148E+04  0.449726E+04
  2.400   4.851  -0.830094E+04  0.428853E+04
  2.400   4.851  -0.763516E+04  0.394461E+04
  2.400   4.851  -0.673784E+04  0.347681E+04
  2.400   4.851  -0.563998E+04  0.290243E+04
  2.400   4.851  -0.437818E+04  0.224353E+04
  2.400   4.851  -0.299248E+04  0.152428E+04
  2.400   4.851  -0.152407E+04  0.768032E+03
  2.400   4.851  -0.136896E+02 -0.459366E+01
  2.400   4.851   0.149859E+04 -0.775421E+03
  2.400   4.851   0.297241E+04 -0.152686E+04
  2.400   4.851   0.436614E+04 -0.223982E+04
  2.400   4.851   0.563709E+04 -0.289300E+04
  2.400   4.851   0.674337E+04 -0.346403E+04
  2.400   4.851   0.764658E+04 -0.393187E+04
  2.400   4.851   0.831468E+04 -0.427917E+04
  2.400   4.851   0.872401E+04 -0.449356E+04
  2.400   4.851   0.886053E+04 -0.456769E+04
  2.400   4.851   0.872032E+04 -0.449882E+04
  2.400   4.851   0.830940E+04 -0.428858E+04
  2.400   4.851   0.764322E+04 -0.394339E+04
  2.400   4.851   0.674569E+04 -0.347517E+04
  2.400   4.851   0.564786E+04 -0.290132E+04
  2.400   4.851   0.438622E+04 -0.224353E+04
  2.400   4.851   0.300062E+04 -0.152529E+04
  2.400   4.851   0.153201E+04 -0.769231E+03
  2.500   4.951   0.190782E+02  0.322992E+01
  2.500   4.951  -0.136922E+04  0.858699E+03
  2.500   4.951  -0.272343E+04  0.169276E+04
  2.500   4.951  -0.400566E+04  0.248302E+04
  2.500   4.951  -0.517629E+04  0.320490E+04
  2.500   4.951  -0.619601E+04  0.383348E+04
  2.500   4.951  -0.702878E+04  0.434626E+04
  2.500   4.951  -0.764471E+04  0.472556E+04
  2.500   4.951  -0.802195E+04  0.495927E+04
  2.500   4.951  -0.814763E+04  0.504034E+04
  2.500   4.951  -0.801810E+04  0.496586E+04
  2.500   4.951  -0.763883E+04  0.473682E+04
  2.500   4.951  -0.702396E+04  0.435894E+04
  2.500   4.951  -0.619569E+04  0.384407E+04
  2.500   4.951  -0.518319E+04  0.321075E+04
  2.500   4.951  -0.402096E+04  0.248307E+04
  2.500   4.951  -0.274657E+04  0.168779E+04
  2.500   4.951  -0.139805E+04  0.850890E+03
  2.500   4.951  -0.122406E+02 -0.453422E+01
  2.500   4.951   0.137526E+04 -0.858098E+03
  2.500   4.951   0.272865E+04 -0.169003E+04
  2.500   4.951   0.401036E+04 -0.247886E+04
  2.500   4.951   0.518101E+04 -0.320071E+04
  2.500   4.951   0.620130E+04 -0.383073E+04
  2.500   4.951   0.703501E+04 -0.434587E+04
  2.500   4.951   0.765192E+04 -0.472748E+04
  2.500   4.951   0.802987E+04 -0.496259E+04
  2.500   4.951   0.815577E+04 -0.504373E+04
  2.500   4.951   0.802603E+04 -0.496813E+04
  2.500   4.951   0.764630E+04 -0.473744E+04
  2.500   4.951   0.703100E+04 -0.435821E+04
  2.500   4.951   0.620254E+04 -0.384291E+04
  2.500   4.951   0.519013E+04 -0.321023E+04
  2.500   4.951   0.402817E+04 -0.248384E+04
  2.500   4.951   0.275398E+04 -0.168972E+04
  2.500   4.951   0.140538E+04 -0.853115E+03
  2.600   5.049   0.173100E+02  0.213676E+01
  2.600   5.049  -0.124458E+04  0.931239E+03
  2.600   5.049  -0.247687E+04  0.183709E+04
  2.600   5.049  -0.364567E+04  0.269510E+04
  2.600   5.049  -0.471464E+04  0.347825E+04
  2.600   5.049  -0.564701E+04  0.415925E+04
  2.600   5.049  -0.640896E+04  0.471381E+04
  2.600   5.049  -0.697260E+04  0.512320E+04
  2.600   5.049  -0.731772E+04  0.537499E+04
  2.600   5.049  -0.743256E+04  0.546216E+04
  2.600   5.049  -0.731383E+04  0.538184E+04
  2.600   5.049  -0.696655E+04  0.513494E+04
  2.600   5.049  -0.640371E+04  0.472715E+04
  2.600   5.049  -0.564582E+04  0.417064E+04
  2.600   5.049  -0.472012E+04  0.348501E+04
  2.600   5.049  -0.365899E+04  0.269619E+04
  2.600   5.049  -0.249748E+04  0.183328E+04
  2.600   5.049  -0.127051E+04  0.924689E+03
  2.600   5.049  -0.109699E+02 -0.431685E+01
  2.600   5.049   0.125011E+04 -0.931462E+03
  2.600   5.049   0.248153E+04 -0.183508E+04
  2.600   5.049   0.364978E+04 -0.269159E+04
  2.600   5.049   0.471873E+04 -0.347469E+04
  2.600   5.049   0.565166E+04 -0.415719E+04
  2.600   5.049   0.641456E+04 -0.471419E+04
  2.600   5.049   0.697916E+04 -0.512596E+04
  2.600   5.049   0.732492E+04 -0.537916E+04
  2.600   5.049   0.743990E+04 -0.546631E+04
  2.600   5.049   0.732087E+04 -0.538474E+04
  2.600   5.049   0.697306E+04 -0.513605E+04
  2.600   5.049   0.640976E+04 -0.472680E+04
  2.600   5.049   0.565172E+04 -0.416984E+04
  2.600   5.049   0.472622E+04 -0.348492E+04
  2.600   5.049   0.366549E+04 -0.269753E+04
  2.600   5.049   0.250430E+04 -0.183594E+04
  2.600   5.049   0.127732E+04 -0.927760E+03
  2.700   5.146   0.151042E+02  0.149664E+01
  2.700   5.146  -0.111884E+04  0.994292E+03
  2.700   5.146  -0.222760E+04  0.196236E+04
  2.700   5.146  -0.328144E+04  0.287924E+04
  2.700   5.146  -0.424725E+04  0.371574E+04
  2.700   5.146  -0.509087E+04  0.444238E+04
  2.700   5.146  -0.578075E+04  0.503319E+04
  2.700   5.146  -0.629110E+04  0.546855E+04
  2.700   5.146  -0.660353E+04  0.573583E+04
  2.700   5.146  -0.670750E+04  0.582818E+04
  2.700   5.146  -0.660011E+04  0.574283E+04
  2.700   5.146  -0.628580E+04  0.548058E+04
  2.700   5.146  -0.577619E+04  0.504693E+04
  2.700   5.146  -0.508990E+04  0.445425E+04
  2.700   5.146  -0.425211E+04  0.372302E+04
  2.700   5.146  -0.329304E+04  0.288087E+04
  2.700   5.146  -0.224542E+04  0.195910E+04
  2.700   5.146  -0.114116E+04  0.988334E+03
  2.700   5.146  -0.927023E+01 -0.431707E+01
  2.700   5.146   0.112384E+04 -0.995079E+03
  2.700   5.146   0.223168E+04 -0.196081E+04
  2.700   5.146   0.328490E+04 -0.287611E+04
  2.700   5.146   0.425067E+04 -0.371254E+04
  2.700   5.146   0.509487E+04 -0.444072E+04
  2.700   5.146   0.578573E+04 -0.503403E+04
  2.700   5.146   0.629705E+04 -0.547181E+04
  2.700   5.146   0.661010E+04 -0.574048E+04
  2.700   5.146   0.671414E+04 -0.583275E+04
  2.700   5.146   0.660633E+04 -0.574605E+04
  2.700   5.146   0.629137E+04 -0.548191E+04
  2.700   5.146   0.578123E+04 -0.504678E+04
  2.700   5.146   0.509479E+04 -0.445368E+04
  2.700   5.146   0.425727E+04 -0.372326E+04
  2.700   5.146   0.329874E+04 -0.288267E+04
  2.700   5.146   0.225158E+04 -0.196235E+04
  2.700   5.146   0.114742E+04 -0.992058E+03
  2.800   5.240   0.131603E+02  0.681918E+00
  2.800   5.240  -0.992307E+03  0.104676E+04
  2.800   5.240  -0.197704E+04  0.206708E+04
  2.800   5.240  -0.291532E+04  0.303367E+04
  2.800   5.240  -0.377724E+04  0.391535E+04
  2.800   5.240  -0.453120E+04  0.468064E+04
  2.800   5.240  -0.514799E+04  0.530200E+04
  2.800   5.240  -0.560406E+04  0.575907E+04
  2.800   5.240  -0.588307E+04  0.603918E+04
  2.800   5.240  -0.597587E+04  0.613573E+04
  2.800   5.240  -0.588001E+04  0.604612E+04
  2.800   5.240  -0.559931E+04  0.577102E+04
  2.800   5.240  -0.514389E+04  0.531570E+04
  2.800   5.240  -0.453030E+04  0.469255E+04
  2.800   5.240  -0.378146E+04  0.392284E+04
  2.800   5.240  -0.292537E+04  0.303572E+04
  2.800   5.240  -0.199238E+04  0.206449E+04
  2.800   5.240  -0.101148E+04  0.104170E+04
  2.800   5.240  -0.781065E+01 -0.407795E+01
  2.800   5.240   0.996814E+03 -0.104800E+04
  2.800   5.240   0.198059E+04 -0.206587E+04
  2.800   5.240   0.291825E+04 -0.303081E+04
  2.800   5.240   0.378014E+04 -0.391243E+04
  2.800   5.240   0.453471E+04 -0.467934E+04
  2.800   5.240   0.515250E+04 -0.530332E+04
  2.800   5.240   0.560955E+04 -0.576288E+04
  2.800   5.240   0.588913E+04 -0.604436E+04
  2.800   5.240   0.598190E+04 -0.614074E+04
  2.800   5.240   0.588551E+04 -0.604966E+04
  2.800   5.240   0.560407E+04 -0.577256E+04
  2.800   5.240   0.514807E+04 -0.531568E+04
  2.800   5.240   0.453434E+04 -0.469217E+04
  2.800   5.240   0.378584E+04 -0.392339E+04
  2.800   5.240   0.293039E+04 -0.303799E+04
  2.800   5.240   0.199797E+04 -0.206833E+04
  2.800   5.240   0.101723E+04 -0.104605E+04
  2.900   5.333   0.115661E+02 -0.583130E-01
  2.900   5.333  -0.865267E+03  0.108871E+04
  2.900   5.333  -0.172597E+04  0.215121E+04
  2.900   5.333  -0.254886E+04  0.315827E+04
  2.900   5.333  -0.330704E+04  0.407699E+04
  2.900   5.333  -0.397131E+04  0.487397E+04
  2.900   5.333  -0.451474E+04  0.552024E+04
  2.900   5.333  -0.491615E+04  0.599480E+04
  2.900   5.333  -0.516136E+04  0.628507E+04
  2.900   5.333  -0.524280E+04  0.638486E+04
  2.900   5.333  -0.515853E+04  0.629180E+04
  2.900   5.333  -0.491173E+04  0.600639E+04
  2.900   5.333  -0.451085E+04  0.553356E+04
  2.900   5.333  -0.397022E+04  0.488566E+04
  2.900   5.333  -0.331046E+04  0.408453E+04
  2.900   5.333  -0.255740E+04  0.316074E+04
  2.900   5.333  -0.173913E+04  0.214938E+04
  2.900   5.333  -0.881778E+03  0.108466E+04
  2.900   5.333  -0.660291E+01 -0.376622E+01
  2.900   5.333   0.869310E+03 -0.109041E+04
  2.900   5.333   0.172896E+04 -0.215041E+04
  2.900   5.333   0.255115E+04 -0.315577E+04
  2.900   5.333   0.330929E+04 -0.407441E+04
  2.900   5.333   0.397421E+04 -0.487301E+04
  2.900   5.333   0.451871E+04 -0.552193E+04
  2.900   5.333   0.492114E+04 -0.599900E+04
  2.900   5.333   0.516690E+04 -0.629064E+04
  2.900   5.333   0.524823E+04 -0.639021E+04
  2.900   5.333   0.516330E+04 -0.629558E+04
  2.900   5.333   0.491563E+04 -0.600808E+04
  2.900   5.333   0.451411E+04 -0.553364E+04
  2.900   5.333   0.397338E+04 -0.488532E+04
  2.900   5.333   0.331408E+04 -0.408515E+04
  2.900   5.333   0.256182E+04 -0.316315E+04
  2.900   5.333   0.174426E+04 -0.215346E+04
  2.900   5.333   0.887147E+03 -0.108936E+04
  3.000   5.424   0.997939E+01 -0.675730E+00
  3.000   5.424  -0.738967E+03  0.112017E+04
  3.000   5.424  -0.147639E+04  0.221463E+04
  3.000   5.424  -0.218458E+04  0.325274E+04
  3.000   5.424  -0.283954E+04  0.420012E+04
  3.000   5.424  -0.341439E+04  0.502165E+04
  3.000   5.424  -0.388444E+04  0.568708E+04
  3.000   5.424  -0.423097E+04  0.617488E+04
  3.000   5.424  -0.444219E+04  0.647268E+04
  3.000   5.424  -0.451222E+04  0.657478E+04
  3.000   5.424  -0.443970E+04  0.647907E+04
  3.000   5.424  -0.422708E+04  0.618588E+04
  3.000   5.424  -0.388099E+04  0.569974E+04
  3.000   5.424  -0.341339E+04  0.503279E+04
  3.000   5.424  -0.284243E+04  0.420738E+04
  3.000   5.424  -0.219181E+04  0.325532E+04
  3.000   5.424  -0.148747E+04  0.221332E+04
  3.000   5.424  -0.752850E+03  0.111694E+04
  3.000   5.424  -0.539211E+01 -0.343060E+01
  3.000   5.424   0.742558E+03 -0.112211E+04
  3.000   5.424   0.147884E+04 -0.221404E+04
  3.000   5.424   0.218625E+04 -0.325042E+04
  3.000   5.424   0.284118E+04 -0.419770E+04
  3.000   5.424   0.341675E+04 -0.502088E+04
  3.000   5.424   0.388795E+04 -0.568896E+04
  3.000   5.424   0.423557E+04 -0.617927E+04
  3.000   5.424   0.444732E+04 -0.647841E+04
  3.000   5.424   0.451715E+04 -0.658024E+04
  3.000   5.424   0.444382E+04 -0.648292E+04
  3.000   5.424   0.423020E+04 -0.618761E+04
  3.000   5.424   0.388340E+04 -0.569983E+04
  3.000   5.424   0.341570E+04 -0.503250E+04
  3.000   5.424   0.284532E+04 -0.420811E+04
  3.000   5.424   0.219564E+04 -0.325791E+04
  3.000   5.424   0.149216E+04 -0.221765E+04
  3.000   5.424   0.757852E+03 -0.112192E+04
