  0.000   0.000   0.000000E+00  0.000000E+00
  0.000   0.000   0.000000E+00  0.000000E+00
  0.000   0.000   0.000000E+00  0.000000E+00
  0.000   0.000   0.000000E+00  0.000000E+00
  0.000   0.000   0.000000E+00  0.000000E+00
  0.000   0.000   0.000000E+00  0.000000E+00
  0.000   0.000   0.000000E+00  0.000000E+00
  0.000   0.000   0.000000E+00  0.000000E+00
  0.000   0.000   0.000000E+00  0.000000E+00
  0.000   0.000   0.000000E+00  0.000000E+00
  0.000   0.000   0.000000E+00  0.000000E+00
  0.000   0.000   0.000000E+00  0.000000E+00
  0.000   0.000   0.000000E+00  0.000000E+00
  0.000   0.000   0.000000E+00  0.000000E+00
  0.000   0.000   0.000000E+00  0.000000E+00
  0.000   0.000   0.000000E+00  0.000000E+00
  0.000   0.000   0.000000E+00  0.000000E+00
  0.000   0.000   0.000000E+00  0.000000E+00
  0.000   0.000   0.000000E+00  0.000000E+00
  0.000   0.000   0.000000E+00  0.000000E+00
  0.000   0.000   0.000000E+00  0.000000E+00
  0.000   0.000   0.000000E+00  0.000000E+00
  0.000   0.000   0.000000E+00  0.000000E+00
  0.000   0.000   0.000000E+00  0.000000E+00
  0.000   0.000   0.000000E+00  0.000000E+00
  0.000   0.000   0.000000E+00  0.000000E+00
  0.000   0.000   0.000000E+00  0.000000E+00
  0.000   0.000   0.000000E+00  0.000000E+00
  0.000   0.000   0.000000E+00  0.000000E+00
  0.000   0.000   0.000000E+00  0.000000E+00
  0.000   0.000   0.000000E+00  0.000000E+00
  0.000   0.000   0.000000E+00  0.000000E+00
  0.000   0.000   0.000000E+00  0.000000E+00
  0.000   0.000   0.000000E+00  0.000000E+00
  0.000   0.000   0.000000E+00  0.000000E+00
  0.000   0.000   0.000000E+00  0.000000E+00
 -1.000  -1.000            NaN           NaN
 -1.000  -1.000            NaN           NaN
 -1.000  -1.000            NaN           NaN
 -1.000  -1.000            NaN           NaN
 -1.000  -1.000            NaN           NaN
 -1.000  -1.000            NaN           NaN
 -1.000  -1.000            NaN           NaN
 -1.000  -1.000            NaN           NaN
 -1.000  -1.000            NaN           NaN
 -1.000  -1.000            NaN           NaN
 -1.000  -1.000            NaN           NaN
 -1.000  -1.000            NaN           NaN
 -1.000  -1.000            NaN           NaN
 -1.000  -1.000            NaN           NaN
 -1.000  -1.000            NaN           NaN
 -1.000  -1.000            NaN           NaN
 -1.000  -1.000            NaN           NaN
 -1.000  -1.000            NaN           NaN
 -1.000  -1.000            NaN           NaN
 -1.000  -1.000            NaN           NaN
 -1.000  -1.000            NaN           NaN
 -1.000  -1.000            NaN           NaN
 -1.000  -1.000            NaN           NaN
 -1.000  -1.000            NaN           NaN
 -1.000  -1.000            NaN           NaN
 -1.000  -1.000            NaN           NaN
 -1.000  -1.000            NaN           NaN
 -1.000  -1.000            NaN           NaN
 -1.000  -1.000            NaN           NaN
 -1.000  -1.000            NaN           NaN
 -1.000  -1.000            NaN           NaN
 -1.000  -1.000            NaN           NaN
 -1.000  -1.000            NaN           NaN
 -1.000  -1.000            NaN           NaN
 -1.000  -1.000            NaN           NaN
 -1.000  -1.000            NaN           NaN
  0.120   0.990   0.989708E+01  0.396990E+02
  0.120   0.990   0.719283E+02  0.397557E+02
  0.120   0.990   0.131791E+03  0.398077E+02
  0.120   0.990   0.187668E+03  0.398530E+02
  0.120   0.990   0.237862E+03  0.398902E+02
  0.120   0.990   0.280850E+03  0.399183E+02
  0.120   0.990   0.315323E+03  0.399371E+02
  0.120   0.990   0.340233E+03  0.399469E+02
  0.120   0.990   0.354822E+03  0.399483E+02
  0.120   0.990   0.358644E+03  0.399422E+02
  0.120   0.990   0.351582E+03  0.399296E+02
  0.120   0.990   0.333851E+03  0.399116E+02
  0.120   0.990   0.305989E+03  0.398891E+02
  0.120   0.990   0.268845E+03  0.398627E+02
  0.120   0.990   0.223549E+03  0.398332E+02
  0.120   0.990   0.171480E+03  0.398006E+02
  0.120   0.990   0.114220E+03  0.397654E+02
  0.120   0.990   0.535093E+02  0.397276E+02
  0.120   0.990  -0.880751E+01  0.396874E+02
  0.120   0.990  -0.708388E+02  0.396453E+02
  0.120   0.990  -0.130701E+03  0.396017E+02
  0.120   0.990  -0.186578E+03  0.395578E+02
  0.120   0.990  -0.236773E+03  0.395146E+02
  0.120   0.990  -0.279760E+03  0.394738E+02
  0.120   0.990  -0.314233E+03  0.394372E+02
  0.120   0.990  -0.339144E+03  0.394068E+02
  0.120   0.990  -0.353733E+03  0.393844E+02
  0.120   0.990  -0.357555E+03  0.393716E+02
  0.120   0.990  -0.350493E+03  0.393697E+02
  0.120   0.990  -0.332761E+03  0.393794E+02
  0.120   0.990  -0.304900E+03  0.394007E+02
  0.120   0.990  -0.267756E+03  0.394330E+02
  0.120   0.990  -0.222460E+03  0.394752E+02
  0.120   0.990  -0.170390E+03  0.395253E+02
  0.120   0.990  -0.113130E+03  0.395811E+02
  0.120   0.990  -0.524198E+02  0.396399E+02
  0.207   1.400   0.167705E+02  0.350874E+02
  0.207   1.400   0.108588E+03  0.354934E+02
  0.207   1.400   0.197156E+03  0.358777E+02
  0.207   1.400   0.279793E+03  0.362275E+02
  0.207   1.400   0.353993E+03  0.365319E+02
  0.207   1.400   0.417503E+03  0.367824E+02
  0.207   1.400   0.468390E+03  0.369729E+02
  0.207   1.400   0.505100E+03  0.371001E+02
  0.207   1.400   0.526510E+03  0.371627E+02
  0.207   1.400   0.531959E+03  0.371615E+02
  0.207   1.400   0.521277E+03  0.370989E+02
  0.207   1.400   0.494788E+03  0.369786E+02
  0.207   1.400   0.453298E+03  0.368053E+02
  0.207   1.400   0.398077E+03  0.365842E+02
  0.207   1.400   0.330810E+03  0.363214E+02
  0.207   1.400   0.253551E+03  0.360234E+02
  0.207   1.400   0.168653E+03  0.356969E+02
  0.207   1.400   0.786959E+02  0.353496E+02
  0.207   1.400  -0.135896E+02  0.349893E+02
  0.207   1.400  -0.105407E+03  0.346245E+02
  0.207   1.400  -0.193975E+03  0.342644E+02
  0.207   1.400  -0.276612E+03  0.339187E+02
  0.207   1.400  -0.350812E+03  0.335977E+02
  0.207   1.400  -0.414322E+03  0.333118E+02
  0.207   1.400  -0.465209E+03  0.330715E+02
  0.207   1.400  -0.501920E+03  0.328863E+02
  0.207   1.400  -0.523329E+03  0.327647E+02
  0.207   1.400  -0.528778E+03  0.327129E+02
  0.207   1.400  -0.518097E+03  0.327351E+02
  0.207   1.400  -0.491607E+03  0.328321E+02
  0.207   1.400  -0.450117E+03  0.330021E+02
  0.207   1.400  -0.394896E+03  0.332399E+02
  0.207   1.400  -0.327629E+03  0.335376E+02
  0.207   1.400  -0.250370E+03  0.338845E+02
  0.207   1.400  -0.165472E+03  0.342680E+02
  0.207   1.400  -0.755149E+02  0.346739E+02
  0.301   1.715   0.238232E+02  0.311879E+02
  0.301   1.715   0.137789E+03  0.327383E+02
  0.301   1.715   0.247664E+03  0.342197E+02
  0.301   1.715   0.350136E+03  0.355847E+02
  0.301   1.715   0.442108E+03  0.367912E+02
  0.301   1.715   0.520790E+03  0.378039E+02
  0.301   1.715   0.583778E+03  0.385952E+02
  0.301   1.715   0.629139E+03  0.391458E+02
  0.301   1.715   0.655464E+03  0.394444E+02
  0.301   1.715   0.661931E+03  0.394873E+02
  0.301   1.715   0.648324E+03  0.392779E+02
  0.301   1.715   0.615053E+03  0.388260E+02
  0.301   1.715   0.563141E+03  0.381472E+02
  0.301   1.715   0.494187E+03  0.372622E+02
  0.301   1.715   0.410313E+03  0.361967E+02
  0.301   1.715   0.314093E+03  0.349800E+02
  0.301   1.715   0.208469E+03  0.336453E+02
  0.301   1.715   0.966536E+02  0.322283E+02
  0.301   1.715  -0.179673E+02  0.307666E+02
  0.301   1.715  -0.131933E+03  0.292998E+02
  0.301   1.715  -0.241808E+03  0.278681E+02
  0.301   1.715  -0.344280E+03  0.265122E+02
  0.301   1.715  -0.436253E+03  0.252727E+02
  0.301   1.715  -0.514934E+03  0.241887E+02
  0.301   1.715  -0.577923E+03  0.232967E+02
  0.301   1.715  -0.623284E+03  0.226289E+02
  0.301   1.715  -0.649609E+03  0.222114E+02
  0.301   1.715  -0.656076E+03  0.220626E+02
  0.301   1.715  -0.642469E+03  0.221917E+02
  0.301   1.715  -0.609198E+03  0.225981E+02
  0.301   1.715  -0.557286E+03  0.232710E+02
  0.301   1.715  -0.488331E+03  0.241896E+02
  0.301   1.715  -0.404457E+03  0.253244E+02
  0.301   1.715  -0.308238E+03  0.266378E+02
  0.301   1.715  -0.202613E+03  0.280857E+02
  0.301   1.715  -0.907976E+02  0.296196E+02
  0.400   1.981   0.303360E+02  0.280301E+02
  0.400   1.981   0.157123E+03  0.319038E+02
  0.400   1.981   0.279283E+03  0.356180E+02
  0.400   1.981   0.393164E+03  0.390560E+02
  0.400   1.981   0.495342E+03  0.421117E+02
  0.400   1.981   0.582719E+03  0.446941E+02
  0.400   1.981   0.652615E+03  0.467296E+02
  0.400   1.981   0.702854E+03  0.481638E+02
  0.400   1.981   0.731846E+03  0.489617E+02
  0.400   1.981   0.738652E+03  0.491077E+02
  0.400   1.981   0.723029E+03  0.486048E+02
  0.400   1.981   0.685442E+03  0.474738E+02
  0.400   1.981   0.627060E+03  0.457523E+02
  0.400   1.981   0.549706E+03  0.434934E+02
  0.400   1.981   0.455797E+03  0.407643E+02
  0.400   1.981   0.348243E+03  0.376442E+02
  0.400   1.981   0.230352E+03  0.342222E+02
  0.400   1.981   0.105713E+03  0.305946E+02
  0.400   1.981  -0.219128E+02  0.268624E+02
  0.400   1.981  -0.148700E+03  0.231298E+02
  0.400   1.981  -0.270861E+03  0.195016E+02
  0.400   1.981  -0.384741E+03  0.160824E+02
  0.400   1.981  -0.486920E+03  0.129743E+02
  0.400   1.981  -0.574298E+03  0.102741E+02
  0.400   1.981  -0.644194E+03  0.807087E+01
  0.400   1.981  -0.694433E+03  0.644126E+01
  0.400   1.981  -0.723425E+03  0.544579E+01
  0.400   1.981  -0.730232E+03  0.512494E+01
  0.400   1.981  -0.714608E+03  0.549638E+01
  0.400   1.981  -0.677021E+03  0.655353E+01
  0.400   1.981  -0.618638E+03  0.826559E+01
  0.400   1.981  -0.541285E+03  0.105790E+02
  0.400   1.981  -0.447374E+03  0.134195E+02
  0.400   1.981  -0.339820E+03  0.166957E+02
  0.400   1.981  -0.221929E+03  0.203016E+02
  0.400   1.981  -0.972899E+02  0.241208E+02
  0.500   2.214   0.359217E+02  0.256937E+02
  0.500   2.214   0.165748E+03  0.330686E+02
  0.500   2.214   0.290743E+03  0.401503E+02
  0.500   2.214   0.407221E+03  0.467188E+02
  0.500   2.214   0.511713E+03  0.525721E+02
  0.500   2.214   0.601053E+03  0.575340E+02
  0.500   2.214   0.672474E+03  0.614593E+02
  0.500   2.214   0.723706E+03  0.642374E+02
  0.500   2.214   0.753071E+03  0.657949E+02
  0.500   2.214   0.759565E+03  0.660956E+02
  0.500   2.214   0.742922E+03  0.651406E+02
  0.500   2.214   0.703635E+03  0.629672E+02
  0.500   2.214   0.642946E+03  0.596473E+02
  0.500   2.214   0.562800E+03  0.552854E+02
  0.500   2.214   0.465754E+03  0.500146E+02
  0.500   2.214   0.354870E+03  0.439923E+02
  0.500   2.214   0.233592E+03  0.373948E+02
  0.500   2.214   0.105616E+03  0.304111E+02
  0.500   2.214  -0.252213E+02  0.232381E+02
  0.500   2.214  -0.155048E+03  0.160762E+02
  0.500   2.214  -0.280043E+03  0.912673E+01
  0.500   2.214  -0.396522E+03  0.258897E+01
  0.500   2.214  -0.501015E+03 -0.334268E+01
  0.500   2.214  -0.590356E+03 -0.848322E+01
  0.500   2.214  -0.661778E+03 -0.126633E+02
  0.500   2.214  -0.713011E+03 -0.157372E+02
  0.500   2.214  -0.742375E+03 -0.175911E+02
  0.500   2.214  -0.748870E+03 -0.181508E+02
  0.500   2.214  -0.732227E+03 -0.173870E+02
  0.500   2.214  -0.692939E+03 -0.153178E+02
  0.500   2.214  -0.632249E+03 -0.120073E+02
  0.500   2.214  -0.552102E+03 -0.756258E+01
  0.500   2.214  -0.455055E+03 -0.212758E+01
  0.500   2.214  -0.344171E+03  0.412294E+01
  0.500   2.214  -0.222892E+03  0.109899E+02
  0.500   2.214  -0.949158E+02  0.182564E+02
  0.600   2.426   0.404461E+02  0.239443E+02
  0.600   2.426   0.164235E+03  0.356022E+02
  0.600   2.426   0.283306E+03  0.468074E+02
  0.600   2.426   0.394232E+03  0.572170E+02
  0.600   2.426   0.493756E+03  0.665125E+02
  0.600   2.426   0.578867E+03  0.744108E+02
  0.600   2.426   0.646883E+03  0.806738E+02
  0.600   2.426   0.695565E+03  0.851166E+02
  0.600   2.426   0.723229E+03  0.876122E+02
  0.600   2.426   0.728847E+03  0.880951E+02
  0.600   2.426   0.712133E+03  0.865620E+02
  0.600   2.426   0.673575E+03  0.830715E+02
  0.600   2.426   0.614432E+03  0.777417E+02
  0.600   2.426   0.536671E+03  0.707462E+02
  0.600   2.426   0.442864E+03  0.623065E+02
  0.600   2.426   0.336057E+03  0.526823E+02
  0.600   2.426   0.219618E+03  0.421610E+02
  0.600   2.426   0.971035E+02  0.310460E+02
  0.600   2.426  -0.278578E+02  0.196488E+02
  0.600   2.426  -0.151648E+03  0.828312E+01
  0.600   2.426  -0.270720E+03 -0.273788E+01
  0.600   2.426  -0.381646E+03 -0.131033E+02
  0.600   2.426  -0.481172E+03 -0.225071E+02
  0.600   2.426  -0.566284E+03 -0.306545E+02
  0.600   2.426  -0.634301E+03 -0.372726E+02
  0.600   2.426  -0.682984E+03 -0.421246E+02
  0.600   2.426  -0.710647E+03 -0.450253E+02
  0.600   2.426  -0.716265E+03 -0.458557E+02
  0.600   2.426  -0.699550E+03 -0.445723E+02
  0.600   2.426  -0.660991E+03 -0.412110E+02
  0.600   2.426  -0.601846E+03 -0.358839E+02
  0.600   2.426  -0.524084E+03 -0.287715E+02
  0.600   2.426  -0.430276E+03 -0.201107E+02
  0.600   2.426  -0.323469E+03 -0.101833E+02
  0.600   2.426  -0.207029E+03  0.696065E+00
  0.600   2.426  -0.845148E+02  0.121894E+02
  0.700   2.620   0.437849E+02  0.226414E+02
  0.700   2.620   0.153628E+03  0.386644E+02
  0.700   2.620   0.259156E+03  0.540800E+02
  0.700   2.620   0.357458E+03  0.684282E+02
  0.700   2.620   0.445724E+03  0.812722E+02
  0.700   2.620   0.521278E+03  0.922145E+02
  0.700   2.620   0.581673E+03  0.100912E+03
  0.700   2.620   0.624799E+03  0.107091E+03
  0.700   2.620   0.649026E+03  0.110558E+03
  0.700   2.620   0.653333E+03  0.111210E+03
  0.700   2.620   0.637410E+03  0.109035E+03
  0.700   2.620   0.601716E+03  0.104119E+03
  0.700   2.620   0.547471E+03  0.966373E+02
  0.700   2.620   0.476592E+03  0.868476E+02
  0.700   2.620   0.391562E+03  0.750778E+02
  0.700   2.620   0.295268E+03  0.617056E+02
  0.700   2.620   0.190829E+03  0.471388E+02
  0.700   2.620   0.814420E+02  0.317974E+02
  0.700   2.620  -0.297201E+02  0.161009E+02
  0.700   2.620  -0.139566E+03  0.464207E+00
  0.700   2.620  -0.245096E+03 -0.147007E+02
  0.700   2.620  -0.343400E+03 -0.289806E+02
  0.700   2.620  -0.431666E+03 -0.419599E+02
  0.700   2.620  -0.507222E+03 -0.532270E+02
  0.700   2.620  -0.567616E+03 -0.623913E+02
  0.700   2.620  -0.610741E+03 -0.691068E+02
  0.700   2.620  -0.634966E+03 -0.731003E+02
  0.700   2.620  -0.639270E+03 -0.741963E+02
  0.700   2.620  -0.623345E+03 -0.723341E+02
  0.700   2.620  -0.587647E+03 -0.675730E+02
  0.700   2.620  -0.533401E+03 -0.600866E+02
  0.700   2.620  -0.462520E+03 -0.501465E+02
  0.700   2.620  -0.377490E+03 -0.381009E+02
  0.700   2.620  -0.281197E+03 -0.243523E+02
  0.700   2.620  -0.176759E+03 -0.933840E+01
  0.700   2.620  -0.673748E+02  0.648260E+01
  0.800   2.801   0.458968E+02  0.215980E+02
  0.800   2.801   0.135450E+03  0.412542E+02
  0.800   2.801   0.221336E+03  0.601927E+02
  0.800   2.801   0.301376E+03  0.778707E+02
  0.800   2.801   0.373385E+03  0.937557E+02
  0.800   2.801   0.435178E+03  0.107343E+03
  0.800   2.801   0.484643E+03  0.118182E+03
  0.800   2.801   0.519877E+03  0.125898E+03
  0.800   2.801   0.539346E+03  0.130220E+03
  0.800   2.801   0.542049E+03  0.130995E+03
  0.800   2.801   0.527650E+03  0.128202E+03
  0.800   2.801   0.496553E+03  0.121954E+03
  0.800   2.801   0.449902E+03  0.112495E+03
  0.800   2.801   0.389504E+03  0.100181E+03
  0.800   2.801   0.317675E+03  0.854593E+02
  0.800   2.801   0.237042E+03  0.688322E+02
  0.800   2.801   0.150337E+03  0.508223E+02
  0.800   2.801   0.602258E+02  0.319440E+02
  0.800   2.801  -0.307802E+02  0.126886E+02
  0.800   2.801  -0.120341E+03 -0.647402E+01
  0.800   2.801  -0.206232E+03 -0.250804E+02
  0.800   2.801  -0.286276E+03 -0.426549E+02
  0.800   2.801  -0.358286E+03 -0.586979E+02
  0.800   2.801  -0.420077E+03 -0.726902E+02
  0.800   2.801  -0.469538E+03 -0.841176E+02
  0.800   2.801  -0.504766E+03 -0.925102E+02
  0.800   2.801  -0.524227E+03 -0.974896E+02
  0.800   2.801  -0.526921E+03 -0.988113E+02
  0.800   2.801  -0.512514E+03 -0.963928E+02
  0.800   2.801  -0.481410E+03 -0.903230E+02
  0.800   2.801  -0.434755E+03 -0.808501E+02
  0.800   2.801  -0.374355E+03 -0.683533E+02
  0.800   2.801  -0.302528E+03 -0.533058E+02
  0.800   2.801  -0.221901E+03 -0.362354E+02
  0.800   2.801  -0.135203E+03 -0.176931E+02
  0.800   2.801  -0.451007E+02  0.176745E+01
  0.900   2.971   0.469323E+02  0.208118E+02
  0.900   2.971   0.111654E+03  0.427210E+02
  0.900   2.971   0.173543E+03  0.638774E+02
  0.900   2.971   0.231313E+03  0.837183E+02
  0.900   2.971   0.283539E+03  0.101657E+03
  0.900   2.971   0.328624E+03  0.117104E+03
  0.900   2.971   0.364868E+03  0.129500E+03
  0.900   2.971   0.390616E+03  0.138361E+03
  0.900   2.971   0.404454E+03  0.143323E+03
  0.900   2.971   0.405408E+03  0.144171E+03
  0.900   2.971   0.393104E+03  0.140867E+03
  0.900   2.971   0.367871E+03  0.133552E+03
  0.900   2.971   0.330747E+03  0.122548E+03
  0.900   2.971   0.283392E+03  0.108323E+03
  0.900   2.971   0.227910E+03  0.914544E+02
  0.900   2.971   0.166601E+03  0.725705E+02
  0.900   2.971   0.101720E+03  0.522908E+02
  0.900   2.971   0.352827E+02  0.311842E+02
  0.900   2.971  -0.310133E+02  0.975167E+01
  0.900   2.971  -0.957470E+02 -0.115575E+02
  0.900   2.971  -0.157644E+03 -0.323057E+02
  0.900   2.971  -0.215416E+03 -0.520198E+02
  0.900   2.971  -0.267638E+03 -0.701596E+02
  0.900   2.971  -0.312713E+03 -0.861167E+02
  0.900   2.971  -0.348943E+03 -0.992501E+02
  0.900   2.971  -0.374674E+03 -0.108949E+03
  0.900   2.971  -0.388494E+03 -0.114711E+03
  0.900   2.971  -0.389430E+03 -0.116204E+03
  0.900   2.971  -0.377112E+03 -0.113320E+03
  0.900   2.971  -0.351870E+03 -0.106182E+03
  0.900   2.971  -0.314744E+03 -0.951282E+02
  0.900   2.971  -0.267394E+03 -0.806653E+02
  0.900   2.971  -0.211922E+03 -0.634052E+02
  0.900   2.971  -0.150630E+03 -0.440024E+02
  0.900   2.971  -0.857666E+02 -0.231017E+02
  0.900   2.971  -0.193474E+02 -0.130897E+01
  1.000   3.132   0.468980E+02  0.197286E+02
  1.000   3.132   0.844053E+02  0.423561E+02
  1.000   3.132   0.120032E+03  0.643009E+02
  1.000   3.132   0.153472E+03  0.850518E+02
  1.000   3.132   0.184131E+03  0.104013E+03
  1.000   3.132   0.211050E+03  0.120522E+03
  1.000   3.132   0.232968E+03  0.133905E+03
  1.000   3.132   0.248495E+03  0.143546E+03
  1.000   3.132   0.256342E+03  0.148963E+03
  1.000   3.132   0.255556E+03  0.149860E+03
  1.000   3.132   0.245720E+03  0.146169E+03
  1.000   3.132   0.227067E+03  0.138068E+03
  1.000   3.132   0.200513E+03  0.125968E+03
  1.000   3.132   0.167554E+03  0.110475E+03
  1.000   3.132   0.130060E+03  0.923195E+02
  1.000   3.132   0.899839E+02  0.722642E+02
  1.000   3.132   0.490614E+02  0.510134E+02
  1.000   3.132   0.859723E+01  0.291459E+02
  1.000   3.132  -0.306051E+02  0.709817E+01
  1.000   3.132  -0.681429E+02 -0.147950E+02
  1.000   3.132  -0.103790E+03 -0.362178E+02
  1.000   3.132  -0.137238E+03 -0.567799E+02
  1.000   3.132  -0.167891E+03 -0.759519E+02
  1.000   3.132  -0.194792E+03 -0.930556E+02
  1.000   3.132  -0.216680E+03 -0.107315E+03
  1.000   3.132  -0.232170E+03 -0.117955E+03
  1.000   3.132  -0.239977E+03 -0.124316E+03
  1.000   3.132  -0.239154E+03 -0.125964E+03
  1.000   3.132  -0.229286E+03 -0.122750E+03
  1.000   3.132  -0.210613E+03 -0.114839E+03
  1.000   3.132  -0.184051E+03 -0.102677E+03
  1.000   3.132  -0.151098E+03 -0.869200E+02
  1.000   3.132  -0.113624E+03 -0.683399E+02
  1.000   3.132  -0.735779E+02 -0.477217E+02
  1.000   3.132  -0.326923E+02 -0.257833E+02
  1.000   3.132   0.773261E+01 -0.313237E+01
  1.100   3.284   0.461654E+02  0.185876E+02
  1.100   3.284   0.558611E+02  0.405690E+02
  1.100   3.284   0.646722E+02  0.620388E+02
  1.100   3.284   0.733034E+02  0.826123E+02
  1.100   3.284   0.820106E+02  0.101726E+03
  1.100   3.284   0.904807E+02  0.118657E+03
  1.100   3.284   0.978925E+02  0.132598E+03
  1.100   3.284   0.103118E+03  0.142774E+03
  1.100   3.284   0.104989E+03  0.148549E+03
  1.100   3.284   0.102572E+03  0.149522E+03
  1.100   3.284   0.953898E+02  0.145585E+03
  1.100   3.284   0.835715E+02  0.136949E+03
  1.100   3.284   0.678940E+02  0.124133E+03
  1.100   3.284   0.496839E+02  0.107906E+03
  1.100   3.284   0.305803E+02  0.891793E+02
  1.100   3.284   0.121928E+02  0.688719E+02
  1.100   3.284  -0.425439E+01  0.477666E+02
  1.100   3.284  -0.181764E+02  0.264132E+02
  1.100   3.284  -0.296865E+02  0.511046E+01
  1.100   3.284  -0.394339E+02 -0.160163E+02
  1.100   3.284  -0.482778E+02 -0.368693E+02
  1.100   3.284  -0.569186E+02 -0.572181E+02
  1.100   3.284  -0.656108E+02 -0.765872E+02
  1.100   3.284  -0.740425E+02 -0.942341E+02
  1.100   3.284  -0.813971E+02 -0.109225E+03
  1.100   3.284  -0.865535E+02 -0.120582E+03
  1.100   3.284  -0.883533E+02 -0.127454E+03
  1.100   3.284  -0.858705E+02 -0.129269E+03
  1.100   3.284  -0.786365E+02 -0.125832E+03
  1.100   3.284  -0.667873E+02 -0.117357E+03
  1.100   3.284  -0.511027E+02 -0.104421E+03
  1.100   3.284  -0.329099E+02 -0.878663E+02
  1.100   3.284  -0.138454E+02 -0.686578E+02
  1.100   3.284   0.448607E+01 -0.477317E+02
  1.100   3.284   0.208667E+02 -0.258712E+02
  1.100   3.284   0.347194E+02 -0.364301E+01
  1.200   3.430   0.448327E+02  0.170739E+02
  1.200   3.430   0.276452E+02  0.376318E+02
  1.200   3.430   0.105526E+02  0.579485E+02
  1.200   3.430  -0.475226E+01  0.778250E+02
  1.200   3.430  -0.171906E+02  0.967537E+02
  1.200   3.430  -0.264576E+02  0.113936E+03
  1.200   3.430  -0.329564E+02  0.128396E+03
  1.200   3.430  -0.375671E+02  0.139148E+03
  1.200   3.430  -0.413421E+02  0.145365E+03
  1.200   3.430  -0.452050E+02  0.146504E+03
  1.200   3.430  -0.496983E+02  0.142400E+03
  1.200   3.430  -0.548095E+02  0.133304E+03
  1.200   3.430  -0.599100E+02  0.119864E+03
  1.200   3.430  -0.638436E+02  0.103050E+03
  1.200   3.430  -0.651874E+02  0.840055E+02
  1.200   3.430  -0.626455E+02  0.638451E+02
  1.200   3.430  -0.554695E+02  0.434485E+02
  1.200   3.430  -0.437580E+02  0.233169E+02
  1.200   3.430  -0.285114E+02  0.355328E+01
  1.200   3.430  -0.114066E+02 -0.160117E+02
  1.200   3.430   0.563403E+01 -0.355870E+02
  1.200   3.430   0.209252E+02 -0.551692E+02
  1.200   3.430   0.333908E+02 -0.743667E+02
  1.200   3.430   0.427236E+02 -0.923644E+02
  1.200   3.430   0.493187E+02 -0.108034E+03
  1.200   3.430   0.540437E+02 -0.120143E+03
  1.200   3.430   0.579361E+02 -0.127601E+03
  1.200   3.430   0.619044E+02 -0.129668E+03
  1.200   3.430   0.664778E+02 -0.126087E+03
  1.200   3.430   0.716347E+02 -0.117126E+03
  1.200   3.430   0.767420E+02 -0.103522E+03
  1.200   3.430   0.806439E+02 -0.863442E+02
  1.200   3.430   0.819222E+02 -0.667956E+02
  1.200   3.430   0.792887E+02 -0.459988E+02
  1.200   3.430   0.720053E+02 -0.248118E+02
  1.200   3.430   0.601824E+02 -0.373249E+01
  1.300   3.571   0.431557E+02  0.152485E+02
  1.300   3.571   0.110758E+01  0.343109E+02
  1.300   3.571  -0.399350E+02  0.534857E+02
  1.300   3.571  -0.773570E+02  0.728001E+02
  1.300   3.571  -0.109316E+03  0.918040E+02
  1.300   3.571  -0.134939E+03  0.109588E+03
  1.300   3.571  -0.154242E+03  0.124951E+03
  1.300   3.571  -0.167874E+03  0.136637E+03
  1.300   3.571  -0.176774E+03  0.143567E+03
  1.300   3.571  -0.181855E+03  0.145026E+03
  1.300   3.571  -0.183731E+03  0.140773E+03
  1.300   3.571  -0.182519E+03  0.131101E+03
  1.300   3.571  -0.177748E+03  0.116816E+03
  1.300   3.571  -0.168437E+03  0.991389E+02
  1.300   3.571  -0.153363E+03  0.795048E+02
  1.300   3.571  -0.131504E+03  0.592858E+02
  1.300   3.571  -0.102529E+03  0.394983E+02
  1.300   3.571  -0.671540E+02  0.205965E+02
  1.300   3.571  -0.271932E+02  0.244760E+01
  1.300   3.571   0.147209E+02 -0.154804E+02
  1.300   3.571   0.556741E+02 -0.337742E+02
  1.300   3.571   0.930644E+02 -0.527043E+02
  1.300   3.571   0.125056E+03 -0.719707E+02
  1.300   3.571   0.150772E+03 -0.906537E+02
  1.300   3.571   0.170218E+03 -0.107371E+03
  1.300   3.571   0.184022E+03 -0.120575E+03
  1.300   3.571   0.193101E+03 -0.128878E+03
  1.300   3.571   0.198346E+03 -0.131333E+03
  1.300   3.571   0.200348E+03 -0.127608E+03
  1.300   3.571   0.199211E+03 -0.118036E+03
  1.300   3.571   0.194459E+03 -0.103545E+03
  1.300   3.571   0.185109E+03 -0.854833E+02
  1.300   3.571   0.169945E+03 -0.653529E+02
  1.300   3.571   0.147955E+03 -0.445176E+02
  1.300   3.571   0.118822E+03 -0.239409E+02
  1.300   3.571   0.832776E+02 -0.404565E+01
  1.400   3.705   0.413448E+02  0.133711E+02
  1.400   3.705  -0.229746E+02  0.315001E+02
  1.400   3.705  -0.854751E+02  0.501552E+02
  1.400   3.705  -0.142708E+03  0.696202E+02
  1.400   3.705  -0.192146E+03  0.894894E+02
  1.400   3.705  -0.232405E+03  0.108691E+03
  1.400   3.705  -0.263155E+03  0.125720E+03
  1.400   3.705  -0.284825E+03  0.138975E+03
  1.400   3.705  -0.298247E+03  0.147067E+03
  1.400   3.705  -0.304317E+03  0.149058E+03
  1.400   3.705  -0.303723E+03  0.144614E+03
  1.400   3.705  -0.296720E+03  0.134073E+03
  1.400   3.705  -0.283014E+03  0.118428E+03
  1.400   3.705  -0.261797E+03  0.992069E+02
  1.400   3.705  -0.232025E+03  0.782150E+02
  1.400   3.705  -0.192906E+03  0.571631E+02
  1.400   3.705  -0.144459E+03  0.372655E+02
  1.400   3.705  -0.879264E+02  0.189516E+02
  1.400   3.705  -0.258469E+02  0.182853E+01
  1.400   3.705   0.382882E+02 -0.150548E+02
  1.400   3.705   0.100667E+03 -0.327215E+02
  1.400   3.705   0.157860E+03 -0.517468E+02
  1.400   3.705   0.207348E+03 -0.719079E+02
  1.400   3.705   0.247743E+03 -0.921233E+02
  1.400   3.705   0.278698E+03 -0.110677E+03
  1.400   3.705   0.300613E+03 -0.125619E+03
  1.400   3.705   0.314287E+03 -0.135200E+03
  1.400   3.705   0.320582E+03 -0.138222E+03
  1.400   3.705   0.320158E+03 -0.134263E+03
  1.400   3.705   0.313253E+03 -0.123732E+03
  1.400   3.705   0.299564E+03 -0.107790E+03
  1.400   3.705   0.278287E+03 -0.881252E+02
  1.400   3.705   0.248385E+03 -0.666249E+02
  1.400   3.705   0.209081E+03 -0.449749E+02
  1.400   3.705   0.160413E+03 -0.243027E+02
  1.400   3.705   0.103647E+03 -0.497222E+01
  1.500   3.835   0.394264E+02  0.112493E+02
  1.500   3.835  -0.442979E+02  0.293977E+02
  1.500   3.835  -0.125526E+03  0.485256E+02
  1.500   3.835  -0.200093E+03  0.691730E+02
  1.500   3.835  -0.264879E+03  0.909432E+02
  1.500   3.835  -0.318045E+03  0.112541E+03
  1.500   3.835  -0.358929E+03  0.132093E+03
  1.500   3.835  -0.387731E+03  0.147588E+03
  1.500   3.835  -0.405142E+03  0.157285E+03
  1.500   3.835  -0.412017E+03  0.159999E+03
  1.500   3.835  -0.409108E+03  0.155289E+03
  1.500   3.835  -0.396824E+03  0.143536E+03
  1.500   3.835  -0.375074E+03  0.125939E+03
  1.500   3.835  -0.343256E+03  0.104371E+03
  1.500   3.835  -0.300519E+03  0.810711E+02
  1.500   3.835  -0.246279E+03  0.581632E+02
  1.500   3.835  -0.180847E+03  0.371283E+02
  1.500   3.835  -0.105906E+03  0.184117E+02
  1.500   3.835  -0.245954E+02  0.136374E+01
  1.500   3.835   0.588697E+02 -0.154104E+02
  1.500   3.835   0.139917E+03 -0.333997E+02
  1.500   3.835   0.214412E+03 -0.534934E+02
  1.500   3.835   0.279247E+03 -0.755217E+02
  1.500   3.835   0.332581E+03 -0.981898E+02
  1.500   3.835   0.373729E+03 -0.119384E+03
  1.500   3.835   0.402852E+03 -0.136695E+03
  1.500   3.835   0.420596E+03 -0.147967E+03
  1.500   3.835   0.427774E+03 -0.151730E+03
  1.500   3.835   0.425098E+03 -0.147458E+03
  1.500   3.835   0.412956E+03 -0.135642E+03
  1.500   3.835   0.391246E+03 -0.117692E+03
  1.500   3.835   0.359366E+03 -0.956809E+02
  1.500   3.835   0.316475E+03 -0.719328E+02
  1.500   3.835   0.262005E+03 -0.485212E+02
  1.500   3.835   0.196290E+03 -0.267922E+02
  1.500   3.835   0.121040E+03 -0.707980E+01
  1.600   3.961   0.375372E+02  0.921086E+01
  1.600   3.961  -0.624913E+02  0.286164E+02
  1.600   3.961  -0.159492E+03  0.494981E+02
  1.600   3.961  -0.248719E+03  0.726558E+02
  1.600   3.961  -0.326557E+03  0.976590E+02
  1.600   3.961  -0.390772E+03  0.122910E+03
  1.600   3.961  -0.440391E+03  0.146075E+03
  1.600   3.961  -0.475367E+03  0.164659E+03
  1.600   3.961  -0.496219E+03  0.176507E+03
  1.600   3.961  -0.503731E+03  0.180161E+03
  1.600   3.961  -0.498706E+03  0.175054E+03
  1.600   3.961  -0.481722E+03  0.161617E+03
  1.600   3.961  -0.452917E+03  0.141278E+03
  1.600   3.961  -0.411927E+03  0.116311E+03
  1.600   3.961  -0.358100E+03  0.894665E+02
  1.600   3.961  -0.291041E+03  0.633761E+02
  1.600   3.961  -0.211294E+03  0.398686E+02
  1.600   3.961  -0.120881E+03  0.194489E+02
  1.600   3.961  -0.234180E+02  0.120704E+01
  1.600   3.961   0.763002E+02 -0.167325E+02
  1.600   3.961   0.173088E+03 -0.363611E+02
  1.600   3.961   0.262234E+03 -0.588855E+02
  1.600   3.961   0.340142E+03 -0.841443E+02
  1.600   3.961   0.404574E+03 -0.110547E+03
  1.600   3.961   0.454526E+03 -0.135485E+03
  1.600   3.961   0.489902E+03 -0.156008E+03
  1.600   3.961   0.511164E+03 -0.169495E+03
  1.600   3.961   0.519041E+03 -0.174172E+03
  1.600   3.961   0.514291E+03 -0.169404E+03
  1.600   3.961   0.497465E+03 -0.155773E+03
  1.600   3.961   0.468692E+03 -0.134979E+03
  1.600   3.961   0.427611E+03 -0.109535E+03
  1.600   3.961   0.373587E+03 -0.822902E+02
  1.600   3.961   0.306244E+03 -0.557973E+02
  1.600   3.961   0.226151E+03 -0.316990E+02
  1.600   3.961   0.135364E+03 -0.103367E+02
  1.700   4.083   0.357693E+02  0.741250E+01
  1.700   4.083  -0.774589E+02  0.295907E+02
  1.700   4.083  -0.187309E+03  0.537207E+02
  1.700   4.083  -0.288590E+03  0.808629E+02
  1.700   4.083  -0.377286E+03  0.110519E+03
  1.700   4.083  -0.450812E+03  0.140728E+03
  1.700   4.083  -0.507879E+03  0.168626E+03
  1.700   4.083  -0.548159E+03  0.191173E+03
  1.700   4.083  -0.571953E+03  0.205762E+03
  1.700   4.083  -0.579936E+03  0.210623E+03
  1.700   4.083  -0.572952E+03  0.205042E+03
  1.700   4.083  -0.551769E+03  0.189480E+03
  1.700   4.083  -0.516802E+03  0.165590E+03
  1.700   4.083  -0.467971E+03  0.136074E+03
  1.700   4.083  -0.404859E+03  0.104264E+03
  1.700   4.083  -0.327245E+03  0.734018E+02
  1.700   4.083  -0.235848E+03  0.457713E+02
  1.700   4.083  -0.132926E+03  0.220199E+02
  1.700   4.083  -0.224238E+02  0.101198E+01
  1.700   4.083   0.904498E+02 -0.196164E+02
  1.700   4.083   0.200059E+03 -0.423819E+02
  1.700   4.083   0.301255E+03 -0.688126E+02
  1.700   4.083   0.390044E+03 -0.987243E+02
  1.700   4.083   0.463835E+03 -0.130168E+03
  1.700   4.083   0.521302E+03 -0.159970E+03
  1.700   4.083   0.562059E+03 -0.184573E+03
  1.700   4.083   0.586334E+03 -0.200848E+03
  1.700   4.083   0.594737E+03 -0.206685E+03
  1.700   4.083   0.588060E+03 -0.201318E+03
  1.700   4.083   0.567043E+03 -0.185410E+03
  1.700   4.083   0.532094E+03 -0.160947E+03
  1.700   4.083   0.483141E+03 -0.130921E+03
  1.700   4.083   0.419787E+03 -0.987697E+02
  1.700   4.083   0.341838E+03 -0.676256E+02
  1.700   4.083   0.250040E+03 -0.395308E+02
  1.700   4.083   0.146688E+03 -0.149109E+02
  1.800   4.201   0.340180E+02  0.557486E+01
  1.800   4.201  -0.893711E+02  0.318549E+02
  1.800   4.201  -0.209220E+03  0.605853E+02
  1.800   4.201  -0.320055E+03  0.930634E+02
  1.800   4.201  -0.417566E+03  0.128662E+03
  1.800   4.201  -0.498853E+03  0.164975E+03
  1.800   4.201  -0.562290E+03  0.198540E+03
  1.800   4.201  -0.607207E+03  0.225730E+03
  1.800   4.201  -0.633607E+03  0.243473E+03
  1.800   4.201  -0.641993E+03  0.249690E+03
  1.800   4.201  -0.633221E+03  0.243517E+03
  1.800   4.201  -0.608262E+03  0.225433E+03
  1.800   4.201  -0.567864E+03  0.197311E+03
  1.800   4.201  -0.512303E+03  0.162294E+03
  1.800   4.201  -0.441455E+03  0.124344E+03
  1.800   4.201  -0.355304E+03  0.873896E+02
  1.800   4.201  -0.254718E+03  0.542605E+02
  1.800   4.201  -0.142101E+03  0.258130E+02
  1.800   4.201  -0.215791E+02  0.710708E+00
  1.800   4.201   0.101413E+03 -0.239091E+02
  1.800   4.201   0.220983E+03 -0.511041E+02
  1.800   4.201   0.331708E+03 -0.827136E+02
  1.800   4.201   0.429306E+03 -0.118484E+03
  1.800   4.201   0.510875E+03 -0.156039E+03
  1.800   4.201   0.574749E+03 -0.191577E+03
  1.800   4.201   0.620190E+03 -0.220893E+03
  1.800   4.201   0.647121E+03 -0.240337E+03
  1.800   4.201   0.655968E+03 -0.247466E+03
  1.800   4.201   0.647532E+03 -0.241381E+03
  1.800   4.201   0.622753E+03 -0.222822E+03
  1.800   4.201   0.582376E+03 -0.194060E+03
  1.800   4.201   0.526687E+03 -0.158572E+03
  1.800   4.201   0.455586E+03 -0.120430E+03
  1.800   4.201   0.369083E+03 -0.834107E+02
  1.800   4.201   0.268074E+03 -0.500267E+02
  1.800   4.201   0.154995E+03 -0.208384E+02
  1.900   4.317   0.323466E+02  0.405008E+01
  1.900   4.317  -0.982833E+02  0.357085E+02
  1.900   4.317  -0.225394E+03  0.702923E+02
  1.900   4.317  -0.343385E+03  0.109315E+03
  1.900   4.317  -0.447748E+03  0.151968E+03
  1.900   4.317  -0.535305E+03  0.195338E+03
  1.900   4.317  -0.604071E+03  0.235319E+03
  1.900   4.317  -0.652972E+03  0.267685E+03
  1.900   4.317  -0.681643E+03  0.288912E+03
  1.900   4.317  -0.690352E+03  0.296628E+03
  1.900   4.317  -0.679941E+03  0.289818E+03
  1.900   4.317  -0.651602E+03  0.268959E+03
  1.900   4.317  -0.606466E+03  0.236107E+03
  1.900   4.317  -0.545234E+03  0.194827E+03
  1.900   4.317  -0.468133E+03  0.149724E+03
  1.900   4.317  -0.375383E+03  0.105475E+03
  1.900   4.317  -0.267971E+03  0.655375E+02
  1.900   4.317  -0.148361E+03  0.310459E+02
  1.900   4.317  -0.207158E+02  0.500757E+00
  1.900   4.317   0.109491E+03 -0.294522E+02
  1.900   4.317   0.236298E+03 -0.624068E+02
  1.900   4.317   0.354165E+03 -0.100484E+03
  1.900   4.317   0.458619E+03 -0.143299E+03
  1.900   4.317   0.546479E+03 -0.187977E+03
  1.900   4.317   0.615715E+03 -0.230033E+03
  1.900   4.317   0.665179E+03 -0.264599E+03
  1.900   4.317   0.694413E+03 -0.287517E+03
  1.900   4.317   0.703603E+03 -0.296029E+03
  1.900   4.317   0.693534E+03 -0.289115E+03
  1.900   4.317   0.665368E+03 -0.267574E+03
  1.900   4.317   0.620241E+03 -0.233937E+03
  1.900   4.317   0.558869E+03 -0.192155E+03
  1.900   4.317   0.481507E+03 -0.146957E+03
  1.900   4.317   0.388397E+03 -0.102829E+03
  1.900   4.317   0.280554E+03 -0.628393E+02
  1.900   4.317   0.160469E+03 -0.277559E+02
  2.000   4.429   0.307688E+02  0.277471E+01
  2.000   4.429  -0.104083E+03  0.410674E+02
  2.000   4.429  -0.235659E+03  0.827208E+02
  2.000   4.429  -0.358420E+03  0.129424E+03
  2.000   4.429  -0.467764E+03  0.180126E+03
  2.000   4.429  -0.560249E+03  0.231345E+03
  2.000   4.429  -0.633475E+03  0.278305E+03
  2.000   4.429  -0.685874E+03  0.316201E+03
  2.000   4.429  -0.716606E+03  0.341106E+03
  2.000   4.429  -0.725628E+03  0.350400E+03
  2.000   4.429  -0.713728E+03  0.342928E+03
  2.000   4.429  -0.682333E+03  0.319126E+03
  2.000   4.429  -0.633024E+03  0.281173E+03
  2.000   4.429  -0.567019E+03  0.233002E+03
  2.000   4.429  -0.484996E+03  0.179855E+03
  2.000   4.429  -0.387470E+03  0.127204E+03
  2.000   4.429  -0.275557E+03  0.792235E+02
  2.000   4.429  -0.151695E+03  0.374151E+02
  2.000   4.429  -0.199136E+02  0.169671E+00
  2.000   4.429   0.114500E+03 -0.363403E+02
  2.000   4.429   0.245752E+03 -0.762351E+02
  2.000   4.429   0.368373E+03 -0.121886E+03
  2.000   4.429   0.477803E+03 -0.172721E+03
  2.000   4.429   0.570601E+03 -0.225306E+03
  2.000   4.429   0.644318E+03 -0.274444E+03
  2.000   4.429   0.697301E+03 -0.314621E+03
  2.000   4.429   0.728613E+03 -0.341213E+03
  2.000   4.429   0.738118E+03 -0.351196E+03
  2.000   4.429   0.726549E+03 -0.343436E+03
  2.000   4.429   0.695311E+03 -0.318759E+03
  2.000   4.429   0.645994E+03 -0.279894E+03
  2.000   4.429   0.579841E+03 -0.231217E+03
  2.000   4.429   0.497561E+03 -0.178098E+03
  2.000   4.429   0.399690E+03 -0.125776E+03
  2.000   4.429   0.287360E+03 -0.779582E+02
  2.000   4.429   0.163031E+03 -0.357020E+02
  2.100   4.538   0.291797E+02  0.181110E+01
  2.100   4.538  -0.107119E+03  0.478114E+02
  2.100   4.538  -0.240570E+03  0.975302E+02
  2.100   4.538  -0.365861E+03  0.152774E+03
  2.100   4.538  -0.478390E+03  0.212180E+03
  2.100   4.538  -0.574471E+03  0.271659E+03
  2.100   4.538  -0.651256E+03  0.325779E+03
  2.100   4.538  -0.706615E+03  0.369232E+03
  2.100   4.538  -0.739163E+03  0.397790E+03
  2.100   4.538  -0.748475E+03  0.408669E+03
  2.100   4.538  -0.735255E+03  0.400599E+03
  2.100   4.538  -0.701169E+03  0.373922E+03
  2.100   4.538  -0.648285E+03  0.330837E+03
  2.100   4.538  -0.578408E+03  0.275530E+03
  2.100   4.538  -0.492739E+03  0.213818E+03
  2.100   4.538  -0.392141E+03  0.151976E+03
  2.100   4.538  -0.277865E+03  0.949671E+02
  2.100   4.538  -0.152263E+03  0.447568E+02
  2.100   4.538  -0.190868E+02 -0.293021E+00
  2.100   4.538   0.116763E+03 -0.444299E+02
  2.100   4.538   0.249871E+03 -0.922570E+02
  2.100   4.538   0.375004E+03 -0.146341E+03
  2.100   4.538   0.487615E+03 -0.205858E+03
  2.100   4.538   0.584017E+03 -0.266774E+03
  2.100   4.538   0.661311E+03 -0.323190E+03
  2.100   4.538   0.717269E+03 -0.369015E+03
  2.100   4.538   0.750398E+03 -0.399260E+03
  2.100   4.538   0.760182E+03 -0.410714E+03
  2.100   4.538   0.747268E+03 -0.402157E+03
  2.100   4.538   0.713309E+03 -0.374396E+03
  2.100   4.538   0.660396E+03 -0.330258E+03
  2.100   4.538   0.590367E+03 -0.274434E+03
  2.100   4.538   0.504455E+03 -0.212872E+03
  2.100   4.538   0.403541E+03 -0.151573E+03
  2.100   4.538   0.288879E+03 -0.949489E+02
  2.100   4.538   0.162831E+03 -0.444400E+02
  2.200   4.645   0.275477E+02  0.111750E+01
  2.200   4.645  -0.107649E+03  0.558174E+02
  2.200   4.645  -0.240596E+03  0.114497E+03
  2.200   4.645  -0.366366E+03  0.178996E+03
  2.200   4.645  -0.480438E+03  0.247562E+03
  2.200   4.645  -0.578894E+03  0.315463E+03
  2.200   4.645  -0.658403E+03  0.376654E+03
  2.200   4.645  -0.716218E+03  0.425441E+03
  2.200   4.645  -0.750355E+03  0.457447E+03
  2.200   4.645  -0.759966E+03  0.469845E+03
  2.200   4.645  -0.745633E+03  0.461285E+03
  2.200   4.645  -0.709253E+03  0.431959E+03
  2.200   4.645  -0.653398E+03  0.383941E+03
  2.200   4.645  -0.580499E+03  0.321522E+03
  2.200   4.645  -0.492336E+03  0.250978E+03
  2.200   4.645  -0.390182E+03  0.179370E+03
  2.200   4.645  -0.275444E+03  0.112508E+03
  2.200   4.645  -0.150348E+03  0.529294E+02
  2.200   4.645  -0.182497E+02 -0.932622E+00
  2.200   4.645   0.116524E+03 -0.536666E+02
  2.200   4.645   0.249134E+03 -0.110289E+03
  2.200   4.645   0.374741E+03 -0.173486E+03
  2.200   4.645   0.488890E+03 -0.242110E+03
  2.200   4.645   0.587667E+03 -0.311498E+03
  2.200   4.645   0.667687E+03 -0.375091E+03
  2.200   4.645   0.726099E+03 -0.426335E+03
  2.200   4.645   0.760799E+03 -0.460025E+03
  2.200   4.645   0.770840E+03 -0.472885E+03
  2.200   4.645   0.756756E+03 -0.463647E+03
  2.200   4.645   0.720441E+03 -0.433038E+03
  2.200   4.645   0.664507E+03 -0.383849E+03
  2.200   4.645   0.591432E+03 -0.320927E+03
  2.200   4.645   0.503038E+03 -0.250691E+03
  2.200   4.645   0.400610E+03 -0.179870E+03
  2.200   4.645   0.285549E+03 -0.113640E+03
  2.200   4.645   0.160072E+03 -0.539220E+02
  2.300   4.749   0.255966E+02  0.861755E+00
  2.300   4.749  -0.105953E+03  0.649742E+02
  2.300   4.749  -0.235959E+03  0.133192E+03
  2.300   4.749  -0.360027E+03  0.207303E+03
  2.300   4.749  -0.473802E+03  0.285098E+03
  2.300   4.749  -0.573156E+03  0.361190E+03
  2.300   4.749  -0.654283E+03  0.428995E+03
  2.300   4.749  -0.713822E+03  0.482592E+03
  2.300   4.749  -0.749193E+03  0.517643E+03
  2.300   4.749  -0.759117E+03  0.531429E+03
  2.300   4.749  -0.744034E+03  0.522567E+03
  2.300   4.749  -0.706023E+03  0.491019E+03
  2.300   4.749  -0.648110E+03  0.438566E+03
  2.300   4.749  -0.573313E+03  0.369395E+03
  2.300   4.749  -0.483986E+03  0.290091E+03
  2.300   4.749  -0.381838E+03  0.208454E+03
  2.300   4.749  -0.268473E+03  0.131203E+03
  2.300   4.749  -0.145998E+03  0.615623E+02
  2.300   4.749  -0.173085E+02 -0.183945E+01
  2.300   4.749   0.113979E+03 -0.638327E+02
  2.300   4.749   0.243768E+03 -0.129766E+03
  2.300   4.749   0.367750E+03 -0.202368E+03
  2.300   4.749   0.481646E+03 -0.280113E+03
  2.300   4.749   0.581349E+03 -0.357697E+03
  2.300   4.749   0.663001E+03 -0.427981E+03
  2.300   4.749   0.723135E+03 -0.484105E+03
  2.300   4.749   0.759038E+03 -0.520837E+03
  2.300   4.749   0.769321E+03 -0.534986E+03
  2.300   4.749   0.754367E+03 -0.525286E+03
  2.300   4.749   0.716260E+03 -0.492305E+03
  2.300   4.749   0.658088E+03 -0.438621E+03
  2.300   4.749   0.582955E+03 -0.369029E+03
  2.300   4.749   0.493294E+03 -0.290254E+03
  2.300   4.749   0.390856E+03 -0.209698E+03
  2.300   4.749   0.277246E+03 -0.133349E+03
  2.300   4.749   0.154538E+03 -0.637243E+02
  2.400   4.851   0.239433E+02  0.289253E+00
  2.400   4.851  -0.102156E+03  0.749224E+02
  2.400   4.851  -0.227618E+03  0.153777E+03
  2.400   4.851  -0.348710E+03  0.238449E+03
  2.400   4.851  -0.461265E+03  0.326114E+03
  2.400   4.851  -0.560900E+03  0.410633E+03
  2.400   4.851  -0.643259E+03  0.484909E+03
  2.400   4.851  -0.704304E+03  0.542944E+03
  2.400   4.851  -0.740806E+03  0.580650E+03
  2.400   4.851  -0.751014E+03  0.595597E+03
  2.400   4.851  -0.735187E+03  0.586459E+03
  2.400   4.851  -0.695574E+03  0.552932E+03
  2.400   4.851  -0.635677E+03  0.496366E+03
  2.400   4.851  -0.559178E+03  0.420667E+03
  2.400   4.851  -0.469133E+03  0.332581E+03
  2.400   4.851  -0.367834E+03  0.240572E+03
  2.400   4.851  -0.257186E+03  0.152287E+03
  2.400   4.851  -0.139157E+03  0.716945E+02
  2.400   4.851  -0.160113E+02 -0.232027E+01
  2.400   4.851   0.109620E+03 -0.747726E+02
  2.400   4.851   0.234657E+03 -0.151249E+03
  2.400   4.851   0.355500E+03 -0.234371E+03
  2.400   4.851   0.468081E+03 -0.322048E+03
  2.400   4.851   0.568031E+03 -0.408220E+03
  2.400   4.851   0.650915E+03 -0.485172E+03
  2.400   4.851   0.712560E+03 -0.545871E+03
  2.400   4.851   0.749585E+03 -0.585264E+03
  2.400   4.851   0.760135E+03 -0.600428E+03
  2.400   4.851   0.744439E+03 -0.590194E+03
  2.400   4.851   0.704786E+03 -0.554949E+03
  2.400   4.851   0.644763E+03 -0.496935E+03
  2.400   4.851   0.568131E+03 -0.420733E+03
  2.400   4.851   0.477980E+03 -0.333245E+03
  2.400   4.851   0.376582E+03 -0.242494E+03
  2.400   4.851   0.265780E+03 -0.155311E+03
  2.400   4.851   0.147484E+03 -0.748762E+02
  2.500   4.951   0.220578E+02  0.564188E-01
  2.500   4.951  -0.962880E+02  0.848436E+02
  2.500   4.951  -0.214838E+03  0.173906E+03
  2.500   4.951  -0.330523E+03  0.268601E+03
  2.500   4.951  -0.439379E+03  0.365446E+03
  2.500   4.951  -0.536835E+03  0.457537E+03
  2.500   4.951  -0.618145E+03  0.537342E+03
  2.500   4.951  -0.678845E+03  0.598934E+03
  2.500   4.951  -0.715325E+03  0.638664E+03
  2.500   4.951  -0.725554E+03  0.654545E+03
  2.500   4.951  -0.709664E+03  0.645362E+03
  2.500   4.951  -0.669954E+03  0.610485E+03
  2.500   4.951  -0.610154E+03  0.550669E+03
  2.500   4.951  -0.534307E+03  0.469334E+03
  2.500   4.951  -0.445912E+03  0.373225E+03
  2.500   4.951  -0.347699E+03  0.271410E+03
  2.500   4.951  -0.241862E+03  0.172493E+03
  2.500   4.951  -0.130304E+03  0.812793E+02
  2.500   4.951  -0.147430E+02 -0.300988E+01
  2.500   4.951   0.103123E+03 -0.855218E+02
  2.500   4.951   0.221206E+03 -0.172048E+03
  2.500   4.951   0.336603E+03 -0.265061E+03
  2.500   4.951   0.445467E+03 -0.361882E+03
  2.500   4.951   0.543248E+03 -0.455700E+03
  2.500   4.951   0.625108E+03 -0.538308E+03
  2.500   4.951   0.686419E+03 -0.602662E+03
  2.500   4.951   0.723398E+03 -0.644077E+03
  2.500   4.951   0.733902E+03 -0.660050E+03
  2.500   4.951   0.718045E+03 -0.649560E+03
  2.500   4.951   0.678200E+03 -0.612743E+03
  2.500   4.951   0.618214E+03 -0.551333E+03
  2.500   4.951   0.542234E+03 -0.469492E+03
  2.500   4.951   0.453796E+03 -0.374124E+03
  2.500   4.951   0.355590E+03 -0.273807E+03
  2.500   4.951   0.249714E+03 -0.176241E+03
  2.500   4.951   0.137977E+03 -0.853510E+02
  2.600   5.049   0.201804E+02 -0.481430E+00
  2.600   5.049  -0.891691E+02  0.948967E+02
  2.600   5.049  -0.199681E+03  0.194641E+03
  2.600   5.049  -0.308997E+03  0.299736E+03
  2.600   5.049  -0.413306E+03  0.405883E+03
  2.600   5.049  -0.507778E+03  0.505328E+03
  2.600   5.049  -0.587264E+03  0.590135E+03
  2.600   5.049  -0.646942E+03  0.654607E+03
  2.600   5.049  -0.682939E+03  0.695746E+03
  2.600   5.049  -0.693049E+03  0.712191E+03
  2.600   5.049  -0.677303E+03  0.702937E+03
  2.600   5.049  -0.637994E+03  0.667007E+03
  2.600   5.049  -0.578958E+03  0.604445E+03
  2.600   5.049  -0.504485E+03  0.518027E+03
  2.600   5.049  -0.418468E+03  0.414347E+03
  2.600   5.049  -0.324120E+03  0.302991E+03
  2.600   5.049  -0.224021E+03  0.193503E+03
  2.600   5.049  -0.120069E+03  0.915434E+02
  2.600   5.049  -0.133885E+02 -0.330486E+01
  2.600   5.049   0.953949E+02 -0.962864E+02
  2.600   5.049   0.205335E+03 -0.193321E+03
  2.600   5.049   0.314282E+03 -0.296602E+03
  2.600   5.049   0.418570E+03 -0.402704E+03
  2.600   5.049   0.513387E+03 -0.503971E+03
  2.600   5.049   0.593466E+03 -0.591734E+03
  2.600   5.049   0.653780E+03 -0.659088E+03
  2.600   5.049   0.690256E+03 -0.701924E+03
  2.600   5.049   0.700567E+03 -0.718347E+03
  2.600   5.049   0.684754E+03 -0.707583E+03
  2.600   5.049   0.645226E+03 -0.669499E+03
  2.600   5.049   0.585981E+03 -0.605208E+03
  2.600   5.049   0.511434E+03 -0.518284E+03
  2.600   5.049   0.425504E+03 -0.415488E+03
  2.600   5.049   0.331322E+03 -0.305860E+03
  2.600   5.049   0.231314E+03 -0.197948E+03
  2.600   5.049   0.127242E+03 -0.964478E+02
  2.700   5.146   0.180164E+02 -0.281263E+00
  2.700   5.146  -0.807039E+02  0.105286E+03
  2.700   5.146  -0.181596E+03  0.215256E+03
  2.700   5.146  -0.283093E+03  0.330296E+03
  2.700   5.146  -0.381511E+03  0.445291E+03
  2.700   5.146  -0.471717E+03  0.551617E+03
  2.700   5.146  -0.548185E+03  0.640939E+03
  2.700   5.146  -0.605865E+03  0.707856E+03
  2.700   5.146  -0.640812E+03  0.750122E+03
  2.700   5.146  -0.650785E+03  0.767095E+03
  2.700   5.146  -0.635734E+03  0.758009E+03
  2.700   5.146  -0.597813E+03  0.721475E+03
  2.700   5.146  -0.540732E+03  0.656681E+03
  2.700   5.146  -0.468797E+03  0.565589E+03
  2.700   5.146  -0.386174E+03  0.454546E+03
  2.700   5.146  -0.296607E+03  0.333679E+03
  2.700   5.146  -0.203224E+03  0.213610E+03
  2.700   5.146  -0.108079E+03  0.101004E+03
  2.700   5.146  -0.117343E+02 -0.412222E+01
  2.700   5.146   0.863683E+02 -0.107149E+03
  2.700   5.146   0.186587E+03 -0.214209E+03
  2.700   5.146   0.287628E+03 -0.327275E+03
  2.700   5.146   0.386009E+03 -0.442175E+03
  2.700   5.146   0.476627E+03 -0.550388E+03
  2.700   5.146   0.553803E+03 -0.642794E+03
  2.700   5.146   0.612221E+03 -0.712697E+03
  2.700   5.146   0.647671E+03 -0.756672E+03
  2.700   5.146   0.657768E+03 -0.773527E+03
  2.700   5.146   0.642487E+03 -0.762760E+03
  2.700   5.146   0.604154E+03 -0.723899E+03
  2.700   5.146   0.546715E+03 -0.657278E+03
  2.700   5.146   0.474657E+03 -0.565714E+03
  2.700   5.146   0.392189E+03 -0.455721E+03
  2.700   5.146   0.302943E+03 -0.336826E+03
  2.700   5.146   0.209831E+03 -0.218562E+03
  2.700   5.146   0.114700E+03 -0.106543E+03
  2.800   5.240   0.159027E+02 -0.518222E+00
  2.800   5.240  -0.711601E+02  0.114726E+03
  2.800   5.240  -0.161452E+03  0.234497E+03
  2.800   5.240  -0.254177E+03  0.359083E+03
  2.800   5.240  -0.345682E+03  0.482473E+03
  2.800   5.240  -0.430442E+03  0.595123E+03
  2.800   5.240  -0.502598E+03  0.688325E+03
  2.800   5.240  -0.557058E+03  0.757051E+03
  2.800   5.240  -0.590063E+03  0.799912E+03
  2.800   5.240  -0.599565E+03  0.817084E+03
  2.800   5.240  -0.585523E+03  0.808103E+03
  2.800   5.240  -0.549870E+03  0.771193E+03
  2.800   5.240  -0.495975E+03  0.704666E+03
  2.800   5.240  -0.427890E+03  0.609609E+03
  2.800   5.240  -0.349859E+03  0.492035E+03
  2.800   5.240  -0.266107E+03  0.362537E+03
  2.800   5.240  -0.180391E+03  0.232754E+03
  2.800   5.240  -0.950287E+02  0.110310E+03
  2.800   5.240  -0.100515E+02 -0.439723E+01
  2.800   5.240   0.763475E+02 -0.116924E+03
  2.800   5.240   0.165889E+03 -0.233618E+03
  2.800   5.240   0.258101E+03 -0.356158E+03
  2.800   5.240   0.349564E+03 -0.479520E+03
  2.800   5.240   0.434789E+03 -0.594235E+03
  2.800   5.240   0.507729E+03 -0.690719E+03
  2.800   5.240   0.562976E+03 -0.762553E+03
  2.800   5.240   0.596471E+03 -0.807113E+03
  2.800   5.240   0.606003E+03 -0.824027E+03
  2.800   5.240   0.591583E+03 -0.813158E+03
  2.800   5.240   0.555370E+03 -0.773733E+03
  2.800   5.240   0.501021E+03 -0.705287E+03
  2.800   5.240   0.432810E+03 -0.609800E+03
  2.800   5.240   0.355024E+03 -0.493434E+03
  2.800   5.240   0.271739E+03 -0.366107E+03
  2.800   5.240   0.186444E+03 -0.238280E+03
  2.800   5.240   0.101196E+03 -0.116456E+03
  2.900   5.333   0.140828E+02 -0.987525E+00
  2.900   5.333  -0.600029E+02  0.123014E+03
  2.900   5.333  -0.138636E+03  0.251916E+03
  2.900   5.333  -0.221807E+03  0.385644E+03
  2.900   5.333  -0.305725E+03  0.517190E+03
  2.900   5.333  -0.384270E+03  0.635946E+03
  2.900   5.333  -0.451172E+03  0.732741E+03
  2.900   5.333  -0.501429E+03  0.802927E+03
  2.900   5.333  -0.531726E+03  0.846043E+03
  2.900   5.333  -0.540445E+03  0.863171E+03
  2.900   5.333  -0.527650E+03  0.854214E+03
  2.900   5.333  -0.494960E+03  0.817032E+03
  2.900   5.333  -0.445171E+03  0.749039E+03
  2.900   5.333  -0.381857E+03  0.650408E+03
  2.900   5.333  -0.309238E+03  0.526796E+03
  2.900   5.333  -0.232100E+03  0.389264E+03
  2.900   5.333  -0.155022E+03  0.250487E+03
  2.900   5.333  -0.807065E+02  0.119033E+03
  2.900   5.333  -0.857904E+01 -0.439365E+01
  2.900   5.333   0.646627E+02 -0.125645E+03
  2.900   5.333   0.142345E+03 -0.251367E+03
  2.900   5.333   0.224873E+03 -0.382945E+03
  2.900   5.333   0.308742E+03 -0.514418E+03
  2.900   5.333   0.387860E+03 -0.635278E+03
  2.900   5.333   0.455707E+03 -0.735440E+03
  2.900   5.333   0.506874E+03 -0.808802E+03
  2.900   5.333   0.537675E+03 -0.853619E+03
  2.900   5.333   0.546313E+03 -0.870406E+03
  2.900   5.333   0.532945E+03 -0.859415E+03
  2.900   5.333   0.499502E+03 -0.819553E+03
  2.900   5.333   0.449165E+03 -0.749517E+03
  2.900   5.333   0.385778E+03 -0.650424E+03
  2.900   5.333   0.313592E+03 -0.528094E+03
  2.900   5.333   0.237171E+03 -0.392892E+03
  2.900   5.333   0.160719E+03 -0.256259E+03
  2.900   5.333   0.865977E+02 -0.125578E+03
  3.000   5.424   0.122515E+02 -0.132594E+01
  3.000   5.424  -0.477585E+02  0.130492E+03
  3.000   5.424  -0.113822E+03  0.267626E+03
  3.000   5.424  -0.186756E+03  0.409680E+03
  3.000   5.424  -0.262472E+03  0.548656E+03
  3.000   5.424  -0.334054E+03  0.672891E+03
  3.000   5.424  -0.394763E+03  0.772763E+03
  3.000   5.424  -0.439832E+03  0.844013E+03
  3.000   5.424  -0.466679E+03  0.887121E+03
  3.000   5.424  -0.474378E+03  0.904071E+03
  3.000   5.424  -0.463201E+03  0.895150E+03
  3.000   5.424  -0.434339E+03  0.857863E+03
  3.000   5.424  -0.389737E+03  0.788737E+03
  3.000   5.424  -0.332181E+03  0.687024E+03
  3.000   5.424  -0.265698E+03  0.558001E+03
  3.000   5.424  -0.195695E+03  0.413182E+03
  3.000   5.424  -0.127798E+03  0.266277E+03
  3.000   5.424  -0.653040E+02  0.126789E+03
  3.000   5.424  -0.704069E+01 -0.432254E+01
  3.000   5.424   0.519810E+02 -0.133290E+03
  3.000   5.424   0.116909E+03 -0.267136E+03
  3.000   5.424   0.189074E+03 -0.406977E+03
  3.000   5.424   0.264741E+03 -0.545897E+03
  3.000   5.424   0.337019E+03 -0.672317E+03
  3.000   5.424   0.398856E+03 -0.775648E+03
  3.000   5.424   0.444983E+03 -0.850123E+03
  3.000   5.424   0.472362E+03 -0.894903E+03
  3.000   5.424   0.479862E+03 -0.911425E+03
  3.000   5.424   0.467887E+03 -0.900354E+03
  3.000   5.424   0.438031E+03 -0.860292E+03
  3.000   5.424   0.392725E+03 -0.789085E+03
  3.000   5.424   0.335092E+03 -0.686951E+03
  3.000   5.424   0.269192E+03 -0.559321E+03
  3.000   5.424   0.200144E+03 -0.416969E+03
  3.000   5.424   0.133102E+03 -0.272318E+03
  3.000   5.424   0.709252E+02 -0.133643E+03
