  0.037   0.600  -0.485344E+09  0.291238E+09
  0.037   0.600  -0.466462E+09  0.274794E+09
  0.037   0.600  -0.325064E+09  0.185105E+09
  0.037   0.600  -0.979451E-06  0.924144E-06
  0.037   0.600   0.325064E+09 -0.185105E+09
  0.037   0.600   0.466462E+09 -0.274794E+09
  0.037   0.600   0.485344E+09 -0.291238E+09
  0.043   0.650  -0.347679E+09  0.334217E+09
  0.043   0.650  -0.354181E+09  0.333453E+09
  0.043   0.650  -0.269337E+09  0.245873E+09
  0.043   0.650   0.199767E-05  0.503076E-06
  0.043   0.650   0.269337E+09 -0.245873E+09
  0.043   0.650   0.354181E+09 -0.333453E+09
  0.043   0.650   0.347679E+09 -0.334217E+09
  0.061   0.775   0.165087E+08  0.234218E+09
  0.061   0.775  -0.409754E+08  0.321902E+09
  0.061   0.775  -0.101159E+09  0.347326E+09
  0.061   0.775  -0.132774E-05  0.197051E-06
  0.061   0.775   0.101159E+09 -0.347326E+09
  0.061   0.775   0.409754E+08 -0.321902E+09
  0.061   0.775  -0.165087E+08 -0.234218E+09
  0.065   0.800   0.725986E+08  0.183388E+09
  0.065   0.800   0.129760E+08  0.289616E+09
  0.065   0.800  -0.673690E+08  0.347755E+09
  0.065   0.800  -0.179589E-05  0.200050E-05
  0.065   0.800   0.673690E+08 -0.347755E+09
  0.065   0.800  -0.129760E+08 -0.289616E+09
  0.065   0.800  -0.725986E+08 -0.183388E+09
  0.102   1.000   0.498662E+08 -0.155603E+09
  0.102   1.000   0.695755E+08 -0.685856E+08
  0.102   1.000   0.132603E+09  0.157234E+09
  0.102   1.000  -0.162868E-05  0.105699E-05
  0.102   1.000  -0.132603E+09 -0.157234E+09
  0.102   1.000  -0.695755E+08  0.685856E+08
  0.102   1.000  -0.498662E+08  0.155603E+09
