  0.037   0.600  -0.273239E+07  0.269749E+07
  0.037   0.600  -0.402789E+07  0.251211E+07
  0.037   0.600  -0.460722E+07  0.164647E+07
  0.037   0.600  -0.698956E-08  0.883800E-08
  0.037   0.600   0.460722E+07 -0.164647E+07
  0.037   0.600   0.402789E+07 -0.251211E+07
  0.037   0.600   0.273239E+07 -0.269749E+07
  0.043   0.650  -0.643209E+06  0.321553E+07
  0.043   0.650  -0.275118E+07  0.309657E+07
  0.043   0.650  -0.487019E+07  0.211898E+07
  0.043   0.650  -0.739331E-08 -0.175323E-07
  0.043   0.650   0.487019E+07 -0.211898E+07
  0.043   0.650   0.275118E+07 -0.309657E+07
  0.043   0.650   0.643209E+06 -0.321553E+07
  0.061   0.775   0.485308E+07  0.253417E+07
  0.061   0.775   0.192648E+07  0.303189E+07
  0.061   0.775  -0.435531E+07  0.220335E+07
  0.061   0.775  -0.117177E-07 -0.334147E-08
  0.061   0.775   0.435531E+07 -0.220335E+07
  0.061   0.775  -0.192648E+07 -0.303189E+07
  0.061   0.775  -0.485308E+07 -0.253417E+07
  0.065   0.800   0.542247E+07  0.186692E+07
  0.065   0.800   0.282611E+07  0.268861E+07
  0.065   0.800  -0.389607E+07  0.211420E+07
  0.065   0.800   0.611777E-08 -0.481338E-08
  0.065   0.800   0.389607E+07 -0.211420E+07
  0.065   0.800  -0.282611E+07 -0.268861E+07
  0.065   0.800  -0.542247E+07 -0.186692E+07
  0.102   1.000  -0.454738E+06 -0.500753E+07
  0.102   1.000   0.304205E+07 -0.259733E+07
  0.102   1.000  -0.402047E+05  0.146197E+07
  0.102   1.000  -0.713376E-08 -0.282037E-08
  0.102   1.000   0.402047E+05 -0.146197E+07
  0.102   1.000  -0.304205E+07  0.259733E+07
  0.102   1.000   0.454738E+06  0.500753E+07
