  0.037   0.600  -0.265361E-05  0.483968E-06
  0.037   0.600   0.625253E+07 -0.197527E+09
  0.037   0.600   0.628356E+07 -0.214998E+09
  0.037   0.600   0.139604E-05  0.196055E-05
  0.037   0.600  -0.628356E+07  0.214998E+09
  0.037   0.600  -0.625253E+07  0.197527E+09
  0.037   0.600   0.205417E-05 -0.736999E-06
  0.043   0.650  -0.183215E-05 -0.795102E-06
  0.043   0.650   0.679874E+07 -0.225798E+09
  0.043   0.650   0.427883E+07 -0.252529E+09
  0.043   0.650  -0.128920E-05 -0.147852E-06
  0.043   0.650  -0.427883E+07  0.252529E+09
  0.043   0.650  -0.679874E+07  0.225798E+09
  0.043   0.650   0.397409E-06  0.186330E-06
  0.061   0.775  -0.173548E-05  0.311750E-06
  0.061   0.775  -0.115089E+07 -0.228109E+09
  0.061   0.775  -0.484488E+08 -0.300513E+09
  0.061   0.775   0.303749E-05  0.118986E-05
  0.061   0.775   0.484488E+08  0.300513E+09
  0.061   0.775   0.115089E+07  0.228109E+09
  0.061   0.775   0.132530E-05  0.193263E-07
  0.065   0.800   0.746368E-06 -0.342847E-05
  0.065   0.800  -0.196780E+07 -0.211269E+09
  0.065   0.800  -0.668294E+08 -0.302248E+09
  0.065   0.800   0.422021E-06  0.740169E-06
  0.065   0.800   0.668294E+08  0.302248E+09
  0.065   0.800   0.196780E+07  0.211269E+09
  0.065   0.800   0.201427E-05  0.119773E-05
  0.102   1.000  -0.926544E-06  0.186301E-06
  0.102   1.000  -0.455823E+07  0.929029E+08
  0.102   1.000  -0.167116E+09 -0.210598E+09
  0.102   1.000   0.287768E-06  0.267909E-05
  0.102   1.000   0.167116E+09  0.210598E+09
  0.102   1.000   0.455823E+07 -0.929029E+08
  0.102   1.000  -0.178708E-05  0.873385E-06
