  0.037   0.600   0.658753E-08  0.664691E-07
  0.037   0.600  -0.421423E+07 -0.350269E+06
  0.037   0.600  -0.103589E+08 -0.490753E+06
  0.037   0.600  -0.137867E+08 -0.437734E+06
  0.037   0.600  -0.103589E+08 -0.490753E+06
  0.037   0.600  -0.421423E+07 -0.350269E+06
  0.037   0.600  -0.229438E-07 -0.137366E-07
  0.043   0.650  -0.244049E-07 -0.529562E-07
  0.043   0.650  -0.329956E+07 -0.280597E+06
  0.043   0.650  -0.997465E+07 -0.827539E+05
  0.043   0.650  -0.140976E+08  0.307719E+06
  0.043   0.650  -0.997465E+07 -0.827539E+05
  0.043   0.650  -0.329956E+07 -0.280597E+06
  0.043   0.650   0.129475E-07 -0.128670E-07
  0.061   0.775  -0.171201E-08  0.195930E-07
  0.061   0.775   0.166656E+06 -0.120214E+06
  0.061   0.775  -0.728593E+07  0.150276E+07
  0.061   0.775  -0.132535E+08  0.374531E+07
  0.061   0.775  -0.728593E+07  0.150276E+07
  0.061   0.775   0.166656E+06 -0.120214E+06
  0.061   0.775   0.185079E-07 -0.202181E-07
  0.065   0.800  -0.239285E-07 -0.436998E-07
  0.065   0.800   0.878421E+06 -0.139935E+06
  0.065   0.800  -0.655682E+07  0.177324E+07
  0.065   0.800  -0.127495E+08  0.460042E+07
  0.065   0.800  -0.655682E+07  0.177324E+07
  0.065   0.800   0.878421E+06 -0.139935E+06
  0.065   0.800  -0.248964E-07 -0.545472E-07
  0.102   1.000   0.342158E-07 -0.177033E-07
  0.102   1.000   0.223025E+07 -0.392485E+06
  0.102   1.000  -0.698273E+06  0.538100E+06
  0.102   1.000  -0.486611E+07  0.109526E+08
  0.102   1.000  -0.698273E+06  0.538100E+06
  0.102   1.000   0.223025E+07 -0.392485E+06
  0.102   1.000   0.551182E-07 -0.501512E-07
