  0.037   0.600   0.793111E-06  0.133958E-05
  0.037   0.600   0.526284E+08  0.486296E+07
  0.037   0.600   0.142942E+09  0.695440E+07
  0.037   0.600   0.199698E+09  0.633613E+07
  0.037   0.600   0.142942E+09  0.695440E+07
  0.037   0.600   0.526284E+08  0.486296E+07
  0.037   0.600  -0.247592E-06 -0.111089E-06
  0.043   0.650  -0.190062E-05 -0.513544E-06
  0.043   0.650   0.350856E+08  0.347428E+07
  0.043   0.650   0.126194E+09  0.105178E+07
  0.043   0.650   0.192648E+09 -0.380852E+07
  0.043   0.650   0.126194E+09  0.105178E+07
  0.043   0.650   0.350856E+08  0.347428E+07
  0.043   0.650   0.132871E-06 -0.405447E-06
  0.061   0.775   0.858630E-06  0.311479E-06
  0.061   0.775  -0.715025E+07  0.125208E+07
  0.061   0.775   0.671176E+08 -0.164253E+08
  0.061   0.775   0.155858E+09 -0.405694E+08
  0.061   0.775   0.671176E+08 -0.164253E+08
  0.061   0.775  -0.715025E+07  0.125208E+07
  0.061   0.775   0.188085E-07 -0.111380E-05
  0.065   0.800  -0.134685E-05 -0.708475E-07
  0.065   0.800  -0.120836E+08  0.175312E+07
  0.065   0.800   0.547080E+08 -0.184697E+08
  0.065   0.800   0.145782E+09 -0.479739E+08
  0.065   0.800   0.547080E+08 -0.184697E+08
  0.065   0.800  -0.120836E+08  0.175312E+07
  0.065   0.800  -0.148953E-05 -0.239520E-06
  0.102   1.000   0.172208E-05 -0.200230E-05
  0.102   1.000   0.275382E+07  0.854895E+07
  0.102   1.000  -0.123518E+08 -0.375709E+07
  0.102   1.000   0.535176E+08 -0.774115E+08
  0.102   1.000  -0.123518E+08 -0.375709E+07
  0.102   1.000   0.275382E+07  0.854895E+07
  0.102   1.000   0.713608E-06 -0.526679E-05
