  0.037   0.600  -0.881612E+07 -0.343809E+07
  0.037   0.600  -0.115446E+08 -0.559548E+07
  0.037   0.600  -0.178544E+08 -0.105490E+08
  0.037   0.600  -0.214472E+08 -0.133567E+08
  0.037   0.600  -0.178544E+08 -0.105490E+08
  0.037   0.600  -0.115446E+08 -0.559548E+07
  0.037   0.600  -0.881612E+07 -0.343809E+07
  0.043   0.650  -0.577750E+07  0.773497E+06
  0.043   0.650  -0.900886E+07 -0.128437E+07
  0.043   0.650  -0.168950E+08 -0.650617E+07
  0.043   0.650  -0.215656E+08 -0.970962E+07
  0.043   0.650  -0.168950E+08 -0.650617E+07
  0.043   0.650  -0.900886E+07 -0.128437E+07
  0.043   0.650  -0.577750E+07  0.773497E+06
  0.061   0.775   0.212111E+07  0.406332E+07
  0.061   0.775  -0.127351E+07  0.378345E+07
  0.061   0.775  -0.114529E+08  0.137366E+07
  0.061   0.775  -0.180393E+08 -0.936761E+06
  0.061   0.775  -0.114529E+08  0.137366E+07
  0.061   0.775  -0.127351E+07  0.378345E+07
  0.061   0.775   0.212111E+07  0.406332E+07
  0.065   0.800   0.328003E+07  0.353866E+07
  0.065   0.800   0.133380E+06  0.369462E+07
  0.065   0.800  -0.101041E+08  0.235070E+07
  0.065   0.800  -0.168696E+08  0.683868E+06
  0.065   0.800  -0.101041E+08  0.235070E+07
  0.065   0.800   0.133380E+06  0.369462E+07
  0.065   0.800   0.328003E+07  0.353866E+07
  0.102   1.000   0.641534E+06 -0.287954E+07
  0.102   1.000   0.314693E+07 -0.196163E+07
  0.102   1.000  -0.810676E+06  0.259830E+07
  0.102   1.000  -0.548127E+07  0.837818E+07
  0.102   1.000  -0.810676E+06  0.259830E+07
  0.102   1.000   0.314693E+07 -0.196163E+07
  0.102   1.000   0.641534E+06 -0.287954E+07
