 -1.000000E+00     1     1  6.748174E-01
 -1.000000E+00     1     2 -2.091988E-03
 -1.000000E+00     1     3 -7.052659E-04
 -1.000000E+00     1     4  1.583112E-03
 -1.000000E+00     1     5 -4.422940E-02
 -1.000000E+00     1     6 -8.868568E-11
 -1.000000E+00     2     1 -1.679540E-03
 -1.000000E+00     2     2  6.744665E-01
 -1.000000E+00     2     3 -3.013426E-03
 -1.000000E+00     2     4  4.454887E-02
 -1.000000E+00     2     5 -1.290996E-03
 -1.000000E+00     2     6 -2.375538E-10
 -1.000000E+00     3     1  1.202541E-04
 -1.000000E+00     3     2  7.104705E-04
 -1.000000E+00     3     3  2.428173E+00
 -1.000000E+00     3     4 -2.647401E-03
 -1.000000E+00     3     5  4.029861E-04
 -1.000000E+00     3     6 -5.997773E-10
 -1.000000E+00     4     1 -1.149114E-03
 -1.000000E+00     4     2  4.445766E-02
 -1.000000E+00     4     3 -3.153012E-03
 -1.000000E+00     4     4  2.279826E-01
 -1.000000E+00     4     5 -3.259157E-03
 -1.000000E+00     4     6 -1.659225E-10
 -1.000000E+00     5     1 -4.469780E-02
 -1.000000E+00     5     2  1.430974E-03
 -1.000000E+00     5     3  6.810866E-04
 -1.000000E+00     5     4 -4.014786E-03
 -1.000000E+00     5     5  2.272284E-01
 -1.000000E+00     5     6  6.144939E-11
 -1.000000E+00     6     1  2.247968E-09
 -1.000000E+00     6     2  9.168138E-10
 -1.000000E+00     6     3  5.630676E-08
 -1.000000E+00     6     4 -2.581497E-09
 -1.000000E+00     6     5  2.330088E-09
 -1.000000E+00     6     6  3.844283E-10
  0.000000E+00     1     1  2.875271E-01
  0.000000E+00     1     2 -8.283013E-04
  0.000000E+00     1     3 -3.226456E-04
  0.000000E+00     1     4  4.106646E-04
  0.000000E+00     1     5 -3.034391E-02
  0.000000E+00     1     6 -7.303799E-11
  0.000000E+00     2     1 -6.548832E-04
  0.000000E+00     2     2  2.873886E-01
  0.000000E+00     2     3 -1.173371E-03
  0.000000E+00     2     4  3.044920E-02
  0.000000E+00     2     5 -3.414746E-04
  0.000000E+00     2     6 -2.644789E-10
  0.000000E+00     3     1  4.730833E-05
  0.000000E+00     3     2  2.802225E-04
  0.000000E+00     3     3  1.817945E+00
  0.000000E+00     3     4 -4.058007E-03
  0.000000E+00     3     5  5.972947E-04
  0.000000E+00     3     6 -6.182771E-10
  0.000000E+00     4     1 -4.606370E-04
  0.000000E+00     4     2  2.969469E-02
  0.000000E+00     4     3 -2.245786E-03
  0.000000E+00     4     4  2.261876E-01
  0.000000E+00     4     5 -3.334345E-03
  0.000000E+00     4     6 -1.956635E-10
  0.000000E+00     5     1 -2.979245E-02
  0.000000E+00     5     2  5.894392E-04
  0.000000E+00     5     3  4.841252E-04
  0.000000E+00     5     4 -4.105375E-03
  0.000000E+00     5     5  2.254144E-01
  0.000000E+00     5     6  5.372116E-11
  0.000000E+00     6     1  9.870492E-10
  0.000000E+00     6     2  4.340876E-10
  0.000000E+00     6     3  3.763074E-08
  0.000000E+00     6     4 -2.558813E-09
  0.000000E+00     6     5  2.359706E-09
  0.000000E+00     6     6  3.676594E-10
  6.344823E+00     1     1  7.115997E-01  1.757468E-03
  6.344823E+00     1     2 -2.251656E-03 -1.319933E-05
  6.344823E+00     1     3 -7.100629E-04 -1.692875E-04
  6.344823E+00     1     4  1.685052E-03  3.017741E-06
  6.344823E+00     1     5 -4.569334E-02  2.319867E-04
  6.344823E+00     1     6 -1.116880E-10 -9.621191E-14
  6.344823E+00     2     1 -1.808214E-03 -1.060897E-05
  6.344823E+00     2     2  7.112222E-01  1.755257E-03
  6.344823E+00     2     3 -3.039331E-03 -7.898341E-04
  6.344823E+00     2     4  4.603186E-02 -2.314945E-04
  6.344823E+00     2     5 -1.373490E-03 -2.441063E-06
  6.344823E+00     2     6 -1.995322E-10 -1.840054E-13
  6.344823E+00     3     1  1.265340E-04 -7.959644E-07
  6.344823E+00     3     2  7.478668E-04 -4.752365E-06
  6.344823E+00     3     3  2.407495E+00  3.769951E-01
  6.344823E+00     3     4 -2.536237E-03  3.196964E-05
  6.344823E+00     3     5  3.873117E-04 -4.824935E-06
  6.344823E+00     3     6 -6.034262E-10  6.895195E-12
  6.344823E+00     4     1 -1.223241E-03 -6.019542E-06
  6.344823E+00     4     2  4.555314E-02 -2.401899E-04
  6.344823E+00     4     3 -3.129563E-03 -5.412252E-04
  6.344823E+00     4     4  2.306740E-01  3.063073E-05
  6.344823E+00     4     5 -3.266336E-03 -6.198419E-07
  6.344823E+00     4     6 -1.439424E-10  1.843908E-15
  6.344823E+00     5     1 -4.580959E-02  2.389330E-04
  6.344823E+00     5     2  1.522585E-03  7.480673E-06
  6.344823E+00     5     3  6.757101E-04  1.169717E-04
  6.344823E+00     5     4 -4.023815E-03 -7.752223E-07
  6.344823E+00     5     5  2.299182E-01  3.054936E-05
  6.344823E+00     5     6  7.995072E-11 -5.861719E-15
  6.344823E+00     6     1  2.390379E-09  1.190145E-11
  6.344823E+00     6     2  9.842288E-10  4.723254E-12
  6.344823E+00     6     3  5.584117E-08  1.092547E-08
  6.344823E+00     6     4 -2.590205E-09  2.908658E-13
  6.344823E+00     6     5  2.346729E-09  1.410805E-12
  6.344823E+00     6     6  3.962369E-10  1.986381E-19
  4.486468E+00     1     1  7.559629E-01  9.489857E-03
  4.486468E+00     1     2 -2.481320E-03 -7.074898E-05
  4.486468E+00     1     3 -6.889795E-04 -2.507732E-04
  4.486468E+00     1     4  1.795028E-03  1.669866E-05
  4.486468E+00     1     5 -4.535409E-02  1.092481E-03
  4.486468E+00     1     6 -1.207620E-10 -5.324795E-13
  4.486468E+00     2     1 -1.993202E-03 -5.689084E-05
  4.486468E+00     2     2  7.555462E-01  9.477969E-03
  4.486468E+00     2     3 -2.945656E-03 -1.171032E-03
  4.486468E+00     2     4  4.571325E-02 -1.089583E-03
  4.486468E+00     2     5 -1.462635E-03 -1.351617E-05
  4.486468E+00     2     6 -1.986866E-10 -9.161637E-13
  4.486468E+00     3     1  1.359193E-04 -1.357761E-06
  4.486468E+00     3     2  8.063577E-04 -7.952840E-06
  4.486468E+00     3     3  2.321475E+00  5.366135E-01
  4.486468E+00     3     4 -2.428025E-03  9.550232E-05
  4.486468E+00     3     5  3.720711E-04 -1.437409E-05
  4.486468E+00     3     6 -5.843095E-10  1.988831E-11
  4.486468E+00     4     1 -1.326349E-03 -3.117281E-05
  4.486468E+00     4     2  4.490870E-02 -1.143335E-03
  4.486468E+00     4     3 -3.014576E-03 -7.812122E-04
  4.486468E+00     4     4  2.312929E-01  1.255190E-04
  4.486468E+00     4     5 -3.266422E-03 -2.588853E-06
  4.486468E+00     4     6 -1.363869E-10  5.819427E-14
  4.486468E+00     5     1 -4.518614E-02  1.136821E-03
  4.486468E+00     5     2  1.650457E-03  3.871411E-05
  4.486468E+00     5     3  6.501781E-04  1.685353E-04
  4.486468E+00     5     4 -4.023998E-03 -3.244018E-06
  4.486468E+00     5     5  2.305369E-01  1.251371E-04
  4.486468E+00     5     6  8.177136E-11 -5.192357E-14
  4.486468E+00     6     1  2.584143E-09  6.163500E-11
  4.486468E+00     6     2  1.063823E-09  2.483148E-11
  4.486468E+00     6     3  5.358551E-08  1.580318E-08
  4.486468E+00     6     4 -2.602509E-09 -3.093171E-14
  4.486468E+00     6     5  2.354440E-09  6.542450E-12
  4.486468E+00     6     6  3.986435E-10  5.793192E-19
  3.663185E+00     1     1  8.089248E-01  3.048947E-02
  3.663185E+00     1     2 -2.758594E-03 -2.269927E-04
  3.663185E+00     1     3 -6.387680E-04 -3.151349E-04
  3.663185E+00     1     4  1.925511E-03  5.505501E-05
  3.663185E+00     1     5 -4.531897E-02  3.025911E-03
  3.663185E+00     1     6 -1.291328E-10 -1.780166E-12
  3.663185E+00     2     1 -2.216661E-03 -1.826335E-04
  3.663185E+00     2     2  8.084621E-01  3.045134E-02
  3.663185E+00     2     3 -2.707484E-03 -1.468551E-03
  3.663185E+00     2     4  4.570203E-02 -3.016049E-03
  3.663185E+00     2     5 -1.568459E-03 -4.459021E-05
  3.663185E+00     2     6 -1.940306E-10 -2.752877E-12
  3.663185E+00     3     1  1.498627E-04  9.747170E-07
  3.663185E+00     3     2  8.883719E-04  6.375394E-06
  3.663185E+00     3     3  2.174044E+00  6.389127E-01
  3.663185E+00     3     4 -2.346304E-03  1.770615E-04
  3.663185E+00     3     5  3.612780E-04 -2.656249E-05
  3.663185E+00     3     6 -6.042050E-10  3.615031E-11
  3.663185E+00     4     1 -1.447807E-03 -9.622099E-05
  3.663185E+00     4     2  4.443846E-02 -3.220175E-03
  3.663185E+00     4     3 -2.804948E-03 -9.417567E-04
  3.663185E+00     4     4  2.319444E-01  2.990597E-04
  3.663185E+00     4     5 -3.265351E-03 -6.259211E-06
  3.663185E+00     4     6 -1.297347E-10  2.296728E-13
  3.663185E+00     5     1 -4.474064E-02  3.200092E-03
  3.663185E+00     5     2  1.800828E-03  1.193984E-04
  3.663185E+00     5     3  6.054439E-04  2.032133E-04
  3.663185E+00     5     4 -4.022737E-03 -7.860143E-06
  3.663185E+00     5     5  2.311890E-01  2.980897E-04
  3.663185E+00     5     6  8.529966E-11 -1.846096E-13
  3.663185E+00     6     1  2.819502E-09  1.904766E-10
  3.663185E+00     6     2  1.152140E-09  7.649760E-11
  3.663185E+00     6     3  4.931785E-08  1.906932E-08
  3.663185E+00     6     4 -2.599115E-09 -2.128962E-12
  3.663185E+00     6     5  2.364552E-09  1.765652E-11
  3.663185E+00     6     6  4.014573E-10  1.077336E-18
  3.172412E+00     1     1  8.644279E-01  6.956992E-02
  3.172412E+00     1     2 -3.032620E-03 -5.177936E-04
  3.172412E+00     1     3 -5.801646E-04 -3.498754E-04
  3.172412E+00     1     4  2.065857E-03  1.287342E-04
  3.172412E+00     1     5 -4.632085E-02  5.874011E-03
  3.172412E+00     1     6 -1.415118E-10 -4.452097E-12
  3.172412E+00     2     1 -2.437844E-03 -4.168933E-04
  3.172412E+00     2     2  8.639175E-01  6.948267E-02
  3.172412E+00     2     3 -2.436327E-03 -1.630976E-03
  3.172412E+00     2     4  4.673005E-02 -5.850524E-03
  3.172412E+00     2     5 -1.682300E-03 -1.043213E-04
  3.172412E+00     2     6 -1.864012E-10 -6.044932E-12
  3.172412E+00     3     1  1.640828E-04  8.905870E-06
  3.172412E+00     3     2  9.801495E-04  5.378727E-05
  3.172412E+00     3     3  2.025167E+00  6.678143E-01
  3.172412E+00     3     4 -2.288194E-03  2.550731E-04
  3.172412E+00     3     5  3.539950E-04 -3.813911E-05
  3.172412E+00     3     6 -6.220601E-10  5.179428E-11
  3.172412E+00     4     1 -1.568425E-03 -2.116305E-04
  3.172412E+00     4     2  4.487506E-02 -6.408473E-03
  3.172412E+00     4     3 -2.587335E-03 -9.937940E-04
  3.172412E+00     4     4  2.325088E-01  4.921564E-04
  3.172412E+00     4     5 -3.261455E-03 -1.037905E-05
  3.172412E+00     4     6 -1.272140E-10  3.792809E-13
  3.172412E+00     5     1 -4.520370E-02  6.364200E-03
  3.172412E+00     5     2  1.949739E-03  2.623380E-04
  3.172412E+00     5     3  5.583078E-04  2.138608E-04
  3.172412E+00     5     4 -4.017993E-03 -1.307150E-05
  3.172412E+00     5     5  2.317543E-01  4.905384E-04
  3.172412E+00     5     6  9.320589E-11 -3.775297E-13
  3.172412E+00     6     1  3.036652E-09  4.171781E-10
  3.172412E+00     6     2  1.257858E-09  1.686309E-10
  3.172412E+00     6     3  4.492517E-08  2.020283E-08
  3.172412E+00     6     4 -2.600380E-09 -5.972295E-12
  3.172412E+00     6     5  2.364495E-09  3.297577E-11
  3.172412E+00     6     6  4.043789E-10  1.677854E-18
  2.837491E+00     1     1  9.150997E-01  1.284180E-01
  2.837491E+00     1     2 -3.234883E-03 -9.504422E-04
  2.837491E+00     1     3 -5.261553E-04 -3.665507E-04
  2.837491E+00     1     4  2.202134E-03  2.428498E-04
  2.837491E+00     1     5 -4.882956E-02  9.062239E-03
  2.837491E+00     1     6 -1.453203E-10 -8.130475E-12
  2.837491E+00     2     1 -2.601224E-03 -7.657596E-04
  2.837491E+00     2     2  9.145557E-01  1.282580E-01
  2.837491E+00     2     3 -2.189044E-03 -1.711584E-03
  2.837491E+00     2     4  4.926482E-02 -9.017408E-03
  2.837491E+00     2     5 -1.792893E-03 -1.968864E-04
  2.837491E+00     2     6 -1.651708E-10 -9.393585E-12
  2.837491E+00     3     1  1.785435E-04  2.320541E-05
  2.837491E+00     3     2  1.078695E-03  1.405025E-04
  2.837491E+00     3     3  1.901188E+00  6.533693E-01
  2.837491E+00     3     4 -2.241436E-03  3.224082E-04
  2.837491E+00     3     5  3.483573E-04 -4.807911E-05
  2.837491E+00     3     6 -6.093249E-10  6.350319E-11
  2.837491E+00     4     1 -1.664271E-03 -3.774836E-04
  2.837491E+00     4     2  4.678169E-02 -1.023985E-02
  2.837491E+00     4     3 -2.405795E-03 -9.852804E-04
  2.837491E+00     4     4  2.329459E-01  6.285648E-04
  2.837491E+00     4     5 -3.254730E-03 -1.316221E-05
  2.837491E+00     4     6 -1.071661E-10  6.988752E-13
  2.837491E+00     5     1 -4.712808E-02  1.016127E-02
  2.837491E+00     5     2  2.068201E-03  4.674764E-04
  2.837491E+00     5     3  5.184580E-04  2.104696E-04
  2.837491E+00     5     4 -4.009689E-03 -1.666105E-05
  2.837491E+00     5     5  2.321924E-01  6.266272E-04
  2.837491E+00     5     6  9.003503E-11 -7.157907E-13
  2.837491E+00     6     1  3.214963E-09  7.410093E-10
  2.837491E+00     6     2  1.363595E-09  3.026778E-10
  2.837491E+00     6     3  4.116220E-08  2.001324E-08
  2.837491E+00     6     4 -2.592071E-09 -1.034484E-11
  2.837491E+00     6     5  2.353308E-09  4.872080E-11
  2.837491E+00     6     6  4.072142E-10  2.902265E-18
  2.590263E+00     1     1  9.528949E-01  2.055773E-01
  2.590263E+00     1     2 -3.295221E-03 -1.497350E-03
  2.590263E+00     1     3 -4.803652E-04 -3.755973E-04
  2.590263E+00     1     4  2.318012E-03  3.962112E-04
  2.590263E+00     1     5 -5.296147E-02  1.183527E-02
  2.590263E+00     1     6 -1.556158E-10 -1.407708E-11
  2.590263E+00     2     1 -2.650445E-03 -1.207364E-03
  2.590263E+00     2     2  9.523431E-01  2.053260E-01
  2.590263E+00     2     3 -1.971490E-03 -1.741755E-03
  2.590263E+00     2     4  5.341760E-02 -1.176169E-02
  2.590263E+00     2     5 -1.886932E-03 -3.213404E-04
  2.590263E+00     2     6 -1.722488E-10 -1.583624E-11
  2.590263E+00     3     1  1.944728E-04  4.453875E-05
  2.590263E+00     3     2  1.154754E-03  2.675643E-04
  2.590263E+00     3     3  1.803263E+00  6.167497E-01
  2.590263E+00     3     4 -2.200608E-03  3.788330E-04
  2.590263E+00     3     5  3.436652E-04 -5.634830E-05
  2.590263E+00     3     6 -6.533976E-10  7.034792E-11
  2.590263E+00     4     1 -1.718974E-03 -5.863548E-04
  2.590263E+00     4     2  5.043231E-02 -1.403083E-02
  2.590263E+00     4     3 -2.261318E-03 -9.419914E-04
  2.590263E+00     4     4  2.332501E-01  6.516691E-04
  2.590263E+00     4     5 -3.245641E-03 -1.316755E-05
  2.590263E+00     4     6 -1.095274E-10  8.380099E-13
  2.590263E+00     5     1 -5.078994E-02  1.390890E-02
  2.590263E+00     5     2  2.135229E-03  7.252924E-04
  2.590263E+00     5     3  4.890110E-04  2.026352E-04
  2.590263E+00     5     4 -3.998455E-03 -1.683141E-05
  2.590263E+00     5     5  2.324993E-01  6.499822E-04
  2.590263E+00     5     6  9.830862E-11 -9.118184E-13
  2.590263E+00     6     1  3.302245E-09  1.143640E-09
  2.590263E+00     6     2  1.333143E-09  4.496444E-10
  2.590263E+00     6     3  3.815590E-08  1.913998E-08
  2.590263E+00     6     4 -2.590615E-09 -1.220483E-11
  2.590263E+00     6     5  2.346442E-09  6.065323E-11
  2.590263E+00     6     6  4.097156E-10  7.205647E-18
  2.398118E+00     1     1  9.706751E-01  2.958446E-01
  2.398118E+00     1     2 -3.155939E-03 -2.087077E-03
  2.398118E+00     1     3 -4.362020E-04 -3.741498E-04
  2.398118E+00     1     4  2.399205E-03  5.801220E-04
  2.398118E+00     1     5 -5.842799E-02  1.343071E-02
  2.398118E+00     1     6 -1.594440E-10 -2.049306E-11
  2.398118E+00     2     1 -2.538398E-03 -1.684256E-03
  2.398118E+00     2     2  9.701466E-01  2.954937E-01
  2.398118E+00     2     3 -1.776003E-03 -1.735323E-03
  2.398118E+00     2     4  5.890085E-02 -1.332212E-02
  2.398118E+00     2     5 -1.952903E-03 -4.706322E-04
  2.398118E+00     2     6 -1.717581E-10 -2.249140E-11
  2.398118E+00     3     1  2.004336E-04  7.066528E-05
  2.398118E+00     3     2  1.192508E-03  4.251967E-04
  2.398118E+00     3     3  1.727661E+00  5.692816E-01
  2.398118E+00     3     4 -2.158852E-03  4.251772E-04
  2.398118E+00     3     5  3.381462E-04 -6.313401E-05
  2.398118E+00     3     6 -6.640385E-10  6.874921E-11
  2.398118E+00     4     1 -1.712893E-03 -8.206194E-04
  2.398118E+00     4     2  5.577048E-02 -1.698233E-02
  2.398118E+00     4     3 -2.145887E-03 -8.802010E-04
  2.398118E+00     4     4  2.334422E-01  5.389177E-04
  2.398118E+00     4     5 -3.235953E-03 -9.607543E-06
  2.398118E+00     4     6 -1.092301E-10  1.245208E-12
  2.398118E+00     5     1 -5.612690E-02  1.681154E-02
  2.398118E+00     5     2  2.127224E-03  1.013842E-03
  2.398118E+00     5     3  4.634711E-04  1.886049E-04
  2.398118E+00     5     4 -3.986377E-03 -1.261639E-05
  2.398118E+00     5     5  2.326923E-01  5.381820E-04
  2.398118E+00     5     6  9.910251E-11 -1.201758E-12
  2.398118E+00     6     1  3.259338E-09  1.579633E-09
  2.398118E+00     6     2  1.327462E-09  6.258698E-10
  2.398118E+00     6     3  3.567965E-08  1.783006E-08
  2.398118E+00     6     4 -2.603282E-09 -1.226069E-11
  2.398118E+00     6     5  2.318164E-09  6.468816E-11
  2.398118E+00     6     6  4.116695E-10  2.145255E-17
  2.243234E+00     1     1  9.642754E-01  3.910492E-01
  2.243234E+00     1     2 -2.805735E-03 -2.620590E-03
  2.243234E+00     1     3 -3.955604E-04 -3.634844E-04
  2.243234E+00     1     4  2.437136E-03  7.803535E-04
  2.243234E+00     1     5 -6.457097E-02  1.330537E-02
  2.243234E+00     1     6 -2.049356E-10 -3.482860E-11
  2.243234E+00     2     1 -2.254902E-03 -2.116104E-03
  2.243234E+00     2     2  9.638091E-01  3.906097E-01
  2.243234E+00     2     3 -1.602827E-03 -1.700387E-03
  2.243234E+00     2     4  6.505118E-02 -1.315867E-02
  2.243234E+00     2     5 -1.983750E-03 -6.331816E-04
  2.243234E+00     2     6 -2.386563E-10 -3.926430E-11
  2.243234E+00     3     1  1.922055E-04  9.790755E-05
  2.243234E+00     3     2  1.177075E-03  5.960130E-04
  2.243234E+00     3     3  1.670347E+00  5.173951E-01
  2.243234E+00     3     4 -2.114180E-03  4.630072E-04
  2.243234E+00     3     5  3.321619E-04 -6.881041E-05
  2.243234E+00     3     6 -6.809801E-10  8.225887E-11
  2.243234E+00     4     1 -1.637925E-03 -1.055883E-03
  2.243234E+00     4     2  6.234328E-02 -1.835915E-02
  2.243234E+00     4     3 -2.054889E-03 -8.092120E-04
  2.243234E+00     4     4  2.335374E-01  3.092821E-04
  2.243234E+00     4     5 -3.227456E-03 -2.734056E-06
  2.243234E+00     4     6 -1.156056E-10  3.650068E-12
  2.243234E+00     5     1 -6.268706E-02  1.813794E-02
  2.243234E+00     5     2  2.034973E-03  1.303103E-03
  2.243234E+00     5     3  4.420700E-04  1.712158E-04
  2.243234E+00     5     4 -3.975732E-03 -4.344126E-06
  2.243234E+00     5     5  2.327890E-01  3.100939E-04
  2.243234E+00     5     6  1.193590E-10 -2.537857E-12
  2.243234E+00     6     1  2.898282E-09  1.930882E-09
  2.243234E+00     6     2  8.368990E-10  6.217313E-10
  2.243234E+00     6     3  3.394753E-08  1.642324E-08
  2.243234E+00     6     4 -2.630838E-09 -2.895345E-12
  2.243234E+00     6     5  2.316806E-09  5.695182E-11
  2.243234E+00     6     6  4.127945E-10  6.326594E-17
  2.114941E+00     1     1  9.338550E-01  4.822277E-01
  2.114941E+00     1     2 -2.296575E-03 -3.011462E-03
  2.114941E+00     1     3 -3.645540E-04 -3.577321E-04
  2.114941E+00     1     4  2.428765E-03  9.811192E-04
  2.114941E+00     1     5 -7.056819E-02  1.129720E-02
  2.114941E+00     1     6 -1.610003E-10 -3.676676E-11
  2.114941E+00     2     1 -1.842501E-03 -2.433168E-03
  2.114941E+00     2     2  9.334709E-01  4.817200E-01
  2.114941E+00     2     3 -1.459425E-03 -1.657222E-03
  2.114941E+00     2     4  7.104695E-02 -1.111200E-02
  2.114941E+00     2     5 -1.976843E-03 -7.961154E-04
  2.114941E+00     2     6 -1.531181E-10 -3.790731E-11
  2.114941E+00     3     1  1.892694E-04  1.281674E-04
  2.114941E+00     3     2  1.126208E-03  7.669945E-04
  2.114941E+00     3     3  1.627708E+00  4.648558E-01
  2.114941E+00     3     4 -2.067422E-03  4.934386E-04
  2.114941E+00     3     5  3.269559E-04 -7.344088E-05
  2.114941E+00     3     6 -6.950223E-10  7.204938E-11
  2.114941E+00     4     1 -1.499104E-03 -1.266387E-03
  2.114941E+00     4     2  6.943765E-02 -1.767787E-02
  2.114941E+00     4     3 -1.991396E-03 -7.432979E-04
  2.114941E+00     4     4  2.335485E-01  1.620294E-05
  2.114941E+00     4     5 -3.220471E-03  6.175428E-06
  2.114941E+00     4     6 -1.063286E-10 -2.522557E-12
  2.114941E+00     5     1 -6.975057E-02  1.741350E-02
  2.114941E+00     5     2  1.864342E-03  1.561247E-03
  2.114941E+00     5     3  4.302383E-04  1.588953E-04
  2.114941E+00     5     4 -3.967050E-03  6.413029E-06
  2.114941E+00     5     5  2.328007E-01  1.896006E-05
  2.114941E+00     5     6  1.069084E-10  4.013787E-13
  2.114941E+00     6     1  2.794906E-09  2.358385E-09
  2.114941E+00     6     2  1.154119E-09  9.272420E-10
  2.114941E+00     6     3  3.253658E-08  1.496256E-08
  2.114941E+00     6     4 -2.588858E-09 -1.354047E-12
  2.114941E+00     6     5  2.267101E-09  4.443190E-11
  2.114941E+00     6     6  4.129724E-10  1.683148E-16
  2.006409E+00     1     1  8.820269E-01  5.613984E-01
  2.006409E+00     1     2 -1.713331E-03 -3.207474E-03
  2.006409E+00     1     3 -3.357074E-04 -3.435231E-04
  2.006409E+00     1     4  2.373319E-03  1.169476E-03
  2.006409E+00     1     5 -7.462845E-02  8.016734E-03
  2.006409E+00     1     6 -1.640909E-10 -4.591582E-11
  2.006409E+00     2     1 -1.368919E-03 -2.592052E-03
  2.006409E+00     2     2  8.817402E-01  5.608573E-01
  2.006409E+00     2     3 -1.333467E-03 -1.595433E-03
  2.006409E+00     2     4  7.509641E-02 -7.795429E-03
  2.006409E+00     2     5 -1.931858E-03 -9.489776E-04
  2.006409E+00     2     6 -1.572211E-10 -3.925251E-11
  2.006409E+00     3     1  1.696805E-04  1.501656E-04
  2.006409E+00     3     2  1.021343E-03  9.070660E-04
  2.006409E+00     3     3  1.593837E+00  4.145386E-01
  2.006409E+00     3     4 -2.012883E-03  5.159325E-04
  2.006409E+00     3     5  3.202792E-04 -7.696503E-05
  2.006409E+00     3     6 -7.251587E-10  7.076085E-11
  2.006409E+00     4     1 -1.311943E-03 -1.428760E-03
  2.006409E+00     4     2  7.536906E-02 -1.491108E-02
  2.006409E+00     4     3 -1.939319E-03 -6.731778E-04
  2.006409E+00     4     4  2.323323E-01 -2.633375E-04
  2.006409E+00     4     5 -3.212871E-03  1.430962E-05
  2.006409E+00     4     6 -1.045558E-10  1.312266E-12
  2.006409E+00     5     1 -7.564463E-02  1.461289E-02
  2.006409E+00     5     2  1.635492E-03  1.760208E-03
  2.006409E+00     5     3  4.189741E-04  1.425630E-04
  2.006409E+00     5     4 -3.957449E-03  1.619190E-05
  2.006409E+00     5     5  2.315858E-01 -2.590264E-04
  2.006409E+00     5     6  1.292300E-10 -1.061272E-12
  2.006409E+00     6     1  2.487063E-09  2.654948E-09
  2.006409E+00     6     2  1.041227E-09  1.050487E-09
  2.006409E+00     6     3  3.142741E-08  1.350030E-08
  2.006409E+00     6     4 -2.589051E-09  6.927272E-12
  2.006409E+00     6     5  2.234734E-09  2.527819E-11
  2.006409E+00     6     6  4.069427E-10  4.055349E-16
  1.913036E+00     1     1  8.182323E-01  6.248725E-01
  1.913036E+00     1     2 -1.131645E-03 -3.215324E-03
  1.913036E+00     1     3 -3.122880E-04 -3.299185E-04
  1.913036E+00     1     4  2.298549E-03  1.336654E-03
  1.913036E+00     1     5 -7.906982E-02  2.936427E-03
  1.913036E+00     1     6 -1.354531E-10 -3.995542E-11
  1.913036E+00     2     1 -8.961356E-04 -2.597629E-03
  1.913036E+00     2     2  8.180456E-01  6.243328E-01
  1.913036E+00     2     3 -1.233525E-03 -1.530722E-03
  1.913036E+00     2     4  7.952312E-02 -2.683104E-03
  1.913036E+00     2     5 -1.871167E-03 -1.084626E-03
  1.913036E+00     2     6 -1.460818E-10 -4.409139E-11
  1.913036E+00     3     1  1.509951E-04  1.702998E-04
  1.913036E+00     3     2  8.947720E-04  1.019372E-03
  1.913036E+00     3     3  1.573997E+00  3.663240E-01
  1.913036E+00     3     4 -1.956366E-03  5.330057E-04
  1.913036E+00     3     5  3.132699E-04 -7.971944E-05
  1.913036E+00     3     6 -7.503575E-10  7.716908E-11
  1.913036E+00     4     1 -1.093784E-03 -1.536000E-03
  1.913036E+00     4     2  8.154992E-02 -1.029206E-02
  1.913036E+00     4     3 -1.905543E-03 -6.107311E-04
  1.913036E+00     4     4  2.329120E-01 -4.890642E-04
  1.913036E+00     4     5 -3.214078E-03  2.252411E-05
  1.913036E+00     4     6 -1.077917E-10 -2.484099E-13
  1.913036E+00     5     1 -8.177716E-02  9.973607E-03
  1.913036E+00     5     2  1.369110E-03  1.891794E-03
  1.913036E+00     5     3  4.122212E-04  1.301213E-04
  1.913036E+00     5     4 -3.958667E-03  2.605408E-05
  1.913036E+00     5     5  2.321645E-01 -4.832079E-04
  1.913036E+00     5     6  9.664302E-11 -3.258455E-14
  1.913036E+00     6     1  2.074822E-09  2.813365E-09
  1.913036E+00     6     2  9.189442E-10  1.145539E-09
  1.913036E+00     6     3  3.070785E-08  1.205851E-08
  1.913036E+00     6     4 -2.589847E-09  1.761786E-11
  1.913036E+00     6     5  2.228064E-09 -7.102367E-13
  1.913036E+00     6     6  4.084466E-10  8.998598E-16
  1.831593E+00     1     1  7.471181E-01  6.707163E-01
  1.831593E+00     1     2 -6.231468E-04 -3.073184E-03
  1.831593E+00     1     3 -2.939528E-04 -3.138127E-04
  1.831593E+00     1     4  2.202914E-03  1.478554E-03
  1.831593E+00     1     5 -8.206111E-02 -2.911879E-03
  1.831593E+00     1     6 -1.312383E-10 -4.689208E-11
  1.831593E+00     2     1 -4.828344E-04 -2.480935E-03
  1.831593E+00     2     2  7.470172E-01  6.702003E-01
  1.831593E+00     2     3 -1.151015E-03 -1.460072E-03
  1.831593E+00     2     4  8.249493E-02  3.191955E-03
  1.831593E+00     2     5 -1.793675E-03 -1.199802E-03
  1.831593E+00     2     6 -1.249501E-10 -4.650445E-11
  1.831593E+00     3     1  1.239231E-04  1.808698E-04
  1.831593E+00     3     2  7.461030E-04  1.088064E-03
  1.831593E+00     3     3  1.561813E+00  3.217052E-01
  1.831593E+00     3     4 -1.893355E-03  5.432206E-04
  1.831593E+00     3     5  3.063481E-04 -8.163079E-05
  1.831593E+00     3     6 -7.475333E-10  7.895018E-11
  1.831593E+00     4     1 -8.684790E-04 -1.584550E-03
  1.831593E+00     4     2  8.632866E-02 -4.358157E-03
  1.831593E+00     4     3 -1.879791E-03 -5.491631E-04
  1.831593E+00     4     4  2.335666E-01 -6.012910E-04
  1.831593E+00     4     5 -3.217941E-03  2.814208E-05
  1.831593E+00     4     6 -9.805746E-11 -5.805541E-12
  1.831593E+00     5     1 -8.651059E-02  4.028541E-03
  1.831593E+00     5     2  1.094345E-03  1.951921E-03
  1.831593E+00     5     3  4.076249E-04  1.161644E-04
  1.831593E+00     5     4 -3.962946E-03  3.272412E-05
  1.831593E+00     5     5  2.328188E-01 -5.945346E-04
  1.831593E+00     5     6  1.043049E-10  3.379489E-12
  1.831593E+00     6     1  1.671325E-09  2.868220E-09
  1.831593E+00     6     2  7.516673E-10  1.153183E-09
  1.831593E+00     6     3  3.026258E-08  1.075845E-08
  1.831593E+00     6     4 -2.574992E-09  2.850488E-11
  1.831593E+00     6     5  2.219019E-09 -2.737757E-11
  1.831593E+00     6     6  4.098778E-10  1.854029E-15
  1.759737E+00     1     1  6.742546E-01  6.998365E-01
  1.759737E+00     1     2 -2.198166E-04 -2.834910E-03
  1.759737E+00     1     3 -2.765055E-04 -2.962985E-04
  1.759737E+00     1     4  2.094617E-03  1.594111E-03
  1.759737E+00     1     5 -8.359604E-02 -9.005546E-03
  1.759737E+00     1     6 -1.071161E-10 -5.725085E-11
  1.759737E+00     2     1 -1.554266E-04 -2.285677E-03
  1.759737E+00     2     2  6.742210E-01  6.993602E-01
  1.759737E+00     2     3 -1.084466E-03 -1.390033E-03
  1.759737E+00     2     4  8.401034E-02  9.308063E-03
  1.759737E+00     2     5 -1.705923E-03 -1.293649E-03
  1.759737E+00     2     6 -7.438109E-11 -6.861074E-11
  1.759737E+00     3     1  9.815895E-05  1.839530E-04
  1.759737E+00     3     2  5.960681E-04  1.116561E-03
  1.759737E+00     3     3  1.555578E+00  2.810197E-01
  1.759737E+00     3     4 -1.822981E-03  5.464112E-04
  1.759737E+00     3     5  2.966619E-04 -8.226762E-05
  1.759737E+00     3     6 -7.763020E-10  9.391295E-11
  1.759737E+00     4     1 -6.542691E-04 -1.580645E-03
  1.759737E+00     4     2  8.950543E-02  2.284730E-03
  1.759737E+00     4     3 -1.862639E-03 -4.918417E-04
  1.759737E+00     4     4  2.342445E-01 -5.817408E-04
  1.759737E+00     4     5 -3.222881E-03  3.043309E-05
  1.759737E+00     4     6 -1.050063E-10 -3.729785E-11
  1.759737E+00     5     1 -8.964317E-02 -2.613395E-03
  1.759737E+00     5     2  8.330875E-04  1.948491E-03
  1.759737E+00     5     3  4.025889E-04  1.032343E-04
  1.759737E+00     5     4 -3.968478E-03  3.536206E-05
  1.759737E+00     5     5  2.334938E-01 -5.748374E-04
  1.759737E+00     5     6  1.044418E-10  1.825690E-11
  1.759737E+00     6     1  1.312621E-09  2.841623E-09
  1.759737E+00     6     2  6.645627E-10  1.204591E-09
  1.759737E+00     6     3  3.004337E-08  9.528672E-09
  1.759737E+00     6     4 -2.608988E-09  3.927246E-11
  1.759737E+00     6     5  2.211270E-09 -5.228928E-11
  1.759737E+00     6     6  4.112144E-10  3.587150E-15
  1.695725E+00     1     1  6.037333E-01  7.145837E-01
  1.695725E+00     1     2  7.478513E-05 -2.551478E-03
  1.695725E+00     1     3 -2.662211E-04 -2.833061E-04
  1.695725E+00     1     4  1.980602E-03  1.684500E-03
  1.695725E+00     1     5 -8.383747E-02 -1.493687E-02
  1.695725E+00     1     6 -1.319994E-10 -4.759589E-11
  1.695725E+00     2     1  8.310287E-05 -2.053463E-03
  1.695725E+00     2     2  6.037479E-01  7.141563E-01
  1.695725E+00     2     3 -1.035532E-03 -1.328301E-03
  1.695725E+00     2     4  8.422700E-02  1.525558E-02
  1.695725E+00     2     5 -1.613394E-03 -1.367090E-03
  1.695725E+00     2     6 -1.051622E-10 -3.143012E-11
  1.695725E+00     3     1  7.738709E-05  1.859570E-04
  1.695725E+00     3     2  4.604909E-04  1.119763E-03
  1.695725E+00     3     3  1.553869E+00  2.443078E-01
  1.695725E+00     3     4 -1.747549E-03  5.429212E-04
  1.695725E+00     3     5  2.886150E-04 -8.215262E-05
  1.695725E+00     3     6 -8.579621E-10  8.914098E-11
  1.695725E+00     4     1 -4.621017E-04 -1.536311E-03
  1.695725E+00     4     2  9.114598E-02  9.098992E-03
  1.695725E+00     4     3 -1.856833E-03 -4.430657E-04
  1.695725E+00     4     4  2.348912E-01 -4.386060E-04
  1.695725E+00     4     5 -3.227658E-03  2.928408E-05
  1.695725E+00     4     6 -8.471231E-11  4.523190E-12
  1.695725E+00     5     1 -9.124527E-02 -9.417685E-03
  1.695725E+00     5     2  5.987902E-04  1.896196E-03
  1.695725E+00     5     3  4.035018E-04  9.354042E-05
  1.695725E+00     5     4 -3.973840E-03  3.385727E-05
  1.695725E+00     5     5  2.341413E-01 -4.324865E-04
  1.695725E+00     5     6  1.128296E-10 -7.489410E-13
  1.695725E+00     6     1  9.878142E-10  2.809970E-09
  1.695725E+00     6     2  5.080442E-10  1.186684E-09
  1.695725E+00     6     3  2.988986E-08  8.412764E-09
  1.695725E+00     6     4 -2.594027E-09  4.815169E-11
  1.695725E+00     6     5  2.259880E-09 -7.517522E-11
  1.695725E+00     6     6  4.125328E-10  6.572200E-15
  1.638226E+00     1     1  5.379736E-01  7.178084E-01
  1.638226E+00     1     2  2.734319E-04 -2.258974E-03
  1.638226E+00     1     3 -2.574452E-04 -2.692106E-04
  1.638226E+00     1     4  1.865223E-03  1.752101E-03
  1.638226E+00     1     5 -8.298490E-02 -2.042239E-02
  1.638226E+00     1     6 -1.312842E-10 -4.692361E-11
  1.638226E+00     2     1  2.430292E-04 -1.813795E-03
  1.638226E+00     2     2  5.380207E-01  7.174323E-01
  1.638226E+00     2     3 -9.898035E-04 -1.263103E-03
  1.638226E+00     2     4  8.335262E-02  2.075404E-02
  1.638226E+00     2     5 -1.519821E-03 -1.422149E-03
  1.638226E+00     2     6 -1.072417E-10 -3.098206E-11
  1.638226E+00     3     1  5.454389E-05  1.782945E-04
  1.638226E+00     3     2  3.332110E-04  1.090220E-03
  1.638226E+00     3     3  1.555409E+00  2.115116E-01
  1.638226E+00     3     4 -1.657006E-03  5.319391E-04
  1.638226E+00     3     5  2.792724E-04 -8.102250E-05
  1.638226E+00     3     6 -7.722065E-10  5.592337E-11
  1.638226E+00     4     1 -2.991636E-04 -1.463455E-03
  1.638226E+00     4     2  9.141168E-02  1.576951E-02
  1.638226E+00     4     3 -1.846493E-03 -3.962368E-04
  1.638226E+00     4     4  2.354401E-01 -1.824677E-04
  1.638226E+00     4     5 -3.230938E-03  2.474558E-05
  1.638226E+00     4     6 -8.526684E-11  7.174008E-12
  1.638226E+00     5     1 -9.147692E-02 -1.607138E-02
  1.638226E+00     5     2  3.996904E-04  1.809610E-03
  1.638226E+00     5     3  4.047703E-04  8.264645E-05
  1.638226E+00     5     4 -3.977181E-03  2.828794E-05
  1.638226E+00     5     5  2.346886E-01 -1.778418E-04
  1.638226E+00     5     6  1.125734E-10 -1.094502E-12
  1.638226E+00     6     1  6.841038E-10  2.645777E-09
  1.638226E+00     6     2  3.447803E-10  1.086130E-09
  1.638226E+00     6     3  2.993473E-08  7.414576E-09
  1.638226E+00     6     4 -2.588977E-09  5.317026E-11
  1.638226E+00     6     5  2.252745E-09 -9.179543E-11
  1.638226E+00     6     6  4.137717E-10  1.149508E-14
  1.586206E+00     1     1  4.783142E-01  7.122567E-01
  1.586206E+00     1     2  3.967059E-04 -1.981328E-03
  1.586206E+00     1     3 -2.482618E-04 -2.550648E-04
  1.586206E+00     1     4  1.753471E-03  1.799167E-03
  1.586206E+00     1     5 -8.137124E-02 -2.536767E-02
  1.586206E+00     1     6 -1.169667E-10 -4.271859E-11
  1.586206E+00     2     1  3.411596E-04 -1.586604E-03
  1.586206E+00     2     2  4.783822E-01  7.119299E-01
  1.586206E+00     2     3 -9.610825E-04 -1.210909E-03
  1.586206E+00     2     4  8.171687E-02  2.570768E-02
  1.586206E+00     2     5 -1.429090E-03 -1.460529E-03
  1.586206E+00     2     6 -9.080899E-11 -2.722140E-11
  1.586206E+00     3     1  3.904551E-05  1.733839E-04
  1.586206E+00     3     2  2.279325E-04  1.052264E-03
  1.586206E+00     3     3  1.559866E+00  1.823653E-01
  1.586206E+00     3     4 -1.567249E-03  5.171097E-04
  1.586206E+00     3     5  2.662271E-04 -7.875831E-05
  1.586206E+00     3     6 -9.018476E-10  2.119656E-10
  1.586206E+00     4     1 -1.647416E-04 -1.373584E-03
  1.586206E+00     4     2  9.056109E-02  2.196519E-02
  1.586206E+00     4     3 -1.853778E-03 -3.574808E-04
  1.586206E+00     4     4  2.359860E-01  1.578645E-04
  1.586206E+00     4     5 -3.231711E-03  1.788245E-05
  1.586206E+00     4     6 -8.070154E-11  5.737017E-12
  1.586206E+00     5     1 -9.059728E-02 -2.224708E-02
  1.586206E+00     5     2  2.350902E-04  1.702517E-03
  1.586206E+00     5     3  4.033059E-04  7.458392E-05
  1.586206E+00     5     4 -3.977526E-03  1.997870E-05
  1.586206E+00     5     5  2.352347E-01  1.606112E-04
  1.586206E+00     5     6  1.071212E-10  1.237291E-12
  1.586206E+00     6     1  4.824855E-10  2.531458E-09
  1.586206E+00     6     2  2.786951E-10  1.090462E-09
  1.586206E+00     6     3  2.999931E-08  6.397291E-09
  1.586206E+00     6     4 -2.625760E-09  5.946967E-11
  1.586206E+00     6     5  2.267393E-09 -1.068326E-10
  1.586206E+00     6     6  4.149566E-10  1.930861E-14
  1.538846E+00     1     1  4.252282E-01  7.004001E-01
  1.538846E+00     1     2  4.635836E-04 -1.729211E-03
  1.538846E+00     1     3 -2.448858E-04 -2.435878E-04
  1.538846E+00     1     4  1.647832E-03  1.829618E-03
  1.538846E+00     1     5 -7.917987E-02 -2.966229E-02
  1.538846E+00     1     6 -1.045214E-10 -3.616380E-11
  1.538846E+00     2     1  3.938680E-04 -1.381198E-03
  1.538846E+00     2     2  4.253071E-01  7.001168E-01
  1.538846E+00     2     3 -9.385329E-04 -1.161146E-03
  1.538846E+00     2     4  7.950362E-02  3.000710E-02
  1.538846E+00     2     5 -1.343231E-03 -1.485288E-03
  1.538846E+00     2     6 -8.389729E-11 -1.742881E-11
  1.538846E+00     3     1  2.407846E-05  1.637950E-04
  1.538846E+00     3     2  1.384659E-04  1.003245E-03
  1.538846E+00     3     3  1.566014E+00  1.566419E-01
  1.538846E+00     3     4 -1.466656E-03  4.967635E-04
  1.538846E+00     3     5  2.553694E-04 -7.602119E-05
  1.538846E+00     3     6 -8.044573E-10  4.674669E-11
  1.538846E+00     4     1 -5.755583E-05 -1.275789E-03
  1.538846E+00     4     2  8.889755E-02  2.752127E-02
  1.538846E+00     4     3 -1.861653E-03 -3.235265E-04
  1.538846E+00     4     4  2.364243E-01  5.514048E-04
  1.538846E+00     4     5 -3.230218E-03  9.248604E-06
  1.538846E+00     4     6 -7.071426E-11  1.200647E-11
  1.538846E+00     5     1 -8.891172E-02 -2.778217E-02
  1.538846E+00     5     2  1.031886E-04  1.584285E-03
  1.538846E+00     5     3  4.072276E-04  6.719899E-05
  1.538846E+00     5     4 -3.975279E-03  9.408817E-06
  1.538846E+00     5     5  2.356747E-01  5.519769E-04
  1.538846E+00     5     6  1.012219E-10  8.804668E-13
  1.538846E+00     6     1  3.000430E-10  2.336633E-09
  1.538846E+00     6     2  1.817062E-10  9.920200E-10
  1.538846E+00     6     3  3.009238E-08  5.645033E-09
  1.538846E+00     6     4 -2.629286E-09  6.035326E-11
  1.538846E+00     6     5  2.297886E-09 -1.156213E-10
  1.538846E+00     6     6  4.161330E-10  3.127980E-14
  1.495489E+00     1     1  3.784889E-01  6.841661E-01
  1.495489E+00     1     2  4.916349E-04 -1.509158E-03
  1.495489E+00     1     3 -2.350126E-04 -2.285294E-04
  1.495489E+00     1     4  1.550673E-03  1.846270E-03
  1.495489E+00     1     5 -7.658091E-02 -3.331152E-02
  1.495489E+00     1     6 -1.122613E-10 -4.396421E-11
  1.495489E+00     2     1  4.149256E-04 -1.202318E-03
  1.495489E+00     2     2  3.785720E-01  6.839177E-01
  1.495489E+00     2     3 -9.078795E-04 -1.106611E-03
  1.495489E+00     2     4  7.688775E-02  3.365960E-02
  1.495489E+00     2     5 -1.264581E-03 -1.499009E-03
  1.495489E+00     2     6 -5.752984E-11 -1.871975E-11
  1.495489E+00     3     1  9.130366E-06  1.486696E-04
  1.495489E+00     3     2  6.224443E-05  9.377092E-04
  1.495489E+00     3     3  1.573372E+00  1.340761E-01
  1.495489E+00     3     4 -1.347810E-03  4.711133E-04
  1.495489E+00     3     5  2.381566E-04 -7.198965E-05
  1.495489E+00     3     6 -7.767108E-10  5.083474E-11
  1.495489E+00     4     1  2.521148E-05 -1.176915E-03
  1.495489E+00     4     2  8.659281E-02  3.244987E-02
  1.495489E+00     4     3 -1.856146E-03 -2.902146E-04
  1.495489E+00     4     4  2.367602E-01  9.832062E-04
  1.495489E+00     4     5 -3.227177E-03 -7.295989E-07
  1.495489E+00     4     6 -5.953119E-11 -8.861019E-13
  1.495489E+00     5     1 -8.659072E-02 -3.269256E-02
  1.495489E+00     5     2  9.440343E-07  1.464762E-03
  1.495489E+00     5     3  4.031549E-04  5.882265E-05
  1.495489E+00     5     4 -3.970624E-03 -2.724580E-06
  1.495489E+00     5     5  2.360093E-01  9.813961E-04
  1.495489E+00     5     6  1.127510E-10  6.502302E-12
  1.495489E+00     6     1  1.316182E-10  2.155152E-09
  1.495489E+00     6     2  1.321547E-10  9.655538E-10
  1.495489E+00     6     3  3.049404E-08  4.949846E-09
  1.495489E+00     6     4 -2.665339E-09  6.216908E-11
  1.495489E+00     6     5  2.292065E-09 -1.213629E-10
  1.495489E+00     6     6  4.172609E-10  4.911315E-14
  1.455602E+00     1     1  3.376859E-01  6.650796E-01
  1.455602E+00     1     2  4.919485E-04 -1.316340E-03
  1.455602E+00     1     3 -2.299765E-04 -2.178319E-04
  1.455602E+00     1     4  1.460639E-03  1.851218E-03
  1.455602E+00     1     5 -7.374015E-02 -3.635259E-02
  1.455602E+00     1     6 -1.216517E-10 -4.722349E-11
  1.455602E+00     2     1  4.131853E-04 -1.046200E-03
  1.455602E+00     2     2  3.377676E-01  6.648629E-01
  1.455602E+00     2     3 -8.899452E-04 -1.061424E-03
  1.455602E+00     2     4  7.402967E-02  3.670109E-02
  1.455602E+00     2     5 -1.191372E-03 -1.503085E-03
  1.455602E+00     2     6 -6.256502E-11 -1.456295E-11
  1.455602E+00     3     1  2.700541E-06  1.398741E-04
  1.455602E+00     3     2  5.215935E-06  8.765207E-04
  1.455602E+00     3     3  1.581538E+00  1.143593E-01
  1.455602E+00     3     4 -1.227154E-03  4.428824E-04
  1.455602E+00     3     5  2.221399E-04 -6.786511E-05
  1.455602E+00     3     6  1.435641E-09 -1.419969E-09
  1.455602E+00     4     1  8.755321E-05 -1.076809E-03
  1.455602E+00     4     2  8.385854E-02  3.674572E-02
  1.455602E+00     4     3 -1.862082E-03 -2.638430E-04
  1.455602E+00     4     4  2.370024E-01  1.433162E-03
  1.455602E+00     4     5 -3.220117E-03 -1.172521E-05
  1.455602E+00     4     6 -6.983207E-11  9.055433E-12
  1.455602E+00     5     1 -8.384514E-02 -3.696792E-02
  1.455602E+00     5     2 -7.730188E-05  1.343487E-03
  1.455602E+00     5     3  4.043025E-04  5.393230E-05
  1.455602E+00     5     4 -3.961453E-03 -1.608090E-05
  1.455602E+00     5     5  2.362530E-01  1.428682E-03
  1.455602E+00     5     6  1.307367E-10  4.565820E-12
  1.455602E+00     6     1  1.058763E-11  1.991633E-09
  1.455602E+00     6     2  7.036499E-11  9.211770E-10
  1.455602E+00     6     3  3.046691E-08  4.290594E-09
  1.455602E+00     6     4 -2.702144E-09  6.119311E-11
  1.455602E+00     6     5  2.335840E-09 -1.251328E-10
  1.455602E+00     6     6  4.182500E-10  7.487294E-14
  1.418746E+00     1     1  3.023134E-01  6.442624E-01
  1.418746E+00     1     2  4.760516E-04 -1.153603E-03
  1.418746E+00     1     3 -2.306585E-04 -2.098067E-04
  1.418746E+00     1     4  1.379537E-03  1.846719E-03
  1.418746E+00     1     5 -7.079606E-02 -3.884044E-02
  1.418746E+00     1     6 -1.031919E-10 -3.766981E-11
  1.418746E+00     2     1  3.987614E-04 -9.137000E-04
  1.418746E+00     2     2  3.023900E-01  6.440757E-01
  1.418746E+00     2     3 -8.786215E-04 -1.020623E-03
  1.418746E+00     2     4  7.106732E-02  3.918693E-02
  1.418746E+00     2     5 -1.125400E-03 -1.499580E-03
  1.418746E+00     2     6 -3.387510E-11 -1.751435E-12
  1.418746E+00     3     1 -3.631722E-06  1.310450E-04
  1.418746E+00     3     2 -3.952838E-05  8.168692E-04
  1.418746E+00     3     3  1.590235E+00  9.720287E-02
  1.418746E+00     3     4 -1.103039E-03  4.124931E-04
  1.418746E+00     3     5  2.092911E-04 -6.358953E-05
  1.418746E+00     3     6 -7.619642E-10  5.085091E-11
  1.418746E+00     4     1  1.332183E-04 -9.825311E-04
  1.418746E+00     4     2  8.087954E-02  4.039309E-02
  1.418746E+00     4     3 -1.871933E-03 -2.414234E-04
  1.418746E+00     4     4  2.371762E-01  1.882282E-03
  1.418746E+00     4     5 -3.210393E-03 -2.304972E-05
  1.418746E+00     4     6 -4.109468E-11  7.813885E-12
  1.418746E+00     5     1 -8.085737E-02 -4.059217E-02
  1.418746E+00     5     2 -1.338255E-04  1.230050E-03
  1.418746E+00     5     3  4.110138E-04  4.950916E-05
  1.418746E+00     5     4 -3.948933E-03 -2.968792E-05
  1.418746E+00     5     5  2.364317E-01  1.874948E-03
  1.418746E+00     5     6  1.112781E-10  7.452576E-12
  1.418746E+00     6     1 -4.804866E-11  1.878800E-09
  1.418746E+00     6     2  6.704679E-11  8.851884E-10
  1.418746E+00     6     3  3.059919E-08  3.728315E-09
  1.418746E+00     6     4 -2.644205E-09  5.841944E-11
  1.418746E+00     6     5  2.339705E-09 -1.293047E-10
  1.418746E+00     6     6  4.194587E-10  1.115549E-13
  1.384554E+00     1     1  2.716075E-01  6.225219E-01
  1.384554E+00     1     2  4.577921E-04 -1.011312E-03
  1.384554E+00     1     3 -2.274350E-04 -1.995459E-04
  1.384554E+00     1     4  1.309147E-03  1.835394E-03
  1.384554E+00     1     5 -6.778291E-02 -4.082233E-02
  1.384554E+00     1     6 -7.289416E-10 -1.537930E-10
  1.384554E+00     2     1  3.839835E-04 -7.974900E-04
  1.384554E+00     2     2  2.717043E-01  6.223631E-01
  1.384554E+00     2     3 -8.695961E-04 -9.815378E-04
  1.384554E+00     2     4  6.804751E-02  4.116767E-02
  1.384554E+00     2     5 -1.068457E-03 -1.490722E-03
  1.384554E+00     2     6 -1.439996E-09 -2.759543E-10
  1.384554E+00     3     1 -3.696759E-05  1.216643E-04
  1.384554E+00     3     2 -9.304616E-05  7.587917E-04
  1.384554E+00     3     3  1.599139E+00  8.234997E-02
  1.384554E+00     3     4 -9.793650E-04  3.807958E-04
  1.384554E+00     3     5  1.992766E-04 -5.925938E-05
  1.384554E+00     3     6  8.779702E-10 -1.631507E-10
  1.384554E+00     4     1  1.719206E-04 -8.934653E-04
  1.384554E+00     4     2  7.768126E-02  4.349424E-02
  1.384554E+00     4     3 -1.881282E-03 -2.220249E-04
  1.384554E+00     4     4  2.372580E-01  2.326472E-03
  1.384554E+00     4     5 -3.199676E-03 -3.448630E-05
  1.384554E+00     4     6 -1.062307E-09  2.426548E-10
  1.384554E+00     5     1 -7.763504E-02 -4.367962E-02
  1.384554E+00     5     2 -1.805649E-04  1.122781E-03
  1.384554E+00     5     3  4.120398E-04  4.504095E-05
  1.384554E+00     5     4 -3.934776E-03 -4.332941E-05
  1.384554E+00     5     5  2.365105E-01  2.317561E-03
  1.384554E+00     5     6  5.669258E-10 -1.005554E-10
  1.384554E+00     6     1 -1.518720E-09  1.670413E-09
  1.384554E+00     6     2 -3.185950E-09  7.711137E-10
  1.384554E+00     6     3  3.135029E-08  3.304871E-09
  1.384554E+00     6     4 -3.515383E-09  4.686273E-11
  1.384554E+00     6     5  2.700244E-09 -1.245256E-10
  1.384554E+00     6     6  4.203874E-10  1.618403E-13
  1.352721E+00     1     1  2.452651E-01  6.005210E-01
  1.352721E+00     1     2  4.197014E-04 -8.916684E-04
  1.352721E+00     1     3 -2.270963E-04 -1.907665E-04
  1.352721E+00     1     4  1.244263E-03  1.817740E-03
  1.352721E+00     1     5 -6.484008E-02 -4.237456E-02
  1.352721E+00     1     6 -1.089333E-10 -3.629818E-11
  1.352721E+00     2     1  3.509676E-04 -7.025598E-04
  1.352721E+00     2     2  2.453312E-01  6.003787E-01
  1.352721E+00     2     3 -8.595792E-04 -9.420959E-04
  1.352721E+00     2     4  6.508531E-02  4.271470E-02
  1.352721E+00     2     5 -1.015674E-03 -1.476193E-03
  1.352721E+00     2     6 -2.606296E-11  1.353453E-11
  1.352721E+00     3     1 -1.249311E-05  1.081150E-04
  1.352721E+00     3     2 -1.017379E-04  6.961988E-04
  1.352721E+00     3     3  1.608079E+00  6.952473E-02
  1.352721E+00     3     4 -8.424840E-04  3.471677E-04
  1.352721E+00     3     5  1.767745E-04 -5.361089E-05
  1.352721E+00     3     6  4.828236E-10 -5.603454E-10
  1.352721E+00     4     1  1.887906E-04 -8.104535E-04
  1.352721E+00     4     2  7.451360E-02  4.609634E-02
  1.352721E+00     4     3 -1.885570E-03 -2.041407E-04
  1.352721E+00     4     4  2.372942E-01  2.751478E-03
  1.352721E+00     4     5 -3.184631E-03 -4.611920E-05
  1.352721E+00     4     6 -2.546514E-11  1.984962E-11
  1.352721E+00     5     1 -7.448059E-02 -4.625976E-02
  1.352721E+00     5     2 -2.043817E-04  1.020301E-03
  1.352721E+00     5     3  4.158978E-04  4.113370E-05
  1.352721E+00     5     4 -3.915827E-03 -5.766851E-05
  1.352721E+00     5     5  2.365556E-01  2.738863E-03
  1.352721E+00     5     6  1.196635E-10  9.181869E-12
  1.352721E+00     6     1 -1.773382E-10  1.523048E-09
  1.352721E+00     6     2 -3.860695E-11  7.209736E-10
  1.352721E+00     6     3  3.142843E-08  2.863127E-09
  1.352721E+00     6     4 -2.726452E-09  3.881581E-11
  1.352721E+00     6     5  2.373991E-09 -1.228711E-10
  1.352721E+00     6     6  4.216442E-10  2.309580E-13
  1.322987E+00     1     1  2.224281E-01  5.785179E-01
  1.322987E+00     1     2  3.875491E-04 -7.849465E-04
  1.322987E+00     1     3 -2.226060E-04 -1.795379E-04
  1.322987E+00     1     4  1.187603E-03  1.794887E-03
  1.322987E+00     1     5 -6.193503E-02 -4.353464E-02
  1.322987E+00     1     6 -1.010557E-10 -4.040781E-11
  1.322987E+00     2     1  3.251868E-04 -6.154237E-04
  1.322987E+00     2     2  2.224980E-01  5.784045E-01
  1.322987E+00     2     3 -8.504394E-04 -9.004577E-04
  1.322987E+00     2     4  6.217273E-02  4.387122E-02
  1.322987E+00     2     5 -9.696803E-04 -1.457867E-03
  1.322987E+00     2     6 -6.471987E-12 -6.109227E-12
  1.322987E+00     3     1 -1.549169E-05  1.004063E-04
  1.322987E+00     3     2 -1.328350E-04  6.270566E-04
  1.322987E+00     3     3  1.616985E+00  5.857136E-02
  1.322987E+00     3     4 -7.121599E-04  3.136316E-04
  1.322987E+00     3     5  1.572334E-04 -4.877159E-05
  1.322987E+00     3     6 -8.695614E-10  1.394032E-10
  1.322987E+00     4     1  2.067417E-04 -7.324579E-04
  1.322987E+00     4     2  7.123168E-02  4.821956E-02
  1.322987E+00     4     3 -1.885267E-03 -1.852992E-04
  1.322987E+00     4     4  2.372560E-01  3.158013E-03
  1.322987E+00     4     5 -3.166695E-03 -5.738496E-05
  1.322987E+00     4     6 -3.039606E-11 -1.358495E-11
  1.322987E+00     5     1 -7.118302E-02 -4.836454E-02
  1.322987E+00     5     2 -2.253890E-04  9.257322E-04
  1.322987E+00     5     3  4.129034E-04  3.640451E-05
  1.322987E+00     5     4 -3.893009E-03 -7.112461E-05
  1.322987E+00     5     5  2.365179E-01  3.143191E-03
  1.322987E+00     5     6  1.172288E-10  2.855326E-11
  1.322987E+00     6     1 -2.276926E-10  1.301318E-09
  1.322987E+00     6     2 -1.252857E-10  5.184895E-10
  1.322987E+00     6     3  3.181994E-08  2.523348E-09
  1.322987E+00     6     4 -2.787801E-09  1.413732E-11
  1.322987E+00     6     5  2.388565E-09 -1.129877E-10
  1.322987E+00     6     6  4.225814E-10  3.225266E-13
  1.295132E+00     1     1  2.028843E-01  5.571675E-01
  1.295132E+00     1     2  3.520651E-04 -6.960248E-04
  1.295132E+00     1     3 -2.221166E-04 -1.728433E-04
  1.295132E+00     1     4  1.140597E-03  1.769622E-03
  1.295132E+00     1     5 -5.916564E-02 -4.438562E-02
  1.295132E+00     1     6 -1.046719E-10 -3.209083E-11
  1.295132E+00     2     1  2.941827E-04 -5.438336E-04
  1.295132E+00     2     2  2.029361E-01  5.570546E-01
  1.295132E+00     2     3 -8.467444E-04 -8.709651E-04
  1.295132E+00     2     4  5.939144E-02  4.471601E-02
  1.295132E+00     2     5 -9.312835E-04 -1.437520E-03
  1.295132E+00     2     6 -1.846111E-11  4.099804E-11
  1.295132E+00     3     1 -1.204898E-05  8.935495E-05
  1.295132E+00     3     2 -1.300853E-04  5.825300E-04
  1.295132E+00     3     3  1.625643E+00  4.900837E-02
  1.295132E+00     3     4 -5.871646E-04  2.802856E-04
  1.295132E+00     3     5  1.426527E-04 -4.329956E-05
  1.295132E+00     3     6 -7.270086E-10  1.134947E-10
  1.295132E+00     4     1  2.099889E-04 -6.578691E-04
  1.295132E+00     4     2  6.820351E-02  5.015009E-02
  1.295132E+00     4     3 -1.895393E-03 -1.768413E-04
  1.295132E+00     4     4  2.372051E-01  3.549549E-03
  1.295132E+00     4     5 -3.148551E-03 -6.979924E-05
  1.295132E+00     4     6 -6.172985E-12  4.866371E-11
  1.295132E+00     5     1 -6.817075E-02 -5.028472E-02
  1.295132E+00     5     2 -2.324749E-04  8.364867E-04
  1.295132E+00     5     3  4.167561E-04  3.474860E-05
  1.295132E+00     5     4 -3.870231E-03 -8.576885E-05
  1.295132E+00     5     5  2.364738E-01  3.531683E-03
  1.295132E+00     5     6  1.191185E-10  9.855977E-12
  1.295132E+00     6     1 -2.147214E-10  1.269968E-09
  1.295132E+00     6     2 -7.360154E-11  6.249836E-10
  1.295132E+00     6     3  3.195620E-08  2.201258E-09
  1.295132E+00     6     4 -2.741328E-09  1.008741E-11
  1.295132E+00     6     5  2.389117E-09 -1.166891E-10
  1.295132E+00     6     6  4.235751E-10  4.411365E-13
  1.268965E+00     1     1  1.859486E-01  5.360069E-01
  1.268965E+00     1     2  3.157616E-04 -6.208397E-04
  1.268965E+00     1     3 -2.203111E-04 -1.646676E-04
  1.268965E+00     1     4  1.096793E-03  1.738436E-03
  1.268965E+00     1     5 -5.647752E-02 -4.491575E-02
  1.268965E+00     1     6 -1.119813E-10 -3.607581E-11
  1.268965E+00     2     1  2.640984E-04 -4.834865E-04
  1.268965E+00     2     2  1.859938E-01  5.359055E-01
  1.268965E+00     2     3 -8.437876E-04 -8.368951E-04
  1.268965E+00     2     4  5.669586E-02  4.523999E-02
  1.268965E+00     2     5 -8.956069E-04 -1.412299E-03
  1.268965E+00     2     6 -1.017836E-11  4.590960E-11
  1.268965E+00     3     1 -1.027559E-05  8.307755E-05
  1.268965E+00     3     2 -1.351915E-04  5.309948E-04
  1.268965E+00     3     3  1.634284E+00  4.111569E-02
  1.268965E+00     3     4 -4.733667E-04  2.493302E-04
  1.268965E+00     3     5  1.258667E-04 -3.865880E-05
  1.268965E+00     3     6 -7.368339E-10  1.475509E-10
  1.268965E+00     4     1  2.084823E-04 -5.941734E-04
  1.268965E+00     4     2  6.500300E-02  5.139324E-02
  1.268965E+00     4     3 -1.898426E-03 -1.655289E-04
  1.268965E+00     4     4  2.370620E-01  3.889872E-03
  1.268965E+00     4     5 -3.123858E-03 -8.000816E-05
  1.268965E+00     4     6 -9.816216E-12  5.785656E-11
  1.268965E+00     5     1 -6.497123E-02 -5.151582E-02
  1.268965E+00     5     2 -2.319132E-04  7.588132E-04
  1.268965E+00     5     3  4.171589E-04  3.244756E-05
  1.268965E+00     5     4 -3.839317E-03 -9.795400E-05
  1.268965E+00     5     5  2.363352E-01  3.869847E-03
  1.268965E+00     5     6  1.343360E-10  1.428430E-11
  1.268965E+00     6     1 -2.196714E-10  1.134537E-09
  1.268965E+00     6     2 -9.948065E-11  5.889163E-10
  1.268965E+00     6     3  3.228458E-08  1.939867E-09
  1.268965E+00     6     4 -2.814518E-09 -9.834370E-12
  1.268965E+00     6     5  2.373702E-09 -1.110655E-10
  1.268965E+00     6     6  4.246089E-10  5.950118E-13
  1.244322E+00     1     1  1.714101E-01  5.156912E-01
  1.244322E+00     1     2  2.816946E-04 -5.526950E-04
  1.244322E+00     1     3 -2.215426E-04 -1.573784E-04
  1.244322E+00     1     4  1.061056E-03  1.705345E-03
  1.244322E+00     1     5 -5.393270E-02 -4.521545E-02
  1.244322E+00     1     6 -1.425665E-10 -2.647032E-11
  1.244322E+00     2     1  2.332329E-04 -4.287603E-04
  1.244322E+00     2     2  1.714453E-01  5.156012E-01
  1.244322E+00     2     3 -8.410881E-04 -8.046778E-04
  1.244322E+00     2     4  5.414242E-02  4.553308E-02
  1.244322E+00     2     5 -8.660952E-04 -1.385687E-03
  1.244322E+00     2     6 -7.534186E-11  9.708385E-11
  1.244322E+00     3     1 -6.640929E-06  7.703615E-05
  1.244322E+00     3     2 -1.296823E-04  4.823691E-04
  1.244322E+00     3     3  1.642585E+00  3.433655E-02
  1.244322E+00     3     4 -3.699787E-04  2.191662E-04
  1.244322E+00     3     5  1.133123E-04 -3.412784E-05
  1.244322E+00     3     6 -9.730989E-10  2.791049E-10
  1.244322E+00     4     1  2.006119E-04 -5.319848E-04
  1.244322E+00     4     2  6.199550E-02  5.252848E-02
  1.244322E+00     4     3 -1.900685E-03 -1.564993E-04
  1.244322E+00     4     4  2.368991E-01  4.217705E-03
  1.244322E+00     4     5 -3.098025E-03 -9.097191E-05
  1.244322E+00     4     6 -4.400424E-11  1.534234E-10
  1.244322E+00     5     1 -6.196946E-02 -5.263619E-02
  1.244322E+00     5     2 -2.272968E-04  6.845994E-04
  1.244322E+00     5     3  4.202069E-04  3.035689E-05
  1.244322E+00     5     4 -3.807444E-03 -1.105858E-04
  1.244322E+00     5     5  2.361795E-01  4.194872E-03
  1.244322E+00     5     6  1.559296E-10 -8.810105E-12
  1.244322E+00     6     1 -2.356628E-10  1.088723E-09
  1.244322E+00     6     2 -1.415196E-10  6.006681E-10
  1.244322E+00     6     3  3.270341E-08  1.690578E-09
  1.244322E+00     6     4 -2.758774E-09 -2.913698E-11
  1.244322E+00     6     5  2.400615E-09 -1.126084E-10
  1.244322E+00     6     6  4.255909E-10  7.861317E-13
  1.221062E+00     1     1  1.589112E-01  4.961470E-01
  1.221062E+00     1     2  2.515432E-04 -4.911816E-04
  1.221062E+00     1     3 -2.232467E-04 -1.498591E-04
  1.221062E+00     1     4  1.031401E-03  1.669465E-03
  1.221062E+00     1     5 -5.153217E-02 -4.530780E-02
  1.221062E+00     1     6 -1.170486E-10 -3.602150E-11
  1.221062E+00     2     1  2.112874E-04 -3.788125E-04
  1.221062E+00     2     2  1.589451E-01  4.960649E-01
  1.221062E+00     2     3 -8.493777E-04 -7.736154E-04
  1.221062E+00     2     4  5.173491E-02  4.561747E-02
  1.221062E+00     2     5 -8.422821E-04 -1.356482E-03
  1.221062E+00     2     6 -1.223782E-11  8.577472E-11
  1.221062E+00     3     1 -1.022547E-05  6.645061E-05
  1.221062E+00     3     2 -1.404528E-04  4.282661E-04
  1.221062E+00     3     3  1.650690E+00  2.860990E-02
  1.221062E+00     3     4 -2.957755E-04  1.910633E-04
  1.221062E+00     3     5  1.047119E-04 -2.966675E-05
  1.221062E+00     3     6 -9.921207E-10  2.951245E-10
  1.221062E+00     4     1  1.985514E-04 -4.775891E-04
  1.221062E+00     4     2  5.912368E-02  5.342929E-02
  1.221062E+00     4     3 -1.911189E-03 -1.466896E-04
  1.221062E+00     4     4  2.367147E-01  4.518147E-03
  1.221062E+00     4     5 -3.070549E-03 -1.004505E-04
  1.221062E+00     4     6  1.153940E-12  1.061827E-10
  1.221062E+00     5     1 -5.909583E-02 -5.353190E-02
  1.221062E+00     5     2 -2.216718E-04  6.171070E-04
  1.221062E+00     5     3  4.232464E-04  2.746397E-05
  1.221062E+00     5     4 -3.772742E-03 -1.223250E-04
  1.221062E+00     5     5  2.360033E-01  4.494190E-03
  1.221062E+00     5     6  1.456565E-10  1.834354E-11
  1.221062E+00     6     1 -2.103943E-10  9.457473E-10
  1.221062E+00     6     2 -1.040293E-10  6.775437E-10
  1.221062E+00     6     3  3.277507E-08  1.573614E-09
  1.221062E+00     6     4 -2.870462E-09 -4.802818E-11
  1.221062E+00     6     5  2.455672E-09 -1.044579E-10
  1.221062E+00     6     6  4.265736E-10  1.022862E-12
  1.199059E+00     1     1  1.481497E-01  4.773712E-01
  1.199059E+00     1     2  2.182036E-04 -4.388878E-04
  1.199059E+00     1     3 -2.255722E-04 -1.434426E-04
  1.199059E+00     1     4  1.006909E-03  1.630811E-03
  1.199059E+00     1     5 -4.925974E-02 -4.521738E-02
  1.199059E+00     1     6 -8.575890E-11 -3.460619E-11
  1.199059E+00     2     1  1.842512E-04 -3.367556E-04
  1.199059E+00     2     2  1.481772E-01  4.772967E-01
  1.199059E+00     2     3 -8.469921E-04 -7.417782E-04
  1.199059E+00     2     4  4.945684E-02  4.551939E-02
  1.199059E+00     2     5 -8.224104E-04 -1.325170E-03
  1.199059E+00     2     6  5.473193E-11  1.013204E-10
  1.199059E+00     3     1 -6.427635E-06  6.683791E-05
  1.199059E+00     3     2 -1.270897E-04  3.941569E-04
  1.199059E+00     3     3  1.658525E+00  2.383243E-02
  1.199059E+00     3     4 -2.283756E-04  1.663148E-04
  1.199059E+00     3     5  9.758999E-05 -2.641789E-05
  1.199059E+00     3     6 -6.731499E-10  2.518096E-10
  1.199059E+00     4     1  1.851929E-04 -4.264869E-04
  1.199059E+00     4     2  5.632886E-02  5.412472E-02
  1.199059E+00     4     3 -1.906935E-03 -1.404243E-04
  1.199059E+00     4     4  2.364922E-01  4.794518E-03
  1.199059E+00     4     5 -3.040335E-03 -1.099346E-04
  1.199059E+00     4     6  8.838369E-11  1.029190E-10
  1.199059E+00     5     1 -5.630417E-02 -5.421760E-02
  1.199059E+00     5     2 -2.058280E-04  5.547686E-04
  1.199059E+00     5     3  4.268251E-04  2.637399E-05
  1.199059E+00     5     4 -3.734881E-03 -1.336785E-04
  1.199059E+00     5     5  2.357881E-01  4.768633E-03
  1.199059E+00     5     6  1.023180E-10  3.273312E-11
  1.199059E+00     6     1 -1.693213E-10  9.142008E-10
  1.199059E+00     6     2 -7.860463E-11  5.960507E-10
  1.199059E+00     6     3  3.299369E-08  1.444508E-09
  1.199059E+00     6     4 -2.808353E-09 -8.564316E-11
  1.199059E+00     6     5  2.432266E-09 -1.061595E-10
  1.199059E+00     6     6  4.274824E-10  1.305415E-12
  1.178204E+00     1     1  1.389248E-01  4.594201E-01
  1.178204E+00     1     2  1.891013E-04 -3.919999E-04
  1.178204E+00     1     3 -2.235356E-04 -1.359804E-04
  1.178204E+00     1     4  9.877102E-04  1.589276E-03
  1.178204E+00     1     5 -4.713487E-02 -4.497614E-02
  1.178204E+00     1     6 -1.065683E-10 -3.613800E-11
  1.178204E+00     2     1  1.591872E-04 -2.995084E-04
  1.178204E+00     2     2  1.389472E-01  4.593522E-01
  1.178204E+00     2     3 -8.485831E-04 -7.110168E-04
  1.178204E+00     2     4  4.733005E-02  4.527037E-02
  1.178204E+00     2     5 -8.066129E-04 -1.291559E-03
  1.178204E+00     2     6 -5.962553E-12  1.345633E-10
  1.178204E+00     3     1 -3.334164E-06  6.173637E-05
  1.178204E+00     3     2 -1.170819E-04  3.523653E-04
  1.178204E+00     3     3  1.666187E+00  1.982512E-02
  1.178204E+00     3     4 -1.877386E-04  1.432064E-04
  1.178204E+00     3     5  9.004358E-05 -2.290289E-05
  1.178204E+00     3     6 -8.030426E-10  3.389815E-10
  1.178204E+00     4     1  1.696700E-04 -3.806794E-04
  1.178204E+00     4     2  5.368420E-02  5.466523E-02
  1.178204E+00     4     3 -1.905462E-03 -1.336447E-04
  1.178204E+00     4     4  2.362627E-01  5.046387E-03
  1.178204E+00     4     5 -3.007920E-03 -1.186549E-04
  1.178204E+00     4     6  2.027562E-11  1.715175E-10
  1.178204E+00     5     1 -5.366323E-02 -5.474992E-02
  1.178204E+00     5     2 -1.899409E-04  4.987108E-04
  1.178204E+00     5     3  4.247615E-04  2.457930E-05
  1.178204E+00     5     4 -3.694641E-03 -1.439534E-04
  1.178204E+00     5     5  2.355636E-01  5.018681E-03
  1.178204E+00     5     6  1.307677E-10  2.698096E-11
  1.178204E+00     6     1 -1.597323E-10  7.900588E-10
  1.178204E+00     6     2 -1.218954E-10  4.389022E-10
  1.178204E+00     6     3  3.348470E-08  1.330442E-09
  1.178204E+00     6     4 -2.849294E-09 -1.366230E-10
  1.178204E+00     6     5  2.409962E-09 -9.911197E-11
  1.178204E+00     6     6  4.283846E-10  1.636432E-12
  1.158401E+00     1     1  1.309950E-01  4.422681E-01
  1.158401E+00     1     2  1.618432E-04 -3.498456E-04
  1.158401E+00     1     3 -2.262977E-04 -1.293412E-04
  1.158401E+00     1     4  9.731359E-04  1.544768E-03
  1.158401E+00     1     5 -4.512046E-02 -4.458090E-02
  1.158401E+00     1     6 -1.128163E-10 -3.777984E-11
  1.158401E+00     2     1  1.367900E-04 -2.657423E-04
  1.158401E+00     2     2  1.310136E-01  4.422062E-01
  1.158401E+00     2     3 -8.497942E-04 -6.791415E-04
  1.158401E+00     2     4  4.531079E-02  4.486624E-02
  1.158401E+00     2     5 -7.946989E-04 -1.255440E-03
  1.158401E+00     2     6 -1.754123E-11  1.650201E-10
  1.158401E+00     3     1 -3.864614E-06  5.624091E-05
  1.158401E+00     3     2 -1.068666E-04  3.142271E-04
  1.158401E+00     3     3  1.673332E+00  1.650016E-02
  1.158401E+00     3     4 -1.709292E-04  1.228447E-04
  1.158401E+00     3     5  8.964929E-05 -1.979496E-05
  1.158401E+00     3     6 -7.790985E-10  3.902574E-10
  1.158401E+00     4     1  1.543311E-04 -3.390308E-04
  1.158401E+00     4     2  5.113639E-02  5.508577E-02
  1.158401E+00     4     3 -1.899241E-03 -1.270305E-04
  1.158401E+00     4     4  2.359511E-01  5.274470E-03
  1.158401E+00     4     5 -2.973599E-03 -1.264737E-04
  1.158401E+00     4     6  1.367798E-11  2.091452E-10
  1.158401E+00     5     1 -5.111838E-02 -5.516431E-02
  1.158401E+00     5     2 -1.722601E-04  4.475001E-04
  1.158401E+00     5     3  4.274949E-04  2.285597E-05
  1.158401E+00     5     4 -3.651985E-03 -1.533357E-04
  1.158401E+00     5     5  2.352616E-01  5.245487E-03
  1.158401E+00     5     6  1.478958E-10  2.953548E-11
  1.158401E+00     6     1 -1.667583E-10  7.071614E-10
  1.158401E+00     6     2 -1.458247E-10  3.795505E-10
  1.158401E+00     6     3  3.356425E-08  1.252118E-09
  1.158401E+00     6     4 -2.806983E-09 -1.819124E-10
  1.158401E+00     6     5  2.447642E-09 -9.471758E-11
  1.158401E+00     6     6  4.292207E-10  2.011575E-12
