 Center of Gravity:
    0.000000000000000E+00    0.000000000000000E+00   -2.380000000000000E-02
 Body Mass Matrix:
   2.60800E+05   0.00000E+00   0.00000E+00   0.00000E+00  -6.20704E+03  -0.00000E+00
   0.00000E+00   2.60800E+05   0.00000E+00   6.20704E+03   0.00000E+00   0.00000E+00
   0.00000E+00   0.00000E+00   2.60800E+05   0.00000E+00  -0.00000E+00   0.00000E+00
   0.00000E+00   6.20704E+03   0.00000E+00   6.95614E+05  -0.00000E+00   0.00000E+00
  -6.20704E+03   0.00000E+00  -0.00000E+00  -0.00000E+00   4.24236E+07   0.00000E+00
  -0.00000E+00   0.00000E+00   0.00000E+00   0.00000E+00   0.00000E+00   4.24235E+07
 External Linear Damping Matrix:
   0.00000E+00   0.00000E+00   0.00000E+00   0.00000E+00   0.00000E+00   0.00000E+00
   0.00000E+00   0.00000E+00   0.00000E+00   0.00000E+00   0.00000E+00   0.00000E+00
   0.00000E+00   0.00000E+00   0.00000E+00   0.00000E+00   0.00000E+00   0.00000E+00
   0.00000E+00   0.00000E+00   0.00000E+00   0.00000E+00   0.00000E+00   0.00000E+00
   0.00000E+00   0.00000E+00   0.00000E+00   0.00000E+00   0.00000E+00   0.00000E+00
   0.00000E+00   0.00000E+00   0.00000E+00   0.00000E+00   0.00000E+00   0.00000E+00
 External Quadratic Damping Matrix:
   0.00000E+00   0.00000E+00   0.00000E+00   0.00000E+00   0.00000E+00   0.00000E+00
   0.00000E+00   0.00000E+00   0.00000E+00   0.00000E+00   0.00000E+00   0.00000E+00
   0.00000E+00   0.00000E+00   0.00000E+00   0.00000E+00   0.00000E+00   0.00000E+00
   0.00000E+00   0.00000E+00   0.00000E+00   0.00000E+00   0.00000E+00   0.00000E+00
   0.00000E+00   0.00000E+00   0.00000E+00   0.00000E+00   0.00000E+00   0.00000E+00
   0.00000E+00   0.00000E+00   0.00000E+00   0.00000E+00   0.00000E+00   0.00000E+00
 Hydrostatic Restoring Matrix:
   0.00000E+00   0.00000E+00   0.00000E+00   0.00000E+00   0.00000E+00   0.00000E+00
   0.00000E+00   0.00000E+00   0.00000E+00   0.00000E+00   0.00000E+00   0.00000E+00
   0.00000E+00   0.00000E+00   1.76912E+06   0.00000E+00  -0.00000E+00   0.00000E+00
   0.00000E+00   0.00000E+00   0.00000E+00  -1.09520E+06   0.00000E+00   0.00000E+00
   0.00000E+00   0.00000E+00  -0.00000E+00   0.00000E+00   2.81964E+08   0.00000E+00
   0.00000E+00   0.00000E+00   0.00000E+00   0.00000E+00   0.00000E+00   0.00000E+00
 External Restoring Matrix:
   0.00000E+00   0.00000E+00   0.00000E+00   0.00000E+00   0.00000E+00   0.00000E+00
   0.00000E+00   0.00000E+00   0.00000E+00   0.00000E+00   0.00000E+00   0.00000E+00
   0.00000E+00   0.00000E+00   0.00000E+00   0.00000E+00   0.00000E+00   0.00000E+00
   0.00000E+00   0.00000E+00   0.00000E+00   0.00000E+00   0.00000E+00   0.00000E+00
   0.00000E+00   0.00000E+00   0.00000E+00   0.00000E+00   0.00000E+00   0.00000E+00
   0.00000E+00   0.00000E+00   0.00000E+00   0.00000E+00   0.00000E+00   0.00000E+00
