  0.000   0.000    0.23042E-05   0.93973E-06   0.57714E-04  -0.26460E-05   0.23883E-05   0.39404E-06
 -1.000  -1.000    0.10117E-05   0.44494E-06   0.38572E-04  -0.26228E-05   0.24187E-05   0.37685E-06
  0.120   0.990    0.24501E-05   0.10088E-05   0.57237E-04  -0.26550E-05   0.24054E-05   0.40614E-06
  0.207   1.400    0.26487E-05   0.10904E-05   0.54925E-04  -0.26676E-05   0.24133E-05   0.40861E-06
  0.301   1.715    0.28900E-05   0.11809E-05   0.50551E-04  -0.26641E-05   0.24237E-05   0.41149E-06
  0.400   1.981    0.31126E-05   0.12893E-05   0.46048E-04  -0.26654E-05   0.24236E-05   0.41449E-06
  0.500   2.214    0.32953E-05   0.13977E-05   0.42191E-04  -0.26569E-05   0.24121E-05   0.41739E-06
  0.600   2.426    0.33848E-05   0.13665E-05   0.39110E-04  -0.26554E-05   0.24051E-05   0.41996E-06
  0.700   2.620    0.33408E-05   0.13606E-05   0.36572E-04  -0.26684E-05   0.23761E-05   0.42196E-06
  0.800   2.801    0.29707E-05   0.85782E-06   0.34796E-04  -0.26966E-05   0.23747E-05   0.42311E-06
  0.900   2.971    0.28648E-05   0.11830E-05   0.33350E-04  -0.26536E-05   0.23238E-05   0.42330E-06
  1.000   3.132    0.25492E-05   0.10673E-05   0.32213E-04  -0.26538E-05   0.22906E-05   0.41712E-06
  1.100   3.284    0.21267E-05   0.94192E-06   0.31476E-04  -0.26546E-05   0.22838E-05   0.41866E-06
  1.200   3.430    0.17131E-05   0.77046E-06   0.31019E-04  -0.26394E-05   0.22745E-05   0.42012E-06
  1.300   3.571    0.13454E-05   0.68118E-06   0.30794E-04  -0.26742E-05   0.22666E-05   0.42149E-06
  1.400   3.705    0.10125E-05   0.52075E-06   0.30637E-04  -0.26589E-05   0.23164E-05   0.42285E-06
  1.500   3.835    0.70121E-06   0.35340E-06   0.30683E-04  -0.26537E-05   0.23091E-05   0.42412E-06
  1.600   3.961    0.49455E-06   0.28566E-06   0.30749E-04  -0.26914E-05   0.23241E-05   0.42533E-06
  1.700   4.083    0.30754E-06   0.18625E-06   0.30845E-04  -0.26950E-05   0.23553E-05   0.42654E-06
  1.800   4.201    0.13491E-06   0.13546E-06   0.31256E-04  -0.27320E-05   0.23494E-05   0.42769E-06
  1.900   4.317    0.10852E-07   0.72124E-07   0.31229E-04  -0.27697E-05   0.23942E-05   0.42871E-06
  2.000   4.429   -0.49250E-07   0.68723E-07   0.31364E-04  -0.27103E-05   0.23982E-05   0.42995E-06
  2.100   4.538   -0.15567E-05  -0.32656E-05   0.32134E-04  -0.36033E-05   0.27677E-05   0.43090E-06
  2.200   4.645   -0.18177E-06  -0.39572E-07   0.32214E-04  -0.27946E-05   0.24333E-05   0.43219E-06
  2.300   4.749   -0.23338E-06  -0.12842E-06   0.32615E-04  -0.28575E-05   0.24483E-05   0.43315E-06
  2.400   4.851   -0.22009E-06  -0.75442E-07   0.32755E-04  -0.28099E-05   0.24488E-05   0.43416E-06
  2.500   4.951   -0.22516E-06  -0.10197E-06   0.33092E-04  -0.28849E-05   0.24330E-05   0.43522E-06
  2.600   5.049   -0.24155E-06  -0.14506E-06   0.33521E-04  -0.28277E-05   0.24606E-05   0.43623E-06
  2.700   5.146   -0.21565E-06  -0.10663E-06   0.33594E-04  -0.29422E-05   0.25171E-05   0.43724E-06
  2.800   5.240   -0.17355E-06  -0.80570E-07   0.33819E-04  -0.28786E-05   0.24931E-05   0.43817E-06
  2.900   5.333   -0.16373E-06  -0.12494E-06   0.34322E-04  -0.29205E-05   0.24702E-05   0.43909E-06
  3.000   5.424   -0.17093E-06  -0.14947E-06   0.34403E-04  -0.28772E-05   0.25088E-05   0.43995E-06
