  0.000   0.000   -0.17215E+01   0.69133E+03  -0.30888E+01   0.45663E+02  -0.13233E+01  -0.24349E-06
 -1.000  -1.000   -0.67126E+00   0.29457E+03  -0.12027E+01   0.31210E+02  -0.35001E+00  -0.27109E-06
  0.120   0.990   -0.18534E+01   0.72900E+03  -0.31153E+01   0.47183E+02  -0.14078E+01  -0.20452E-06
  0.207   1.400   -0.20430E+01   0.77443E+03  -0.30193E+01   0.46856E+02  -0.14992E+01  -0.20365E-06
  0.301   1.715   -0.22721E+01   0.82867E+03  -0.27752E+01   0.46845E+02  -0.16077E+01  -0.19888E-06
  0.400   1.981   -0.24988E+01   0.88552E+03  -0.24972E+01   0.47898E+02  -0.17244E+01  -0.19106E-06
  0.500   2.214   -0.26663E+01   0.93742E+03  -0.22438E+01   0.50496E+02  -0.18377E+01  -0.16930E-06
  0.600   2.426   -0.27167E+01   0.97615E+03  -0.20208E+01   0.54753E+02  -0.19341E+01  -0.17655E-06
  0.700   2.620   -0.26019E+01   0.99440E+03  -0.18204E+01   0.60373E+02  -0.20017E+01  -0.17605E-06
  0.800   2.801   -0.23113E+01   0.98790E+03  -0.16429E+01   0.66677E+02  -0.20333E+01  -0.24462E-06
  0.900   2.971   -0.18886E+01   0.95681E+03  -0.14959E+01   0.72823E+02  -0.20263E+01  -0.15695E-06
  1.000   3.132   -0.14031E+01   0.90378E+03  -0.13668E+01   0.76974E+02  -0.19802E+01  -0.16115E-06
  1.100   3.284   -0.91854E+00   0.83850E+03  -0.12644E+01   0.81511E+02  -0.19179E+01  -0.14973E-06
  1.200   3.430   -0.49491E+00   0.76569E+03  -0.11798E+01   0.84557E+02  -0.18385E+01  -0.12807E-06
  1.300   3.571   -0.15931E+00   0.69108E+03  -0.11116E+01   0.86111E+02  -0.17486E+01  -0.76241E-07
  1.400   3.705    0.85180E-01   0.61884E+03  -0.10614E+01   0.86333E+02  -0.16537E+01  -0.10779E-06
  1.500   3.835    0.24910E+00   0.55147E+03  -0.10145E+01   0.85436E+02  -0.15578E+01  -0.10992E-06
  1.600   3.961    0.34969E+00   0.49034E+03  -0.98511E+00   0.83760E+02  -0.14648E+01  -0.93079E-07
  1.700   4.083    0.40371E+00   0.43594E+03  -0.96200E+00   0.81491E+02  -0.13768E+01  -0.85995E-07
  1.800   4.201    0.42530E+00   0.38804E+03  -0.93058E+00   0.78810E+02  -0.12962E+01  -0.58968E-07
  1.900   4.317    0.42351E+00   0.34621E+03  -0.91219E+00   0.75880E+02  -0.12212E+01  -0.64129E-07
  2.000   4.429    0.40873E+00   0.30995E+03  -0.90059E+00   0.72844E+02  -0.11535E+01  -0.34722E-07
  2.100   4.538    0.39358E+00   0.27850E+03  -0.89134E+00   0.69749E+02  -0.10952E+01  -0.14760E-05
  2.200   4.645    0.35974E+00   0.25146E+03  -0.88107E+00   0.66712E+02  -0.10411E+01  -0.26715E-07
  2.300   4.749    0.33332E+00   0.22806E+03  -0.87170E+00   0.63727E+02  -0.99392E+00  -0.66338E-08
  2.400   4.851    0.30154E+00   0.20801E+03  -0.86791E+00   0.60876E+02  -0.95457E+00  -0.18923E-07
  2.500   4.951    0.27070E+00   0.19064E+03  -0.86488E+00   0.58113E+02  -0.91800E+00  -0.10433E-07
  2.600   5.049    0.23906E+00   0.17573E+03  -0.86212E+00   0.55496E+02  -0.88775E+00  -0.77225E-07
  2.700   5.146    0.21657E+00   0.16292E+03  -0.87061E+00   0.53028E+02  -0.86334E+00  -0.12544E-07
  2.800   5.240    0.18886E+00   0.15188E+03  -0.86817E+00   0.50693E+02  -0.84297E+00   0.56100E-07
  2.900   5.333    0.16317E+00   0.14242E+03  -0.86980E+00   0.48513E+02  -0.82678E+00  -0.61116E-08
  3.000   5.424    0.14021E+00   0.13429E+03  -0.87104E+00   0.46444E+02  -0.81457E+00  -0.17980E-07
