  0.000   0.000  -0.000000E+00  0.000000E+00
  0.000   0.000  -0.000000E+00  0.000000E+00
  0.000   0.000  -0.000000E+00  0.000000E+00
  0.000   0.000  -0.000000E+00  0.000000E+00
  0.000   0.000  -0.000000E+00  0.000000E+00
  0.000   0.000  -0.000000E+00  0.000000E+00
  0.000   0.000  -0.000000E+00  0.000000E+00
  0.000   0.000  -0.000000E+00  0.000000E+00
  0.000   0.000  -0.000000E+00  0.000000E+00
  0.000   0.000  -0.000000E+00  0.000000E+00
  0.000   0.000  -0.000000E+00  0.000000E+00
  0.000   0.000  -0.000000E+00  0.000000E+00
  0.000   0.000   0.000000E+00 -0.000000E+00
  0.000   0.000   0.000000E+00 -0.000000E+00
  0.000   0.000   0.000000E+00 -0.000000E+00
  0.000   0.000   0.000000E+00 -0.000000E+00
  0.000   0.000   0.000000E+00 -0.000000E+00
  0.000   0.000   0.000000E+00 -0.000000E+00
  0.000   0.000   0.000000E+00 -0.000000E+00
  0.000   0.000   0.000000E+00 -0.000000E+00
  0.000   0.000   0.000000E+00 -0.000000E+00
  0.000   0.000   0.000000E+00 -0.000000E+00
  0.000   0.000   0.000000E+00 -0.000000E+00
  0.000   0.000   0.000000E+00 -0.000000E+00
  0.000   0.000   0.000000E+00 -0.000000E+00
  0.000   0.000   0.000000E+00 -0.000000E+00
  0.000   0.000   0.000000E+00 -0.000000E+00
  0.000   0.000   0.000000E+00 -0.000000E+00
  0.000   0.000   0.000000E+00 -0.000000E+00
  0.000   0.000   0.000000E+00 -0.000000E+00
  0.000   0.000  -0.000000E+00  0.000000E+00
  0.000   0.000  -0.000000E+00  0.000000E+00
  0.000   0.000  -0.000000E+00  0.000000E+00
  0.000   0.000  -0.000000E+00  0.000000E+00
  0.000   0.000  -0.000000E+00  0.000000E+00
  0.000   0.000  -0.000000E+00  0.000000E+00
 -1.000  -1.000            NaN           NaN
 -1.000  -1.000            NaN           NaN
 -1.000  -1.000            NaN           NaN
 -1.000  -1.000            NaN           NaN
 -1.000  -1.000            NaN           NaN
 -1.000  -1.000            NaN           NaN
 -1.000  -1.000            NaN           NaN
 -1.000  -1.000            NaN           NaN
 -1.000  -1.000            NaN           NaN
 -1.000  -1.000            NaN           NaN
 -1.000  -1.000            NaN           NaN
 -1.000  -1.000            NaN           NaN
 -1.000  -1.000            NaN           NaN
 -1.000  -1.000            NaN           NaN
 -1.000  -1.000            NaN           NaN
 -1.000  -1.000            NaN           NaN
 -1.000  -1.000            NaN           NaN
 -1.000  -1.000            NaN           NaN
 -1.000  -1.000            NaN           NaN
 -1.000  -1.000            NaN           NaN
 -1.000  -1.000            NaN           NaN
 -1.000  -1.000            NaN           NaN
 -1.000  -1.000            NaN           NaN
 -1.000  -1.000            NaN           NaN
 -1.000  -1.000            NaN           NaN
 -1.000  -1.000            NaN           NaN
 -1.000  -1.000            NaN           NaN
 -1.000  -1.000            NaN           NaN
 -1.000  -1.000            NaN           NaN
 -1.000  -1.000            NaN           NaN
 -1.000  -1.000            NaN           NaN
 -1.000  -1.000            NaN           NaN
 -1.000  -1.000            NaN           NaN
 -1.000  -1.000            NaN           NaN
 -1.000  -1.000            NaN           NaN
 -1.000  -1.000            NaN           NaN
  0.120   0.990  -0.289808E-04 -0.800818E-03
  0.120   0.990  -0.300323E-04 -0.800167E-03
  0.120   0.990  -0.305039E-04 -0.799589E-03
  0.120   0.990  -0.303811E-04 -0.799167E-03
  0.120   0.990  -0.296674E-04 -0.798948E-03
  0.120   0.990  -0.283841E-04 -0.798938E-03
  0.120   0.990  -0.265702E-04 -0.799114E-03
  0.120   0.990  -0.242807E-04 -0.799436E-03
  0.120   0.990  -0.215853E-04 -0.799860E-03
  0.120   0.990  -0.185662E-04 -0.800348E-03
  0.120   0.990  -0.153154E-04 -0.800865E-03
  0.120   0.990  -0.119319E-04 -0.801370E-03
  0.120   0.990  -0.851853E-05 -0.801814E-03
  0.120   0.990  -0.517912E-05 -0.802141E-03
  0.120   0.990  -0.201495E-05 -0.802290E-03
  0.120   0.990   0.878045E-06 -0.802219E-03
  0.120   0.990   0.341225E-05 -0.801917E-03
  0.120   0.990   0.551089E-05 -0.801417E-03
  0.120   0.990   0.711034E-05 -0.800792E-03
  0.120   0.990   0.816200E-05 -0.800139E-03
  0.120   0.990   0.863378E-05 -0.799561E-03
  0.120   0.990   0.851110E-05 -0.799140E-03
  0.120   0.990   0.779741E-05 -0.798922E-03
  0.120   0.990   0.651416E-05 -0.798915E-03
  0.120   0.990   0.470020E-05 -0.799094E-03
  0.120   0.990   0.241063E-05 -0.799420E-03
  0.120   0.990  -0.284825E-06 -0.799848E-03
  0.120   0.990  -0.330404E-05 -0.800341E-03
  0.120   0.990  -0.655500E-05 -0.800862E-03
  0.120   0.990  -0.993868E-05 -0.801372E-03
  0.120   0.990  -0.133521E-04 -0.801822E-03
  0.120   0.990  -0.166916E-04 -0.802152E-03
  0.120   0.990  -0.198558E-04 -0.802306E-03
  0.120   0.990  -0.227488E-04 -0.802238E-03
  0.120   0.990  -0.252829E-04 -0.801940E-03
  0.120   0.990  -0.273815E-04 -0.801442E-03
  0.207   1.400  -0.610179E-04 -0.707409E-03
  0.207   1.400  -0.627231E-04 -0.705209E-03
  0.207   1.400  -0.634904E-04 -0.703396E-03
  0.207   1.400  -0.632955E-04 -0.702294E-03
  0.207   1.400  -0.621430E-04 -0.701997E-03
  0.207   1.400  -0.600668E-04 -0.702376E-03
  0.207   1.400  -0.571292E-04 -0.703173E-03
  0.207   1.400  -0.534196E-04 -0.704128E-03
  0.207   1.400  -0.490512E-04 -0.705090E-03
  0.207   1.400  -0.441581E-04 -0.706049E-03
  0.207   1.400  -0.388901E-04 -0.707086E-03
  0.207   1.400  -0.334083E-04 -0.708275E-03
  0.207   1.400  -0.278799E-04 -0.709574E-03
  0.207   1.400  -0.224729E-04 -0.710788E-03
  0.207   1.400  -0.173509E-04 -0.711604E-03
  0.207   1.400  -0.126683E-04 -0.711710E-03
  0.207   1.400  -0.856613E-05 -0.710930E-03
  0.207   1.400  -0.516795E-05 -0.709320E-03
  0.207   1.400  -0.257634E-05 -0.707182E-03
  0.207   1.400  -0.870060E-06 -0.704973E-03
  0.207   1.400  -0.101663E-06 -0.703158E-03
  0.207   1.400  -0.295696E-06 -0.702061E-03
  0.207   1.400  -0.144765E-05 -0.701776E-03
  0.207   1.400  -0.352370E-05 -0.702175E-03
  0.207   1.400  -0.646146E-05 -0.702997E-03
  0.207   1.400  -0.101716E-04 -0.703983E-03
  0.207   1.400  -0.145408E-04 -0.704980E-03
  0.207   1.400  -0.194350E-04 -0.705976E-03
  0.207   1.400  -0.247041E-04 -0.707054E-03
  0.207   1.400  -0.301870E-04 -0.708284E-03
  0.207   1.400  -0.357162E-04 -0.709625E-03
  0.207   1.400  -0.411238E-04 -0.710879E-03
  0.207   1.400  -0.462460E-04 -0.711732E-03
  0.207   1.400  -0.509284E-04 -0.711870E-03
  0.207   1.400  -0.550300E-04 -0.711118E-03
  0.207   1.400  -0.584274E-04 -0.709531E-03
  0.301   1.715  -0.982679E-04 -0.624601E-03
  0.301   1.715  -0.100588E-03 -0.618813E-03
  0.301   1.715  -0.101622E-03 -0.614451E-03
  0.301   1.715  -0.101337E-03 -0.612507E-03
  0.301   1.715  -0.997366E-04 -0.613046E-03
  0.301   1.715  -0.968662E-04 -0.615276E-03
  0.301   1.715  -0.928110E-04 -0.617981E-03
  0.301   1.715  -0.876943E-04 -0.620114E-03
  0.301   1.715  -0.816734E-04 -0.621254E-03
  0.301   1.715  -0.749346E-04 -0.621734E-03
  0.301   1.715  -0.676863E-04 -0.622374E-03
  0.301   1.715  -0.601519E-04 -0.623973E-03
  0.301   1.715  -0.525622E-04 -0.626795E-03
  0.301   1.715  -0.451476E-04 -0.630323E-03
  0.301   1.715  -0.381315E-04 -0.633398E-03
  0.301   1.715  -0.317240E-04 -0.634699E-03
  0.301   1.715  -0.261160E-04 -0.633348E-03
  0.301   1.715  -0.214745E-04 -0.629343E-03
  0.301   1.715  -0.179385E-04 -0.623639E-03
  0.301   1.715  -0.156154E-04 -0.617809E-03
  0.301   1.715  -0.145776E-04 -0.613435E-03
  0.301   1.715  -0.148604E-04 -0.611510E-03
  0.301   1.715  -0.164591E-04 -0.612099E-03
  0.301   1.715  -0.193289E-04 -0.614406E-03
  0.301   1.715  -0.233846E-04 -0.617216E-03
  0.301   1.715  -0.285029E-04 -0.619477E-03
  0.301   1.715  -0.345263E-04 -0.620765E-03
  0.301   1.715  -0.412682E-04 -0.621406E-03
  0.301   1.715  -0.485197E-04 -0.622219E-03
  0.301   1.715  -0.560572E-04 -0.623994E-03
  0.301   1.715  -0.636496E-04 -0.626992E-03
  0.301   1.715  -0.710659E-04 -0.630690E-03
  0.301   1.715  -0.780826E-04 -0.633923E-03
  0.301   1.715  -0.844896E-04 -0.635368E-03
  0.301   1.715  -0.900960E-04 -0.634139E-03
  0.301   1.715  -0.947350E-04 -0.630233E-03
  0.400   1.981  -0.133073E-03 -0.554265E-03
  0.400   1.981  -0.135982E-03 -0.541203E-03
  0.400   1.981  -0.137299E-03 -0.532140E-03
  0.400   1.981  -0.136977E-03 -0.529586E-03
  0.400   1.981  -0.135016E-03 -0.533331E-03
  0.400   1.981  -0.131469E-03 -0.540719E-03
  0.400   1.981  -0.126440E-03 -0.547994E-03
  0.400   1.981  -0.120081E-03 -0.552089E-03
  0.400   1.981  -0.112591E-03 -0.552016E-03
  0.400   1.981  -0.104204E-03 -0.549210E-03
  0.400   1.981  -0.951848E-04 -0.546679E-03
  0.400   1.981  -0.858124E-04 -0.547386E-03
  0.400   1.981  -0.763755E-04 -0.552635E-03
  0.400   1.981  -0.671606E-04 -0.561258E-03
  0.400   1.981  -0.584435E-04 -0.569996E-03
  0.400   1.981  -0.504825E-04 -0.574918E-03
  0.400   1.981  -0.435113E-04 -0.573236E-03
  0.400   1.981  -0.377347E-04 -0.564661E-03
  0.400   1.981  -0.333235E-04 -0.551656E-03
  0.400   1.981  -0.304117E-04 -0.538473E-03
  0.400   1.981  -0.290918E-04 -0.529373E-03
  0.400   1.981  -0.294116E-04 -0.526865E-03
  0.400   1.981  -0.313705E-04 -0.530740E-03
  0.400   1.981  -0.349166E-04 -0.538336E-03
  0.400   1.981  -0.399463E-04 -0.545892E-03
  0.400   1.981  -0.463064E-04 -0.550331E-03
  0.400   1.981  -0.537986E-04 -0.550657E-03
  0.400   1.981  -0.621877E-04 -0.548289E-03
  0.400   1.981  -0.712104E-04 -0.546225E-03
  0.400   1.981  -0.805857E-04 -0.547412E-03
  0.400   1.981  -0.900252E-04 -0.553141E-03
  0.400   1.981  -0.992419E-04 -0.562228E-03
  0.400   1.981  -0.107960E-03 -0.571401E-03
  0.400   1.981  -0.115921E-03 -0.576715E-03
  0.400   1.981  -0.122890E-03 -0.575372E-03
  0.400   1.981  -0.128665E-03 -0.567069E-03
  0.500   2.214  -0.162766E-03 -0.492709E-03
  0.500   2.214  -0.166221E-03 -0.466592E-03
  0.500   2.214  -0.167833E-03 -0.449621E-03
  0.500   2.214  -0.167537E-03 -0.447204E-03
  0.500   2.214  -0.165324E-03 -0.458409E-03
  0.500   2.214  -0.161247E-03 -0.476650E-03
  0.500   2.214  -0.155421E-03 -0.492926E-03
  0.500   2.214  -0.148026E-03 -0.500078E-03
  0.500   2.214  -0.139297E-03 -0.496072E-03
  0.500   2.214  -0.129513E-03 -0.484782E-03
  0.500   2.214  -0.118989E-03 -0.473919E-03
  0.500   2.214  -0.108056E-03 -0.471109E-03
  0.500   2.214  -0.970536E-04 -0.480003E-03
  0.500   2.214  -0.863148E-04 -0.498265E-03
  0.500   2.214  -0.761592E-04 -0.518425E-03
  0.500   2.214  -0.668832E-04 -0.531230E-03
  0.500   2.214  -0.587538E-04 -0.529927E-03
  0.500   2.214  -0.520040E-04 -0.513505E-03
  0.500   2.214  -0.468296E-04 -0.487345E-03
  0.500   2.214  -0.433863E-04 -0.460973E-03
  0.500   2.214  -0.417858E-04 -0.443918E-03
  0.500   2.214  -0.420909E-04 -0.441591E-03
  0.500   2.214  -0.443091E-04 -0.453057E-03
  0.500   2.214  -0.483876E-04 -0.471722E-03
  0.500   2.214  -0.542098E-04 -0.488571E-03
  0.500   2.214  -0.615973E-04 -0.496428E-03
  0.500   2.214  -0.703163E-04 -0.493239E-03
  0.500   2.214  -0.800874E-04 -0.482851E-03
  0.500   2.214  -0.905992E-04 -0.472948E-03
  0.500   2.214  -0.101521E-03 -0.471127E-03
  0.500   2.214  -0.112515E-03 -0.481009E-03
  0.500   2.214  -0.123249E-03 -0.500229E-03
  0.500   2.214  -0.133403E-03 -0.521289E-03
  0.500   2.214  -0.142683E-03 -0.534906E-03
  0.500   2.214  -0.150819E-03 -0.534304E-03
  0.500   2.214  -0.157579E-03 -0.518450E-03
  0.600   2.426  -0.186894E-03 -0.438781E-03
  0.600   2.426  -0.190604E-03 -0.391214E-03
  0.600   2.426  -0.192290E-03 -0.361762E-03
  0.600   2.426  -0.191874E-03 -0.360765E-03
  0.600   2.426  -0.189336E-03 -0.385875E-03
  0.600   2.426  -0.184727E-03 -0.423496E-03
  0.600   2.426  -0.178173E-03 -0.455359E-03
  0.600   2.426  -0.169876E-03 -0.467131E-03
  0.600   2.426  -0.160106E-03 -0.455035E-03
  0.600   2.426  -0.149186E-03 -0.427385E-03
  0.600   2.426  -0.137477E-03 -0.400351E-03
  0.600   2.426  -0.125356E-03 -0.389970E-03
  0.600   2.426  -0.113206E-03 -0.404199E-03
  0.600   2.426  -0.101396E-03 -0.438787E-03
  0.600   2.426  -0.902778E-04 -0.478939E-03
  0.600   2.426  -0.801704E-04 -0.506047E-03
  0.600   2.426  -0.713567E-04 -0.506333E-03
  0.600   2.426  -0.640796E-04 -0.477410E-03
  0.600   2.426  -0.585409E-04 -0.429641E-03
  0.600   2.426  -0.549017E-04 -0.381662E-03
  0.600   2.426  -0.532808E-04 -0.352090E-03
  0.600   2.426  -0.537484E-04 -0.351267E-03
  0.600   2.426  -0.563176E-04 -0.376841E-03
  0.600   2.426  -0.609348E-04 -0.415202E-03
  0.600   2.426  -0.674728E-04 -0.448057E-03
  0.600   2.426  -0.757312E-04 -0.461042E-03
  0.600   2.426  -0.854447E-04 -0.450343E-03
  0.600   2.426  -0.962965E-04 -0.424232E-03
  0.600   2.426  -0.107935E-03 -0.398831E-03
  0.600   2.426  -0.119991E-03 -0.390129E-03
  0.600   2.426  -0.132090E-03 -0.406032E-03
  0.600   2.426  -0.143868E-03 -0.442238E-03
  0.600   2.426  -0.154978E-03 -0.483905E-03
  0.600   2.426  -0.165102E-03 -0.512377E-03
  0.600   2.426  -0.173954E-03 -0.513838E-03
  0.600   2.426  -0.181288E-03 -0.485860E-03
  0.700   2.620  -0.204403E-03 -0.389215E-03
  0.700   2.620  -0.208479E-03 -0.308988E-03
  0.700   2.620  -0.210422E-03 -0.261065E-03
  0.700   2.620  -0.210128E-03 -0.263468E-03
  0.700   2.620  -0.207554E-03 -0.311462E-03
  0.700   2.620  -0.202734E-03 -0.380208E-03
  0.700   2.620  -0.195795E-03 -0.436660E-03
  0.700   2.620  -0.186953E-03 -0.455099E-03
  0.700   2.620  -0.176508E-03 -0.429057E-03
  0.700   2.620  -0.164822E-03 -0.374055E-03
  0.700   2.620  -0.152293E-03 -0.319904E-03
  0.700   2.620  -0.139338E-03 -0.296210E-03
  0.700   2.620  -0.126374E-03 -0.317954E-03
  0.700   2.620  -0.113801E-03 -0.377968E-03
  0.700   2.620  -0.101992E-03 -0.449883E-03
  0.700   2.620  -0.912829E-04 -0.500215E-03
  0.700   2.620  -0.819649E-04 -0.503961E-03
  0.700   2.620  -0.742813E-04 -0.456431E-03
  0.700   2.620  -0.684313E-04 -0.375768E-03
  0.700   2.620  -0.645750E-04 -0.294934E-03
  0.700   2.620  -0.628346E-04 -0.246832E-03
  0.700   2.620  -0.632896E-04 -0.249492E-03
  0.700   2.620  -0.659638E-04 -0.298169E-03
  0.700   2.620  -0.708107E-04 -0.368004E-03
  0.700   2.620  -0.777015E-04 -0.425916E-03
  0.700   2.620  -0.864245E-04 -0.446140E-03
  0.700   2.620  -0.966945E-04 -0.422152E-03
  0.700   2.620  -0.108171E-03 -0.369413E-03
  0.700   2.620  -0.120480E-03 -0.317663E-03
  0.700   2.620  -0.133232E-03 -0.296438E-03
  0.700   2.620  -0.146034E-03 -0.320644E-03
  0.700   2.620  -0.158507E-03 -0.383038E-03
  0.700   2.620  -0.170288E-03 -0.457181E-03
  0.700   2.620  -0.181046E-03 -0.509522E-03
  0.700   2.620  -0.190483E-03 -0.514997E-03
  0.700   2.620  -0.198342E-03 -0.468861E-03
  0.800   2.801  -0.214282E-03 -0.346263E-03
  0.800   2.801  -0.217596E-03 -0.218684E-03
  0.800   2.801  -0.218832E-03 -0.144308E-03
  0.800   2.801  -0.217889E-03 -0.152408E-03
  0.800   2.801  -0.214724E-03 -0.234624E-03
  0.800   2.801  -0.209375E-03 -0.349442E-03
  0.800   2.801  -0.201979E-03 -0.441960E-03
  0.800   2.801  -0.192774E-03 -0.469660E-03
  0.800   2.801  -0.182087E-03 -0.422172E-03
  0.800   2.801  -0.170303E-03 -0.325787E-03
  0.800   2.801  -0.157839E-03 -0.230630E-03
  0.800   2.801  -0.145121E-03 -0.186519E-03
  0.800   2.801  -0.132565E-03 -0.218937E-03
  0.800   2.801  -0.120570E-03 -0.316474E-03
  0.800   2.801  -0.109502E-03 -0.435680E-03
  0.800   2.801  -0.996820E-04 -0.521067E-03
  0.800   2.801  -0.913719E-04 -0.530963E-03
  0.800   2.801  -0.847740E-04 -0.457166E-03
  0.800   2.801  -0.800357E-04 -0.329196E-03
  0.800   2.801  -0.772621E-04 -0.201066E-03
  0.800   2.801  -0.765258E-04 -0.126679E-03
  0.800   2.801  -0.778673E-04 -0.135307E-03
  0.800   2.801  -0.812825E-04 -0.218576E-03
  0.800   2.801  -0.867040E-04 -0.334936E-03
  0.800   2.801  -0.939865E-04 -0.429435E-03
  0.800   2.801  -0.102905E-03 -0.459495E-03
  0.800   2.801  -0.113168E-03 -0.414671E-03
  0.800   2.801  -0.124439E-03 -0.321174E-03
  0.800   2.801  -0.136365E-03 -0.229042E-03
  0.800   2.801  -0.148583E-03 -0.188002E-03
  0.800   2.801  -0.160737E-03 -0.223447E-03
  0.800   2.801  -0.172478E-03 -0.323877E-03
  0.800   2.801  -0.183471E-03 -0.445754E-03
  0.800   2.801  -0.193404E-03 -0.533510E-03
  0.800   2.801  -0.202003E-03 -0.545401E-03
  0.800   2.801  -0.209029E-03 -0.473162E-03
  0.900   2.971  -0.223920E-03 -0.306696E-03
  0.900   2.971  -0.228578E-03 -0.114423E-03
  0.900   2.971  -0.231092E-03 -0.471839E-05
  0.900   2.971  -0.231268E-03 -0.224588E-04
  0.900   2.971  -0.228972E-03 -0.154017E-03
  0.900   2.971  -0.224172E-03 -0.334329E-03
  0.900   2.971  -0.216970E-03 -0.477723E-03
  0.900   2.971  -0.207614E-03 -0.518072E-03
  0.900   2.971  -0.196471E-03 -0.439560E-03
  0.900   2.971  -0.183991E-03 -0.283719E-03
  0.900   2.971  -0.170661E-03 -0.129389E-03
  0.900   2.971  -0.156976E-03 -0.549914E-04
  0.900   2.971  -0.143413E-03 -0.100966E-03
  0.900   2.971  -0.130420E-03 -0.250120E-03
  0.900   2.971  -0.118398E-03 -0.435138E-03
  0.900   2.971  -0.107684E-03 -0.569700E-03
  0.900   2.971  -0.985370E-04 -0.588711E-03
  0.900   2.971  -0.911437E-04 -0.478946E-03
  0.900   2.971  -0.856306E-04 -0.285765E-03
  0.900   2.971  -0.820915E-04 -0.925943E-04
  0.900   2.971  -0.806076E-04  0.173373E-04
  0.900   2.971  -0.812484E-04 -0.854317E-06
  0.900   2.971  -0.840516E-04 -0.133527E-03
  0.900   2.971  -0.889906E-04 -0.315578E-03
  0.900   2.971  -0.959475E-04 -0.461282E-03
  0.900   2.971  -0.104706E-03 -0.504434E-03
  0.900   2.971  -0.114970E-03 -0.429132E-03
  0.900   2.971  -0.126393E-03 -0.276811E-03
  0.900   2.971  -0.138613E-03 -0.126204E-03
  0.900   2.971  -0.151269E-03 -0.556244E-04
  0.900   2.971  -0.164005E-03 -0.105398E-03
  0.900   2.971  -0.176477E-03 -0.258221E-03
  0.900   2.971  -0.188348E-03 -0.446669E-03
  0.900   2.971  -0.199302E-03 -0.584317E-03
  0.900   2.971  -0.209051E-03 -0.605977E-03
  0.900   2.971  -0.217336E-03 -0.498340E-03
  1.000   3.132  -0.227180E-03 -0.269574E-03
  1.000   3.132  -0.232353E-03  0.890817E-05
  1.000   3.132  -0.235414E-03  0.165434E-03
  1.000   3.132  -0.236086E-03  0.134265E-03
  1.000   3.132  -0.234156E-03 -0.638145E-04
  1.000   3.132  -0.229539E-03 -0.332087E-03
  1.000   3.132  -0.222322E-03 -0.543591E-03
  1.000   3.132  -0.212774E-03 -0.600521E-03
  1.000   3.132  -0.201318E-03 -0.479783E-03
  1.000   3.132  -0.188469E-03 -0.243444E-03
  1.000   3.132  -0.174778E-03 -0.902292E-05
  1.000   3.132  -0.160794E-03  0.106523E-03
  1.000   3.132  -0.147039E-03  0.425918E-04
  1.000   3.132  -0.133996E-03 -0.175900E-03
  1.000   3.132  -0.122090E-03 -0.449624E-03
  1.000   3.132  -0.111659E-03 -0.650868E-03
  1.000   3.132  -0.102939E-03 -0.683037E-03
  1.000   3.132  -0.960605E-04 -0.526049E-03
  1.000   3.132  -0.910762E-04 -0.246410E-03
  1.000   3.132  -0.880070E-04  0.330440E-04
  1.000   3.132  -0.868784E-04  0.189797E-03
  1.000   3.132  -0.877308E-04  0.158101E-03
  1.000   3.132  -0.905971E-04 -0.412388E-04
  1.000   3.132  -0.954586E-04 -0.311462E-03
  1.000   3.132  -0.102207E-03 -0.525540E-03
  1.000   3.132  -0.110632E-03 -0.585586E-03
  1.000   3.132  -0.120448E-03 -0.468404E-03
  1.000   3.132  -0.131329E-03 -0.235955E-03
  1.000   3.132  -0.142954E-03 -0.564123E-05
  1.000   3.132  -0.155016E-03  0.105697E-03
  1.000   3.132  -0.167224E-03  0.375815E-04
  1.000   3.132  -0.179285E-03 -0.184951E-03
  1.000   3.132  -0.190900E-03 -0.462452E-03
  1.000   3.132  -0.201774E-03 -0.667095E-03
  1.000   3.132  -0.211622E-03 -0.702179E-03
  1.000   3.132  -0.220179E-03 -0.547529E-03
  1.100   3.284  -0.225463E-03 -0.234619E-03
  1.100   3.284  -0.231411E-03  0.154876E-03
  1.100   3.284  -0.235338E-03  0.371277E-03
  1.100   3.284  -0.236842E-03  0.321873E-03
  1.100   3.284  -0.235595E-03  0.368718E-04
  1.100   3.284  -0.231425E-03 -0.345856E-03
  1.100   3.284  -0.224394E-03 -0.645744E-03
  1.100   3.284  -0.214799E-03 -0.723870E-03
  1.100   3.284  -0.203132E-03 -0.547689E-03
  1.100   3.284  -0.189994E-03 -0.206004E-03
  1.100   3.284  -0.176020E-03  0.133282E-03
  1.100   3.284  -0.161833E-03  0.302998E-03
  1.100   3.284  -0.148019E-03  0.216260E-03
  1.100   3.284  -0.135115E-03 -0.920357E-04
  1.100   3.284  -0.123584E-03 -0.481043E-03
  1.100   3.284  -0.113767E-03 -0.769340E-03
  1.100   3.284  -0.105859E-03 -0.819377E-03
  1.100   3.284  -0.998993E-04 -0.602041E-03
  1.100   3.284  -0.958204E-04 -0.211170E-03
  1.100   3.284  -0.935196E-04  0.179311E-03
  1.100   3.284  -0.929260E-04  0.395938E-03
  1.100   3.284  -0.940294E-04  0.345992E-03
  1.100   3.284  -0.968556E-04  0.597018E-04
  1.100   3.284  -0.101406E-03 -0.325014E-03
  1.100   3.284  -0.107602E-03 -0.627519E-03
  1.100   3.284  -0.115262E-03 -0.708801E-03
  1.100   3.284  -0.124127E-03 -0.536217E-03
  1.100   3.284  -0.133916E-03 -0.198458E-03
  1.100   3.284  -0.144371E-03  0.136684E-03
  1.100   3.284  -0.155274E-03  0.302158E-03
  1.100   3.284  -0.166425E-03  0.211198E-03
  1.100   3.284  -0.177617E-03 -0.101179E-03
  1.100   3.284  -0.188619E-03 -0.494007E-03
  1.100   3.284  -0.199176E-03 -0.785746E-03
  1.100   3.284  -0.209023E-03 -0.838741E-03
  1.100   3.284  -0.217886E-03 -0.623780E-03
  1.200   3.430  -0.221472E-03 -0.202761E-03
  1.200   3.430  -0.228274E-03  0.326020E-03
  1.200   3.430  -0.233131E-03  0.617102E-03
  1.200   3.430  -0.235490E-03  0.543854E-03
  1.200   3.430  -0.234884E-03  0.148537E-03
  1.200   3.430  -0.231066E-03 -0.378946E-03
  1.200   3.430  -0.224086E-03 -0.790369E-03
  1.200   3.430  -0.214297E-03 -0.894891E-03
  1.200   3.430  -0.202281E-03 -0.648008E-03
  1.200   3.430  -0.188738E-03 -0.172337E-03
  1.200   3.430  -0.174392E-03  0.300394E-03
  1.200   3.430  -0.159941E-03  0.539391E-03
  1.200   3.430  -0.146051E-03  0.424477E-03
  1.200   3.430  -0.133340E-03  0.312531E-05
  1.200   3.430  -0.122341E-03 -0.531451E-03
  1.200   3.430  -0.113434E-03 -0.930073E-03
  1.200   3.430  -0.106777E-03 -0.100344E-02
  1.200   3.430  -0.102299E-03 -0.710859E-03
  1.200   3.430  -0.997570E-04 -0.180552E-03
  1.200   3.430  -0.988519E-04  0.349085E-03
  1.200   3.430  -0.993435E-04  0.640297E-03
  1.200   3.430  -0.101114E-03  0.566447E-03
  1.200   3.430  -0.104151E-03  0.169824E-03
  1.200   3.430  -0.108472E-03 -0.359619E-03
  1.200   3.430  -0.114040E-03 -0.773582E-03
  1.200   3.430  -0.120720E-03 -0.881132E-03
  1.200   3.430  -0.128311E-03 -0.637669E-03
  1.200   3.430  -0.136600E-03 -0.165707E-03
  1.200   3.430  -0.145426E-03  0.303130E-03
  1.200   3.430  -0.154691E-03  0.538156E-03
  1.200   3.430  -0.164327E-03  0.419297E-03
  1.200   3.430  -0.174250E-03 -0.585968E-05
  1.200   3.430  -0.184324E-03 -0.543993E-03
  1.200   3.430  -0.194357E-03 -0.945814E-03
  1.200   3.430  -0.204102E-03 -0.102191E-02
  1.200   3.430  -0.213263E-03 -0.731520E-03
  1.300   3.571  -0.214866E-03 -0.172257E-03
  1.300   3.571  -0.223244E-03  0.527172E-03
  1.300   3.571  -0.229667E-03  0.909232E-03
  1.300   3.571  -0.233345E-03  0.805640E-03
  1.300   3.571  -0.233651E-03  0.273725E-03
  1.300   3.571  -0.230270E-03 -0.432428E-03
  1.300   3.571  -0.223292E-03 -0.981275E-03
  1.300   3.571  -0.213189E-03 -0.111799E-02
  1.300   3.571  -0.200681E-03 -0.783243E-03
  1.300   3.571  -0.186587E-03 -0.141364E-03
  1.300   3.571  -0.171708E-03  0.497011E-03
  1.300   3.571  -0.156799E-03  0.822409E-03
  1.300   3.571  -0.142592E-03  0.673522E-03
  1.300   3.571  -0.129807E-03  0.113327E-03
  1.300   3.571  -0.119093E-03 -0.600497E-03
  1.300   3.571  -0.110916E-03 -0.113538E-02
  1.300   3.571  -0.105440E-03 -0.123819E-02
  1.300   3.571  -0.102480E-03 -0.853780E-03
  1.300   3.571  -0.101581E-03 -0.152551E-03
  1.300   3.571  -0.102183E-03  0.547643E-03
  1.300   3.571  -0.103813E-03  0.929812E-03
  1.300   3.571  -0.106208E-03  0.825670E-03
  1.300   3.571  -0.109313E-03  0.292572E-03
  1.300   3.571  -0.113184E-03 -0.415344E-03
  1.300   3.571  -0.117859E-03 -0.966461E-03
  1.300   3.571  -0.123280E-03 -0.110587E-02
  1.300   3.571  -0.129306E-03 -0.774143E-03
  1.300   3.571  -0.135794E-03 -0.135530E-03
  1.300   3.571  -0.142678E-03  0.499423E-03
  1.300   3.571  -0.149997E-03  0.821329E-03
  1.300   3.571  -0.157853E-03  0.668968E-03
  1.300   3.571  -0.166342E-03  0.105411E-03
  1.300   3.571  -0.175485E-03 -0.611567E-03
  1.300   3.571  -0.185194E-03 -0.114930E-02
  1.300   3.571  -0.195254E-03 -0.125455E-02
  1.300   3.571  -0.205314E-03 -0.872097E-03
  1.400   3.705  -0.207487E-03 -0.144231E-03
  1.400   3.705  -0.217741E-03  0.760848E-03
  1.400   3.705  -0.225953E-03  0.125210E-02
  1.400   3.705  -0.231009E-03  0.111103E-02
  1.400   3.705  -0.232080E-03  0.413460E-03
  1.400   3.705  -0.228820E-03 -0.508830E-03
  1.400   3.705  -0.221435E-03 -0.122364E-02
  1.400   3.705  -0.210590E-03 -0.139876E-02
  1.400   3.705  -0.197194E-03 -0.956805E-03
  1.400   3.705  -0.182181E-03 -0.112593E-03
  1.400   3.705  -0.166400E-03  0.727449E-03
  1.400   3.705  -0.150635E-03  0.115832E-02
  1.400   3.705  -0.135700E-03  0.968901E-03
  1.400   3.705  -0.122478E-03  0.241027E-03
  1.400   3.705  -0.111839E-03 -0.689675E-03
  1.400   3.705  -0.104432E-03 -0.138989E-02
  1.400   3.705  -0.100463E-03 -0.152921E-02
  1.400   3.705  -0.995968E-04 -0.103469E-02
  1.400   3.705  -0.101047E-03 -0.127591E-03
  1.400   3.705  -0.103844E-03  0.778041E-03
  1.400   3.705  -0.107148E-03  0.126928E-02
  1.400   3.705  -0.110482E-03  0.112763E-02
  1.400   3.705  -0.113765E-03  0.428945E-03
  1.400   3.705  -0.117175E-03 -0.494942E-03
  1.400   3.705  -0.120932E-03 -0.121175E-02
  1.400   3.705  -0.125136E-03 -0.138920E-02
  1.400   3.705  -0.129733E-03 -0.949812E-03
  1.400   3.705  -0.134604E-03 -0.108336E-03
  1.400   3.705  -0.139698E-03  0.728867E-03
  1.400   3.705  -0.145108E-03  0.115686E-02
  1.400   3.705  -0.151070E-03  0.964588E-03
  1.400   3.705  -0.157882E-03  0.233956E-03
  1.400   3.705  -0.165804E-03 -0.699330E-03
  1.400   3.705  -0.174962E-03 -0.140187E-02
  1.400   3.705  -0.185264E-03 -0.154318E-02
  1.400   3.705  -0.196336E-03 -0.105024E-02
  1.500   3.835  -0.197390E-03 -0.117982E-03
  1.500   3.835  -0.209818E-03  0.103080E-02
  1.500   3.835  -0.219938E-03  0.165092E-02
  1.500   3.835  -0.226230E-03  0.146439E-02
  1.500   3.835  -0.227713E-03  0.569397E-03
  1.500   3.835  -0.224166E-03 -0.609918E-03
  1.500   3.835  -0.216114E-03 -0.152193E-02
  1.500   3.835  -0.204571E-03 -0.174248E-02
  1.500   3.835  -0.190668E-03 -0.117245E-02
  1.500   3.835  -0.175352E-03 -0.866319E-04
  1.500   3.835  -0.159320E-03  0.994318E-03
  1.500   3.835  -0.143179E-03  0.155145E-02
  1.500   3.835  -0.127709E-03  0.131443E-02
  1.500   3.835  -0.113991E-03  0.387677E-03
  1.500   3.835  -0.103273E-03 -0.800610E-03
  1.500   3.835  -0.966035E-04 -0.169763E-02
  1.500   3.835  -0.944028E-04 -0.188111E-02
  1.500   3.835  -0.962230E-04 -0.125657E-02
  1.500   3.835  -0.100839E-03 -0.105495E-03
  1.500   3.835  -0.106652E-03  0.104359E-02
  1.500   3.835  -0.112234E-03  0.166356E-02
  1.500   3.835  -0.116748E-03  0.147646E-02
  1.500   3.835  -0.120081E-03  0.580475E-03
  1.500   3.835  -0.122654E-03 -0.600174E-03
  1.500   3.835  -0.125046E-03 -0.151380E-02
  1.500   3.835  -0.127657E-03 -0.173616E-02
  1.500   3.835  -0.130568E-03 -0.116807E-02
  1.500   3.835  -0.133631E-03 -0.842712E-04
  1.500   3.835  -0.136688E-03  0.994616E-03
  1.500   3.835  -0.139782E-03  0.154968E-02
  1.500   3.835  -0.143245E-03  0.131062E-02
  1.500   3.835  -0.147654E-03  0.381897E-03
  1.500   3.835  -0.153663E-03 -0.808233E-03
  1.500   3.835  -0.161777E-03 -0.170691E-02
  1.500   3.835  -0.172136E-03 -0.189179E-02
  1.500   3.835  -0.184338E-03 -0.126834E-02
  1.600   3.961  -0.184893E-03 -0.917658E-04
  1.600   3.961  -0.200523E-03  0.134185E-02
  1.600   3.961  -0.213285E-03  0.211192E-02
  1.600   3.961  -0.221050E-03  0.187106E-02
  1.600   3.961  -0.222696E-03  0.744114E-03
  1.600   3.961  -0.218346E-03 -0.736504E-03
  1.600   3.961  -0.209152E-03 -0.187958E-02
  1.600   3.961  -0.196723E-03 -0.215320E-02
  1.600   3.961  -0.182472E-03 -0.143241E-02
  1.600   3.961  -0.167200E-03 -0.621383E-04
  1.600   3.961  -0.151150E-03  0.130259E-02
  1.600   3.961  -0.134472E-03  0.200878E-02
  1.600   3.961  -0.117790E-03  0.171671E-02
  1.600   3.961  -0.102497E-03  0.557564E-03
  1.600   3.961  -0.905315E-04 -0.932116E-03
  1.600   3.961  -0.837005E-04 -0.205992E-02
  1.600   3.961  -0.828834E-04 -0.229589E-02
  1.600   3.961  -0.875330E-04 -0.151984E-02
  1.600   3.961  -0.957547E-04 -0.834904E-04
  1.600   3.961  -0.104957E-03  0.135021E-02
  1.600   3.961  -0.112786E-03  0.212007E-02
  1.600   3.961  -0.117906E-03  0.187869E-02
  1.600   3.961  -0.120297E-03  0.750951E-03
  1.600   3.961  -0.120962E-03 -0.730686E-03
  1.600   3.961  -0.121250E-03 -0.187494E-02
  1.600   3.961  -0.122165E-03 -0.214983E-02
  1.600   3.961  -0.123989E-03 -0.143035E-02
  1.600   3.961  -0.126343E-03 -0.613807E-04
  1.600   3.961  -0.128588E-03  0.130205E-02
  1.600   3.961  -0.130326E-03  0.200696E-02
  1.600   3.961  -0.131751E-03  0.171364E-02
  1.600   3.961  -0.133724E-03  0.553285E-03
  1.600   3.961  -0.137524E-03 -0.937523E-03
  1.600   3.961  -0.144387E-03 -0.206633E-02
  1.600   3.961  -0.154972E-03 -0.230315E-02
  1.600   3.961  -0.168951E-03 -0.152774E-02
  1.700   4.083  -0.173759E-03 -0.707769E-04
  1.700   4.083  -0.193446E-03  0.169154E-02
  1.700   4.083  -0.209187E-03  0.263420E-02
  1.700   4.083  -0.217935E-03  0.232995E-02
  1.700   4.083  -0.218544E-03  0.935018E-03
  1.700   4.083  -0.211966E-03 -0.893149E-03
  1.700   4.083  -0.200623E-03 -0.230264E-02
  1.700   4.083  -0.187222E-03 -0.263718E-02
  1.700   4.083  -0.173570E-03 -0.174140E-02
  1.700   4.083  -0.159997E-03 -0.410955E-04
  1.700   4.083  -0.145664E-03  0.165283E-02
  1.700   4.083  -0.129616E-03  0.253183E-02
  1.700   4.083  -0.111955E-03  0.217623E-02
  1.700   4.083  -0.944564E-04  0.748625E-03
  1.700   4.083  -0.802132E-04 -0.108932E-02
  1.700   4.083  -0.724252E-04 -0.248441E-02
  1.700   4.083  -0.729246E-04 -0.278224E-02
  1.700   4.083  -0.811871E-04 -0.183220E-02
  1.700   4.083  -0.943472E-04 -0.667594E-04
  1.700   4.083  -0.108246E-03  0.169542E-02
  1.700   4.083  -0.119038E-03  0.263777E-02
  1.700   4.083  -0.124607E-03  0.233304E-02
  1.700   4.083  -0.125162E-03  0.937493E-03
  1.700   4.083  -0.122777E-03 -0.891394E-03
  1.700   4.083  -0.120178E-03 -0.230165E-02
  1.700   4.083  -0.119405E-03 -0.263693E-02
  1.700   4.083  -0.120986E-03 -0.174183E-02
  1.700   4.083  -0.123946E-03 -0.421330E-04
  1.700   4.083  -0.126549E-03  0.165126E-02
  1.700   4.083  -0.127370E-03  0.252978E-02
  1.700   4.083  -0.126181E-03  0.217373E-02
  1.700   4.083  -0.124266E-03  0.745709E-03
  1.700   4.083  -0.124043E-03 -0.109262E-02
  1.700   4.083  -0.128126E-03 -0.248802E-02
  1.700   4.083  -0.138195E-03 -0.278610E-02
  1.700   4.083  -0.154126E-03 -0.183620E-02
  1.800   4.201  -0.163129E-03 -0.493706E-04
  1.800   4.201  -0.188754E-03  0.208885E-02
  1.800   4.201  -0.208121E-03  0.322794E-02
  1.800   4.201  -0.216846E-03  0.284966E-02
  1.800   4.201  -0.214079E-03  0.114709E-02
  1.800   4.201  -0.202557E-03 -0.107926E-02
  1.800   4.201  -0.187140E-03 -0.279421E-02
  1.800   4.201  -0.172502E-03 -0.319913E-02
  1.800   4.201  -0.161030E-03 -0.210299E-02
  1.800   4.201  -0.151970E-03 -0.237208E-04
  1.800   4.201  -0.142271E-03  0.204855E-02
  1.800   4.201  -0.128705E-03  0.312640E-02
  1.800   4.201  -0.110162E-03  0.269881E-02
  1.800   4.201  -0.888767E-04  0.964991E-03
  1.800   4.201  -0.698755E-04 -0.127043E-02
  1.800   4.201  -0.588531E-04 -0.297105E-02
  1.800   4.201  -0.595078E-04 -0.334018E-02
  1.800   4.201  -0.716490E-04 -0.219151E-02
  1.800   4.201  -0.910292E-04 -0.494663E-04
  1.800   4.201  -0.111013E-03  0.208841E-02
  1.800   4.201  -0.125316E-03  0.322709E-02
  1.800   4.201  -0.130528E-03  0.284836E-02
  1.800   4.201  -0.127270E-03  0.114531E-02
  1.800   4.201  -0.119489E-03 -0.108149E-02
  1.800   4.201  -0.112323E-03 -0.279683E-02
  1.800   4.201  -0.109627E-03 -0.320198E-02
  1.800   4.201  -0.112322E-03 -0.210592E-02
  1.800   4.201  -0.118281E-03 -0.265443E-04
  1.800   4.201  -0.123674E-03  0.204597E-02
  1.800   4.201  -0.125075E-03  0.312415E-02
  1.800   4.201  -0.121326E-03  0.269693E-02
  1.800   4.201  -0.114332E-03  0.963487E-03
  1.800   4.201  -0.108436E-03 -0.127158E-02
  1.800   4.201  -0.108620E-03 -0.297188E-02
  1.800   4.201  -0.118300E-03 -0.334070E-02
  1.800   4.201  -0.137633E-03 -0.219172E-02
  1.900   4.317  -0.150371E-03 -0.307395E-04
  1.900   4.317  -0.184969E-03  0.253361E-02
  1.900   4.317  -0.209553E-03  0.389488E-02
  1.900   4.317  -0.217530E-03  0.343243E-02
  1.900   4.317  -0.208617E-03  0.138206E-02
  1.900   4.317  -0.188614E-03 -0.129394E-02
  1.900   4.317  -0.166515E-03 -0.335412E-02
  1.900   4.317  -0.150254E-03 -0.383886E-02
  1.900   4.317  -0.143064E-03 -0.251572E-02
  1.900   4.317  -0.142217E-03 -0.643971E-05
  1.900   4.317  -0.140792E-03  0.249501E-02
  1.900   4.317  -0.131648E-03  0.379771E-02
  1.900   4.317  -0.111605E-03  0.328779E-02
  1.900   4.317  -0.836804E-04  0.120702E-02
  1.900   4.317  -0.561834E-04 -0.147823E-02
  1.900   4.317  -0.390438E-04 -0.352524E-02
  1.900   4.317  -0.391333E-04 -0.397625E-02
  1.900   4.317  -0.568587E-04 -0.260339E-02
  1.900   4.317  -0.856891E-04 -0.345905E-04
  1.900   4.317  -0.114878E-03  0.252922E-02
  1.900   4.317  -0.134115E-03  0.389003E-02
  1.900   4.317  -0.137918E-03  0.342717E-02
  1.900   4.317  -0.127728E-03  0.137648E-02
  1.900   4.317  -0.110790E-03 -0.129973E-02
  1.900   4.317  -0.964397E-04 -0.335995E-02
  1.900   4.317  -0.916669E-04 -0.384450E-02
  1.900   4.317  -0.980229E-04 -0.252091E-02
  1.900   4.317  -0.111254E-03 -0.109129E-04
  1.900   4.317  -0.123683E-03  0.249146E-02
  1.900   4.317  -0.128131E-03  0.379520E-02
  1.900   4.317  -0.121551E-03  0.328638E-02
  1.900   4.317  -0.106716E-03  0.120670E-02
  1.900   4.317  -0.912159E-04 -0.147752E-02
  1.900   4.317  -0.841903E-04 -0.352359E-02
  1.900   4.317  -0.922076E-04 -0.397376E-02
  1.900   4.317  -0.116128E-03 -0.260016E-02
  2.000   4.429  -0.138623E-03 -0.125594E-04
  2.000   4.429  -0.187075E-03  0.303096E-02
  2.000   4.429  -0.219338E-03  0.464107E-02
  2.000   4.429  -0.225275E-03  0.408283E-02
  2.000   4.429  -0.205644E-03  0.164153E-02
  2.000   4.429  -0.171377E-03 -0.153907E-02
  2.000   4.429  -0.138283E-03 -0.398730E-02
  2.000   4.429  -0.119583E-03 -0.456294E-02
  2.000   4.429  -0.119767E-03 -0.298553E-02
  2.000   4.429  -0.132713E-03  0.744814E-05
  2.000   4.429  -0.145045E-03  0.299188E-02
  2.000   4.429  -0.143175E-03  0.454709E-02
  2.000   4.429  -0.120553E-03  0.394439E-02
  2.000   4.429  -0.815247E-04  0.147469E-02
  2.000   4.429  -0.398077E-04 -0.171435E-02
  2.000   4.429  -0.122654E-04 -0.414983E-02
  2.000   4.429  -0.109479E-04 -0.469345E-02
  2.000   4.429  -0.372217E-04 -0.306918E-02
  2.000   4.429  -0.808140E-04 -0.204107E-04
  2.000   4.429  -0.124264E-03  0.302235E-02
  2.000   4.429  -0.150704E-03  0.463195E-02
  2.000   4.429  -0.151322E-03  0.407343E-02
  2.000   4.429  -0.129007E-03  0.163207E-02
  2.000   4.429  -0.965478E-04 -0.154840E-02
  2.000   4.429  -0.703397E-04 -0.399627E-02
  2.000   4.429  -0.626707E-04 -0.457129E-02
  2.000   4.429  -0.762021E-04 -0.299295E-02
  2.000   4.429  -0.103120E-03  0.125074E-05
  2.000   4.429  -0.129195E-03  0.298716E-02
  2.000   4.429  -0.140749E-03  0.454403E-02
  2.000   4.429  -0.131286E-03  0.394310E-02
  2.000   4.429  -0.104769E-03  0.147521E-02
  2.000   4.429  -0.740531E-04 -0.171204E-02
  2.000   4.429  -0.551754E-04 -0.414584E-02
  2.000   4.429  -0.600434E-04 -0.468794E-02
  2.000   4.429  -0.908262E-04 -0.306237E-02
  2.100   4.538  -0.127546E-03  0.139592E-05
  2.100   4.538  -0.197506E-03  0.357874E-02
  2.100   4.538  -0.241168E-03  0.546527E-02
  2.100   4.538  -0.242895E-03  0.479997E-02
  2.100   4.538  -0.205319E-03  0.192498E-02
  2.100   4.538  -0.147773E-03 -0.181465E-02
  2.100   4.538  -0.970869E-04 -0.469342E-02
  2.100   4.538  -0.749773E-04 -0.537076E-02
  2.100   4.538  -0.878835E-04 -0.351093E-02
  2.100   4.538  -0.124114E-03  0.208492E-04
  2.100   4.538  -0.159770E-03  0.354307E-02
  2.100   4.538  -0.170707E-03  0.537807E-02
  2.100   4.538  -0.144746E-03  0.467060E-02
  2.100   4.538  -0.881801E-04  0.176817E-02
  2.100   4.538  -0.233207E-04 -0.198025E-02
  2.100   4.538   0.217818E-04 -0.484785E-02
  2.100   4.538   0.265684E-04 -0.549585E-02
  2.100   4.538  -0.121561E-04 -0.359275E-02
  2.100   4.538  -0.784102E-04 -0.929068E-05
  2.100   4.538  -0.144177E-03  0.356721E-02
  2.100   4.538  -0.182158E-03  0.545329E-02
  2.100   4.538  -0.178140E-03  0.478788E-02
  2.100   4.538  -0.137172E-03  0.191307E-02
  2.100   4.538  -0.807303E-04 -0.182613E-02
  2.100   4.538  -0.363416E-04 -0.470422E-02
  2.100   4.538  -0.246602E-04 -0.538061E-02
  2.100   4.538  -0.500595E-04 -0.351950E-02
  2.100   4.538  -0.990118E-04  0.138868E-04
  2.100   4.538  -0.146833E-03  0.353799E-02
  2.100   4.538  -0.169522E-03  0.537508E-02
  2.100   4.538  -0.155187E-03  0.466982E-02
  2.100   4.538  -0.109798E-03  0.176967E-02
  2.100   4.538  -0.546884E-04 -0.197650E-02
  2.100   4.538  -0.168983E-04 -0.484196E-02
  2.100   4.538  -0.167700E-04 -0.548803E-02
  2.100   4.538  -0.584273E-04 -0.358331E-02
  2.200   4.645  -0.115314E-03  0.152137E-04
  2.200   4.645  -0.218641E-03  0.418244E-02
  2.200   4.645  -0.279787E-03  0.637299E-02
  2.200   4.645  -0.274648E-03  0.558811E-02
  2.200   4.645  -0.208861E-03  0.223505E-02
  2.200   4.645  -0.114872E-03 -0.211967E-02
  2.200   4.645  -0.366374E-04 -0.547331E-02
  2.200   4.645  -0.901171E-05 -0.626481E-02
  2.200   4.645  -0.413962E-04 -0.409484E-02
  2.200   4.645  -0.113419E-03  0.319495E-04
  2.200   4.645  -0.184861E-03  0.414831E-02
  2.200   4.645  -0.215244E-03  0.629126E-02
  2.200   4.645  -0.183703E-03  0.546720E-02
  2.200   4.645  -0.995534E-04  0.208846E-02
  2.200   4.645   0.160542E-05 -0.227459E-02
  2.200   4.645   0.744296E-04 -0.561794E-02
  2.200   4.645   0.851820E-04 -0.638227E-02
  2.200   4.645   0.277886E-04 -0.417242E-02
  2.200   4.645  -0.730001E-04  0.182351E-05
  2.200   4.645  -0.172877E-03  0.416803E-02
  2.200   4.645  -0.228403E-03  0.635812E-02
  2.200   4.645  -0.216967E-03  0.557325E-02
  2.200   4.645  -0.146916E-03  0.222061E-02
  2.200   4.645  -0.531634E-04 -0.213339E-02
  2.200   4.645   0.194794E-04 -0.548604E-02
  2.200   4.645   0.372965E-04 -0.627624E-02
  2.200   4.645  -0.684606E-05 -0.410469E-02
  2.200   4.645  -0.906173E-04  0.240247E-04
  2.200   4.645  -0.173086E-03  0.414259E-02
  2.200   4.645  -0.214131E-03  0.628798E-02
  2.200   4.645  -0.193343E-03  0.546652E-02
  2.200   4.645  -0.119705E-03  0.209049E-02
  2.200   4.645  -0.276388E-04 -0.226986E-02
  2.200   4.645   0.387548E-04 -0.561058E-02
  2.200   4.645   0.460493E-04 -0.637249E-02
  2.200   4.645  -0.128969E-04 -0.416060E-02
  2.300   4.749  -0.105077E-03  0.266185E-04
  2.300   4.749  -0.258133E-03  0.484477E-02
  2.300   4.749  -0.344732E-03  0.736999E-02
  2.300   4.749  -0.328281E-03  0.645377E-02
  2.300   4.749  -0.219255E-03  0.257769E-02
  2.300   4.749  -0.700622E-04 -0.244959E-02
  2.300   4.749   0.495223E-04 -0.632464E-02
  2.300   4.749   0.850176E-04 -0.724499E-02
  2.300   4.749   0.228231E-04 -0.473824E-02
  2.300   4.749  -0.103368E-03  0.401602E-04
  2.300   4.749  -0.228607E-03  0.480739E-02
  2.300   4.749  -0.287796E-03  0.728530E-02
  2.300   4.749  -0.247074E-03  0.633047E-02
  2.300   4.749  -0.120466E-03  0.242947E-02
  2.300   4.749   0.362168E-04 -0.260521E-02
  2.300   4.749   0.151360E-03 -0.646892E-02
  2.300   4.749   0.171159E-03 -0.736115E-02
  2.300   4.749   0.850435E-04 -0.481384E-02
  2.300   4.749  -0.690563E-04  0.122666E-04
  2.300   4.749  -0.222138E-03  0.482921E-02
  2.300   4.749  -0.306104E-03  0.735390E-02
  2.300   4.749  -0.285254E-03  0.643781E-02
  2.300   4.749  -0.172492E-03  0.256244E-02
  2.300   4.749  -0.227431E-04 -0.246364E-02
  2.300   4.749   0.931080E-04 -0.633709E-02
  2.300   4.749   0.121397E-03 -0.725554E-02
  2.300   4.749   0.504400E-04 -0.474666E-02
  2.300   4.749  -0.845249E-04  0.340402E-04
  2.300   4.749  -0.218315E-03  0.480365E-02
  2.300   4.749  -0.286603E-03  0.728394E-02
  2.300   4.749  -0.256135E-03  0.633145E-02
  2.300   4.749  -0.140357E-03  0.243279E-02
  2.300   4.749   0.670615E-05 -0.259953E-02
  2.300   4.749   0.115412E-03 -0.646084E-02
  2.300   4.749   0.132820E-03 -0.735072E-02
  2.300   4.749   0.474431E-04 -0.480126E-02
  2.400   4.851  -0.943485E-04  0.370684E-04
  2.400   4.851  -0.322702E-03  0.555065E-02
  2.400   4.851  -0.449393E-03  0.842960E-02
  2.400   4.851  -0.418929E-03  0.736771E-02
  2.400   4.851  -0.248227E-03  0.293075E-02
  2.400   4.851  -0.184698E-04 -0.281389E-02
  2.400   4.851   0.162865E-03 -0.724529E-02
  2.400   4.851   0.212247E-03 -0.830328E-02
  2.400   4.851   0.109278E-03 -0.543311E-02
  2.400   4.851  -0.936403E-04  0.499536E-04
  2.400   4.851  -0.296076E-03  0.552078E-02
  2.400   4.851  -0.397303E-03  0.835934E-02
  2.400   4.851  -0.344393E-03  0.726354E-02
  2.400   4.851  -0.157708E-03  0.280374E-02
  2.400   4.851   0.783059E-04 -0.294882E-02
  2.400   4.851   0.254622E-03 -0.737182E-02
  2.400   4.851   0.288822E-03 -0.840685E-02
  2.400   4.851   0.163939E-03 -0.550316E-02
  2.400   4.851  -0.632805E-04  0.194813E-04
  2.400   4.851  -0.288699E-03  0.553196E-02
  2.400   4.851  -0.409390E-03  0.841058E-02
  2.400   4.851  -0.371614E-03  0.734898E-02
  2.400   4.851  -0.195565E-03  0.291278E-02
  2.400   4.851   0.345925E-04 -0.283081E-02
  2.400   4.851   0.210463E-03 -0.726092E-02
  2.400   4.851   0.250131E-03 -0.831735E-02
  2.400   4.851   0.136156E-03 -0.544524E-02
  2.400   4.851  -0.767071E-04  0.401815E-04
  2.400   4.851  -0.287491E-03  0.551380E-02
  2.400   4.851  -0.396450E-03  0.835551E-02
  2.400   4.851  -0.351739E-03  0.726310E-02
  2.400   4.851  -0.173655E-03  0.280683E-02
  2.400   4.851   0.547012E-04 -0.294219E-02
  2.400   4.851   0.225922E-03 -0.736178E-02
  2.400   4.851   0.258145E-03 -0.839372E-02
  2.400   4.851   0.133257E-03 -0.548745E-02
  2.500   4.951  -0.838328E-04  0.455058E-04
  2.500   4.951  -0.418816E-03  0.632791E-02
  2.500   4.951  -0.601607E-03  0.959642E-02
  2.500   4.951  -0.550041E-03  0.837363E-02
  2.500   4.951  -0.290619E-03  0.332201E-02
  2.500   4.951   0.541244E-04 -0.320782E-02
  2.500   4.951   0.322866E-03 -0.825096E-02
  2.500   4.951   0.390854E-03 -0.946488E-02
  2.500   4.951   0.228436E-03 -0.619959E-02
  2.500   4.951  -0.847872E-04  0.568638E-04
  2.500   4.951  -0.397341E-03  0.630020E-02
  2.500   4.951  -0.557515E-03  0.953165E-02
  2.500   4.951  -0.485361E-03  0.827736E-02
  2.500   4.951  -0.210791E-03  0.320420E-02
  2.500   4.951   0.140204E-03 -0.333332E-02
  2.500   4.951   0.404543E-03 -0.836887E-02
  2.500   4.951   0.458520E-03 -0.956171E-02
  2.500   4.951   0.275963E-03 -0.626585E-02
  2.500   4.951  -0.591619E-04  0.264675E-04
  2.500   4.951  -0.391837E-03  0.630761E-02
  2.500   4.951  -0.568511E-03  0.957583E-02
  2.500   4.951  -0.508879E-03  0.835356E-02
  2.500   4.951  -0.243074E-03  0.330301E-02
  2.500   4.951   0.102998E-03 -0.322544E-02
  2.500   4.951   0.366926E-03 -0.826704E-02
  2.500   4.951   0.425707E-03 -0.947926E-02
  2.500   4.951   0.252923E-03 -0.621202E-02
  2.500   4.951  -0.693094E-04  0.467501E-04
  2.500   4.951  -0.389092E-03  0.629281E-02
  2.500   4.951  -0.555978E-03  0.952735E-02
  2.500   4.951  -0.491325E-03  0.827648E-02
  2.500   4.951  -0.224948E-03  0.320696E-02
  2.500   4.951   0.118777E-03 -0.332679E-02
  2.500   4.951   0.378692E-03 -0.835858E-02
  2.500   4.951   0.431767E-03 -0.954791E-02
  2.500   4.951   0.250514E-03 -0.624903E-02
  2.600   5.049  -0.763045E-04  0.517145E-04
  2.600   5.049  -0.558432E-03  0.713814E-02
  2.600   5.049  -0.818241E-03  0.108103E-01
  2.600   5.049  -0.737176E-03  0.941661E-02
  2.600   5.049  -0.355193E-03  0.372737E-02
  2.600   5.049   0.148177E-03 -0.361364E-02
  2.600   5.049   0.537597E-03 -0.929176E-02
  2.600   5.049   0.631729E-03 -0.106723E-01
  2.600   5.049   0.388232E-03 -0.699913E-02
  2.600   5.049  -0.759453E-04  0.640178E-04
  2.600   5.049  -0.539261E-03  0.711279E-02
  2.600   5.049  -0.780014E-03  0.107489E-01
  2.600   5.049  -0.681109E-03  0.932394E-02
  2.600   5.049  -0.285431E-03  0.361283E-02
  2.600   5.049   0.224149E-03 -0.373655E-02
  2.600   5.049   0.610371E-03 -0.940784E-02
  2.600   5.049   0.692639E-03 -0.107682E-01
  2.600   5.049   0.431764E-03 -0.706566E-02
  2.600   5.049  -0.512775E-04  0.317331E-04
  2.600   5.049  -0.531748E-03  0.711652E-02
  2.600   5.049  -0.786481E-03  0.107879E-01
  2.600   5.049  -0.698409E-03  0.939410E-02
  2.600   5.049  -0.310940E-03  0.370541E-02
  2.600   5.049   0.193070E-03 -0.363458E-02
  2.600   5.049   0.577291E-03 -0.931123E-02
  2.600   5.049   0.662375E-03 -0.106898E-01
  2.600   5.049   0.409485E-03 -0.701407E-02
  2.600   5.049  -0.618745E-04  0.522408E-04
  2.600   5.049  -0.530069E-03  0.710468E-02
  2.600   5.049  -0.775284E-03  0.107447E-01
  2.600   5.049  -0.682401E-03  0.932385E-02
  2.600   5.049  -0.294626E-03  0.361670E-02
  2.600   5.049   0.206794E-03 -0.372887E-02
  2.600   5.049   0.586974E-03 -0.939654E-02
  2.600   5.049   0.666694E-03 -0.107536E-01
  2.600   5.049   0.406087E-03 -0.704806E-02
  2.700   5.146  -0.665114E-04  0.614277E-04
  2.700   5.146  -0.745910E-03  0.799769E-02
  2.700   5.146  -0.111051E-02  0.120907E-01
  2.700   5.146  -0.992281E-03  0.105094E-01
  2.700   5.146  -0.448419E-03  0.414607E-02
  2.700   5.146   0.265774E-03 -0.404739E-02
  2.700   5.146   0.816006E-03 -0.103955E-01
  2.700   5.146   0.944957E-03 -0.119564E-01
  2.700   5.146   0.592988E-03 -0.785378E-02
  2.700   5.146  -0.730368E-04  0.674255E-04
  2.700   5.146  -0.737544E-03  0.797394E-02
  2.700   5.146  -0.108487E-02  0.120389E-01
  2.700   5.146  -0.948331E-03  0.104335E-01
  2.700   5.146  -0.388840E-03  0.405360E-02
  2.700   5.146   0.333671E-03 -0.414566E-02
  2.700   5.146   0.882016E-03 -0.104877E-01
  2.700   5.146   0.999506E-03 -0.120327E-01
  2.700   5.146   0.630342E-03 -0.790779E-02
  2.700   5.146  -0.536812E-04  0.387257E-04
  2.700   5.146  -0.733298E-03  0.797198E-02
  2.700   5.146  -0.109152E-02  0.120639E-01
  2.700   5.146  -0.962285E-03  0.104833E-01
  2.700   5.146  -0.407701E-03  0.412195E-02
  2.700   5.146   0.311870E-03 -0.406891E-02
  2.700   5.146   0.860006E-03 -0.104143E-01
  2.700   5.146   0.981250E-03 -0.119728E-01
  2.700   5.146   0.620043E-03 -0.786804E-02
  2.700   5.146  -0.536143E-04  0.551228E-04
  2.700   5.146  -0.723951E-03  0.796359E-02
  2.700   5.146  -0.107741E-02  0.120307E-01
  2.700   5.146  -0.949194E-03  0.104279E-01
  2.700   5.146  -0.399786E-03  0.405126E-02
  2.700   5.146   0.313772E-03 -0.414380E-02
  2.700   5.146   0.857640E-03 -0.104807E-01
  2.700   5.146   0.976468E-03 -0.120201E-01
  2.700   5.146   0.612581E-03 -0.788969E-02
  2.800   5.240  -0.599689E-04  0.666634E-04
  2.800   5.240  -0.999563E-03  0.887759E-02
  2.800   5.240  -0.150165E-02  0.133994E-01
  2.800   5.240  -0.133375E-02  0.116235E-01
  2.800   5.240  -0.576274E-03  0.457736E-02
  2.800   5.240   0.415726E-03 -0.447618E-02
  2.800   5.240   0.117831E-02 -0.115062E-01
  2.800   5.240   0.135497E-02 -0.132600E-01
  2.800   5.240   0.863659E-03 -0.872658E-02
  2.800   5.240  -0.636829E-04  0.708018E-04
  2.800   5.240  -0.989289E-03  0.885299E-02
  2.800   5.240  -0.147566E-02  0.133473E-01
  2.800   5.240  -0.129181E-02  0.115473E-01
  2.800   5.240  -0.521635E-03  0.448384E-02
  2.800   5.240   0.475847E-03 -0.457591E-02
  2.800   5.240   0.123466E-02 -0.115997E-01
  2.800   5.240   0.139956E-02 -0.133370E-01
  2.800   5.240   0.892448E-03 -0.878090E-02
  2.800   5.240  -0.502095E-04  0.418871E-04
  2.800   5.240  -0.987654E-03  0.885079E-02
  2.800   5.240  -0.148173E-02  0.133724E-01
  2.800   5.240  -0.130255E-02  0.115980E-01
  2.800   5.240  -0.535485E-03  0.455402E-02
  2.800   5.240   0.459845E-03 -0.449712E-02
  2.800   5.240   0.121814E-02 -0.115251E-01
  2.800   5.240   0.138539E-02 -0.132771E-01
  2.800   5.240   0.883918E-03 -0.874201E-02
  2.800   5.240  -0.512033E-04  0.572206E-04
  2.800   5.240  -0.982065E-03  0.884172E-02
  2.800   5.240  -0.147319E-02  0.133389E-01
  2.800   5.240  -0.129540E-02  0.115425E-01
  2.800   5.240  -0.532353E-03  0.448344E-02
  2.800   5.240   0.459201E-03 -0.457125E-02
  2.800   5.240   0.121575E-02 -0.115895E-01
  2.800   5.240   0.138268E-02 -0.133211E-01
  2.800   5.240   0.879886E-03 -0.875993E-02
  2.900   5.333  -0.543023E-04  0.679011E-04
  2.900   5.333  -0.131951E-02  0.976529E-02
  2.900   5.333  -0.199297E-02  0.147134E-01
  2.900   5.333  -0.176163E-02  0.127329E-01
  2.900   5.333  -0.735359E-03  0.500114E-02
  2.900   5.333   0.605501E-03 -0.490816E-02
  2.900   5.333   0.163425E-02 -0.126218E-01
  2.900   5.333   0.186971E-02 -0.145771E-01
  2.900   5.333   0.120157E-02 -0.961393E-02
  2.900   5.333  -0.562789E-04  0.724816E-04
  2.900   5.333  -0.131185E-02  0.974294E-02
  2.900   5.333  -0.197360E-02  0.146650E-01
  2.900   5.333  -0.172914E-02  0.126611E-01
  2.900   5.333  -0.691465E-03  0.491234E-02
  2.900   5.333   0.654947E-03 -0.500323E-02
  2.900   5.333   0.168092E-02 -0.127109E-01
  2.900   5.333   0.190619E-02 -0.146501E-01
  2.900   5.333   0.122421E-02 -0.966510E-02
  2.900   5.333  -0.467075E-04  0.452867E-04
  2.900   5.333  -0.131173E-02  0.974078E-02
  2.900   5.333  -0.197901E-02  0.146887E-01
  2.900   5.333  -0.173766E-02  0.127095E-01
  2.900   5.333  -0.702500E-03  0.497998E-02
  2.900   5.333   0.641355E-03 -0.492689E-02
  2.900   5.333   0.166572E-02 -0.126383E-01
  2.900   5.333   0.189211E-02 -0.145916E-01
  2.900   5.333   0.121496E-02 -0.962643E-02
  2.900   5.333  -0.485648E-04  0.622510E-04
  2.900   5.333  -0.130667E-02  0.973534E-02
  2.900   5.333  -0.197063E-02  0.146604E-01
  2.900   5.333  -0.173067E-02  0.126597E-01
  2.900   5.333  -0.699858E-03  0.491446E-02
  2.900   5.333   0.639872E-03 -0.499720E-02
  2.900   5.333   0.166258E-02 -0.127005E-01
  2.900   5.333   0.188943E-02 -0.146351E-01
  2.900   5.333   0.121231E-02 -0.964588E-02
  3.000   5.424  -0.485925E-04  0.704563E-04
  3.000   5.424  -0.171168E-02  0.106397E-01
  3.000   5.424  -0.259537E-02  0.159963E-01
  3.000   5.424  -0.228812E-02  0.138047E-01
  3.000   5.424  -0.935419E-03  0.540728E-02
  3.000   5.424   0.829917E-03 -0.532325E-02
  3.000   5.424   0.218306E-02 -0.137008E-01
  3.000   5.424   0.249094E-02 -0.158641E-01
  3.000   5.424   0.160859E-02 -0.104887E-01
  3.000   5.424  -0.505002E-04  0.730635E-04
  3.000   5.424  -0.170661E-02  0.106185E-01
  3.000   5.424  -0.258082E-02  0.159520E-01
  3.000   5.424  -0.226194E-02  0.137391E-01
  3.000   5.424  -0.898651E-03  0.532606E-02
  3.000   5.424   0.871895E-03 -0.541019E-02
  3.000   5.424   0.222224E-02 -0.137819E-01
  3.000   5.424   0.252031E-02 -0.159302E-01
  3.000   5.424   0.162510E-02 -0.105351E-01
  3.000   5.424  -0.453205E-04  0.477131E-04
  3.000   5.424  -0.170858E-02  0.106150E-01
  3.000   5.424  -0.258584E-02  0.159717E-01
  3.000   5.424  -0.226791E-02  0.137818E-01
  3.000   5.424  -0.905658E-03  0.538712E-02
  3.000   5.424   0.862943E-03 -0.534064E-02
  3.000   5.424   0.221151E-02 -0.137158E-01
  3.000   5.424   0.251002E-02 -0.158772E-01
  3.000   5.424   0.161870E-02 -0.104999E-01
  3.000   5.424  -0.454104E-04  0.638451E-04
  3.000   5.424  -0.170298E-02  0.106117E-01
  3.000   5.424  -0.257832E-02  0.159478E-01
  3.000   5.424  -0.226320E-02  0.137377E-01
  3.000   5.424  -0.906404E-03  0.532781E-02
  3.000   5.424   0.857766E-03 -0.540476E-02
  3.000   5.424   0.220540E-02 -0.137722E-01
  3.000   5.424   0.250594E-02 -0.159157E-01
  3.000   5.424   0.161666E-02 -0.105159E-01
