  0.000   0.000   -0.45815E+02   0.14667E+01   0.69811E+00  -0.41152E+01   0.23291E+03   0.62986E-07
 -1.000  -1.000   -0.30537E+02   0.60418E+00   0.49623E+00  -0.42080E+01   0.23105E+03   0.55064E-07
  0.120   0.990   -0.46955E+02   0.15606E+01   0.69260E+00  -0.41244E+01   0.23567E+03   0.81949E-07
  0.207   1.400   -0.46316E+02   0.16917E+01   0.66643E+00  -0.41246E+01   0.23630E+03   0.83816E-07
  0.301   1.715   -0.45859E+02   0.18458E+01   0.62058E+00  -0.41233E+01   0.23697E+03   0.87432E-07
  0.400   1.981   -0.46334E+02   0.19985E+01   0.57227E+00  -0.41184E+01   0.23755E+03   0.95536E-07
  0.500   2.214   -0.48306E+02   0.21199E+01   0.53142E+00  -0.41099E+01   0.23800E+03   0.92286E-07
  0.600   2.426   -0.52060E+02   0.21886E+01   0.50124E+00  -0.40984E+01   0.23831E+03   0.10077E-06
  0.700   2.620   -0.57530E+02   0.21804E+01   0.47506E+00  -0.40860E+01   0.23851E+03   0.10158E-06
  0.800   2.801   -0.64254E+02   0.20858E+01   0.45312E+00  -0.40751E+01   0.23861E+03   0.12234E-06
  0.900   2.971   -0.71494E+02   0.19110E+01   0.44099E+00  -0.40662E+01   0.23862E+03   0.10958E-06
  1.000   3.132   -0.77536E+02   0.16764E+01   0.42945E+00  -0.40564E+01   0.23738E+03   0.13246E-06
  1.100   3.284   -0.83822E+02   0.14033E+01   0.42253E+00  -0.40576E+01   0.23797E+03   0.99059E-07
  1.200   3.430   -0.88673E+02   0.11217E+01   0.41782E+00  -0.40620E+01   0.23864E+03   0.10691E-06
  1.300   3.571   -0.91884E+02   0.85391E+00   0.41265E+00  -0.40677E+01   0.23933E+03   0.10705E-06
  1.400   3.705   -0.93526E+02   0.61376E+00   0.41359E+00  -0.40732E+01   0.23999E+03   0.11565E-06
  1.500   3.835   -0.93764E+02   0.40968E+00   0.41489E+00  -0.40766E+01   0.24056E+03   0.11539E-06
  1.600   3.961   -0.92862E+02   0.24097E+00   0.41339E+00  -0.40770E+01   0.24112E+03   0.10980E-06
  1.700   4.083   -0.91135E+02   0.10577E+00   0.41741E+00  -0.40747E+01   0.24157E+03   0.10375E-06
  1.800   4.201   -0.88755E+02   0.96764E-03   0.41323E+00  -0.40699E+01   0.24191E+03   0.11557E-06
  1.900   4.317   -0.85941E+02  -0.79234E-01   0.41441E+00  -0.40605E+01   0.24216E+03   0.13401E-06
  2.000   4.429   -0.82879E+02  -0.13717E+00   0.42129E+00  -0.40477E+01   0.24234E+03   0.11406E-06
  2.100   4.538   -0.79576E+02  -0.18508E+00   0.42234E+00  -0.40331E+01   0.24242E+03   0.58110E-06
  2.200   4.645   -0.76343E+02  -0.20949E+00   0.42630E+00  -0.40137E+01   0.24247E+03   0.12266E-06
  2.300   4.749   -0.72963E+02  -0.23102E+00   0.42323E+00  -0.39903E+01   0.24243E+03   0.12016E-06
  2.400   4.851   -0.69875E+02  -0.23829E+00   0.42717E+00  -0.39670E+01   0.24239E+03   0.12210E-06
  2.500   4.951   -0.66596E+02  -0.23771E+00   0.42759E+00  -0.39353E+01   0.24224E+03   0.13769E-06
  2.600   5.049   -0.63519E+02  -0.23298E+00   0.43071E+00  -0.39026E+01   0.24208E+03   0.15983E-06
  2.700   5.146   -0.60573E+02  -0.22721E+00   0.43383E+00  -0.38671E+01   0.24190E+03   0.14930E-06
  2.800   5.240   -0.57712E+02  -0.21097E+00   0.43750E+00  -0.38283E+01   0.24168E+03   0.10488E-06
  2.900   5.333   -0.55005E+02  -0.19469E+00   0.43538E+00  -0.37870E+01   0.24145E+03   0.13404E-06
  3.000   5.424   -0.52396E+02  -0.17657E+00   0.43818E+00  -0.37433E+01   0.24114E+03   0.15159E-06
