  0.000   0.000    0.69169E+03  -0.21443E+01  -0.72290E+00   0.16227E+01  -0.45335E+02  -0.90903E-07
 -1.000  -1.000    0.29472E+03  -0.84901E+00  -0.33071E+00   0.42093E+00  -0.31103E+02  -0.74864E-07
  0.120   0.990    0.72939E+03  -0.23079E+01  -0.72781E+00   0.17272E+01  -0.46836E+02  -0.11448E-06
  0.207   1.400    0.77486E+03  -0.25434E+01  -0.70620E+00   0.18399E+01  -0.46488E+02  -0.12378E-06
  0.301   1.715    0.82915E+03  -0.28276E+01  -0.65474E+00   0.19736E+01  -0.46452E+02  -0.13236E-06
  0.400   1.981    0.88604E+03  -0.31084E+01  -0.59467E+00   0.21175E+01  -0.47479E+02  -0.14505E-06
  0.500   2.214    0.93798E+03  -0.33158E+01  -0.53931E+00   0.22572E+01  -0.50050E+02  -0.14895E-06
  0.600   2.426    0.97672E+03  -0.33776E+01  -0.49237E+00   0.23760E+01  -0.54286E+02  -0.15951E-06
  0.700   2.620    0.99494E+03  -0.32348E+01  -0.44711E+00   0.24592E+01  -0.59889E+02  -0.16343E-06
  0.800   2.801    0.98838E+03  -0.28759E+01  -0.40545E+00   0.24981E+01  -0.66185E+02  -0.21006E-06
  0.900   2.971    0.95720E+03  -0.23540E+01  -0.37367E+00   0.24895E+01  -0.72332E+02  -0.16503E-06
  1.000   3.132    0.90408E+03  -0.17562E+01  -0.34410E+00   0.24327E+01  -0.76494E+02  -0.16819E-06
  1.100   3.284    0.83869E+03  -0.11599E+01  -0.32010E+00   0.23560E+01  -0.81047E+02  -0.13884E-06
  1.200   3.430    0.76580E+03  -0.63873E+00  -0.30130E+00   0.22580E+01  -0.84113E+02  -0.13452E-06
  1.300   3.571    0.69111E+03  -0.22531E+00  -0.28342E+00   0.21470E+01  -0.85686E+02  -0.10979E-06
  1.400   3.705    0.61883E+03   0.76655E-01  -0.27288E+00   0.20301E+01  -0.85933E+02  -0.13530E-06
  1.500   3.835    0.55142E+03   0.28027E+00  -0.26388E+00   0.19119E+01  -0.85060E+02  -0.13457E-06
  1.600   3.961    0.49027E+03   0.40662E+00  -0.25447E+00   0.17973E+01  -0.83406E+02  -0.11989E-06
  1.700   4.083    0.43586E+03   0.47517E+00  -0.25101E+00   0.16890E+01  -0.81159E+02  -0.10713E-06
  1.800   4.201    0.38795E+03   0.50393E+00  -0.24089E+00   0.15894E+01  -0.78495E+02  -0.11507E-06
  1.900   4.317    0.34613E+03   0.50425E+00  -0.23573E+00   0.14972E+01  -0.75584E+02  -0.12469E-06
  2.000   4.429    0.30987E+03   0.48795E+00  -0.23642E+00   0.14140E+01  -0.72566E+02  -0.10577E-06
  2.100   4.538    0.27840E+03   0.46924E+00  -0.23312E+00   0.13419E+01  -0.69477E+02  -0.74717E-06
  2.200   4.645    0.25140E+03   0.43019E+00  -0.23277E+00   0.12754E+01  -0.66461E+02  -0.11166E-06
  2.300   4.749    0.22799E+03   0.39724E+00  -0.22817E+00   0.12173E+01  -0.63483E+02  -0.10358E-06
  2.400   4.851    0.20796E+03   0.36087E+00  -0.22767E+00   0.11691E+01  -0.60645E+02  -0.10729E-06
  2.500   4.951    0.19060E+03   0.32366E+00  -0.22582E+00   0.11242E+01  -0.57889E+02  -0.11478E-06
  2.600   5.049    0.17570E+03   0.28874E+00  -0.22708E+00   0.10876E+01  -0.55281E+02  -0.14613E-06
  2.700   5.146    0.16288E+03   0.25783E+00  -0.22883E+00   0.10572E+01  -0.52820E+02  -0.11997E-06
  2.800   5.240    0.15185E+03   0.22366E+00  -0.23121E+00   0.10321E+01  -0.50491E+02  -0.87903E-07
  2.900   5.333    0.14240E+03   0.19383E+00  -0.22912E+00   0.10124E+01  -0.48313E+02  -0.10923E-06
  3.000   5.424    0.13427E+03   0.16589E+00  -0.23196E+00   0.99746E+00  -0.46248E+02  -0.11564E-06
