  0.000   0.000    0.00000E+00   0.00000E+00   0.00000E+00   0.00000E+00   0.00000E+00   0.00000E+00
 -1.000  -1.000    0.00000E+00   0.00000E+00   0.00000E+00   0.00000E+00   0.00000E+00   0.00000E+00
  0.120   0.990    0.12080E-07   0.47943E-08   0.11090E-04   0.29524E-09   0.14320E-08   0.20163E-15
  0.207   1.400    0.88476E-07   0.35645E-07   0.22685E-04  -0.44402E-10   0.93916E-08   0.83161E-15
  0.301   1.715    0.33488E-06   0.13449E-06   0.33526E-04  -0.37429E-08   0.31042E-07   0.18941E-14
  0.400   1.981    0.84691E-06   0.34234E-06   0.41013E-04  -0.12124E-07   0.66944E-07   0.34062E-14
  0.500   2.214    0.16819E-05   0.68699E-06   0.45424E-04  -0.23480E-07   0.11058E-06   0.65873E-14
  0.600   2.426    0.28435E-05   0.11180E-05   0.47588E-04  -0.30345E-07   0.15080E-06   0.17916E-13
  0.700   2.620    0.42422E-05   0.16808E-05   0.47884E-04  -0.32927E-07   0.17372E-06   0.57612E-13
  0.800   2.801    0.55435E-05   0.17850E-05   0.47151E-04  -0.83125E-08   0.16351E-06   0.18163E-12
  0.900   2.971    0.71816E-05   0.28236E-05   0.45563E-04  -0.41232E-08   0.13530E-06   0.51254E-12
  1.000   3.132    0.85220E-05   0.33719E-05   0.43334E-04   0.22235E-07   0.81139E-07   0.13017E-11
  1.100   3.284    0.94712E-05   0.38565E-05   0.40595E-04   0.59311E-07  -0.23910E-08   0.30294E-11
  1.200   3.430    0.10085E-04   0.40548E-05   0.37829E-04   0.10023E-06  -0.96265E-07   0.65192E-11
  1.300   3.571    0.10400E-04   0.44085E-05   0.34873E-04   0.14373E-06  -0.19137E-06   0.13128E-10
  1.400   3.705    0.10672E-04   0.45070E-05   0.31951E-04   0.18288E-06  -0.28551E-06   0.24961E-10
  1.500   3.835    0.10401E-04   0.42698E-05   0.29148E-04   0.20903E-06  -0.36087E-06   0.45190E-10
  1.600   3.961    0.10278E-04   0.44275E-05   0.25974E-04   0.24146E-06  -0.43376E-06   0.78396E-10
  1.700   4.083    0.97791E-05   0.41517E-05   0.23625E-04   0.25259E-06  -0.48389E-06   0.13091E-09
  1.800   4.201    0.92811E-05   0.41581E-05   0.21316E-04   0.26773E-06  -0.52264E-06   0.21150E-09
  1.900   4.317    0.88119E-05   0.40757E-05   0.18984E-04   0.27075E-06  -0.55365E-06   0.33127E-09
  2.000   4.429    0.85286E-05   0.40182E-05   0.16924E-04   0.26519E-06  -0.58697E-06   0.50639E-09
  2.100   4.538    0.77699E-05   0.35868E-05   0.15373E-04   0.21798E-06  -0.57923E-06   0.75280E-09
  2.200   4.645    0.72512E-05   0.34325E-05   0.13631E-04   0.18480E-06  -0.58499E-06   0.10996E-08
  2.300   4.749    0.63348E-05   0.25240E-05   0.12284E-04   0.68820E-07  -0.55002E-06   0.15701E-08
  2.400   4.851    0.63151E-05   0.31078E-05   0.10946E-04   0.50161E-07  -0.58026E-06   0.21936E-08
  2.500   4.951    0.57580E-05   0.29889E-05   0.98452E-05  -0.49912E-07  -0.56368E-06   0.30198E-08
  2.600   5.049    0.56349E-05   0.31089E-05   0.87500E-05  -0.15080E-06  -0.58283E-06   0.40688E-08
  2.700   5.146    0.49882E-05   0.35736E-05   0.82997E-05  -0.25332E-06  -0.55094E-06   0.53949E-08
  2.800   5.240    0.49103E-05   0.32014E-05   0.77586E-05  -0.46000E-06  -0.57019E-06   0.70115E-08
  2.900   5.333    0.43186E-05   0.23991E-05   0.72724E-05  -0.74680E-06  -0.54176E-06   0.89450E-08
  3.000   5.424    0.39315E-05   0.21102E-05   0.69613E-05  -0.10114E-05  -0.52659E-06   0.11184E-07
