  0.000   0.000    0.00000E+00   0.00000E+00   0.00000E+00   0.00000E+00   0.00000E+00   0.00000E+00
 -1.000  -1.000    0.00000E+00   0.00000E+00   0.00000E+00   0.00000E+00   0.00000E+00   0.00000E+00
  0.120   0.990   -0.80794E-03  -0.48239E-02   0.38267E+03   0.32451E-01  -0.48975E-02   0.69989E-08
  0.207   1.400   -0.19490E-02  -0.11416E-01   0.77030E+03   0.13709E+00  -0.20634E-01   0.28549E-07
  0.301   1.715    0.17137E-02   0.11209E-01   0.11233E+04   0.31129E+00  -0.46700E-01   0.63556E-07
  0.400   1.981    0.18080E-01   0.10919E+00   0.13557E+04   0.51782E+00  -0.77426E-01   0.10515E-06
  0.500   2.214    0.52669E-01   0.31890E+00   0.14830E+04   0.73177E+00  -0.10913E+00   0.14413E-06
  0.600   2.426    0.11074E+00   0.66525E+00   0.15334E+04   0.94191E+00  -0.14010E+00   0.17491E-06
  0.700   2.620    0.18978E+00   0.11419E+01   0.15288E+04   0.11418E+01  -0.16955E+00   0.18463E-06
  0.800   2.801    0.28109E+00   0.17111E+01   0.14854E+04   0.13293E+01  -0.19755E+00   0.23616E-06
  0.900   2.971    0.39029E+00   0.23356E+01   0.14155E+04   0.15026E+01  -0.22364E+00   0.21940E-06
  1.000   3.132    0.48201E+00   0.29115E+01   0.13306E+04   0.16561E+01  -0.24705E+00   0.22713E-06
  1.100   3.284    0.57332E+00   0.34317E+01   0.12332E+04   0.17944E+01  -0.26838E+00   0.25979E-06
  1.200   3.430    0.63598E+00   0.38259E+01   0.11312E+04   0.19101E+01  -0.28703E+00   0.27761E-06
  1.300   3.571    0.67323E+00   0.40864E+01   0.10285E+04   0.19997E+01  -0.30108E+00   0.34370E-06
  1.400   3.705    0.70625E+00   0.42528E+01   0.92787E+03   0.20620E+01  -0.31201E+00   0.33855E-06
  1.500   3.835    0.70092E+00   0.42859E+01   0.83150E+03   0.20912E+01  -0.31852E+00   0.21985E-06
  1.600   3.961    0.70397E+00   0.42724E+01   0.74043E+03   0.20996E+01  -0.31977E+00   0.86062E-06
  1.700   4.083    0.68550E+00   0.41987E+01   0.65557E+03   0.20790E+01  -0.31816E+00   0.19564E-06
  1.800   4.201    0.64024E+00   0.40382E+01   0.57739E+03   0.20288E+01  -0.31002E+00   0.21892E-06
  1.900   4.317    0.61887E+00   0.38781E+01   0.50598E+03   0.19595E+01  -0.30027E+00  -0.62826E-05
  2.000   4.429    0.59487E+00   0.37081E+01   0.44124E+03   0.18725E+01  -0.28866E+00   0.23083E-06
  2.100   4.538    0.56592E+00   0.35295E+01   0.38305E+03   0.17713E+01  -0.27565E+00  -0.75890E-06
  2.200   4.645    0.51473E+00   0.33146E+01   0.33101E+03   0.16529E+01  -0.25524E+00  -0.26678E-05
  2.300   4.749    0.48878E+00   0.30525E+01   0.28512E+03   0.15267E+01  -0.23742E+00   0.67861E-06
  2.400   4.851    0.44433E+00   0.28967E+01   0.24370E+03   0.13938E+01  -0.21531E+00   0.56437E-06
  2.500   4.951    0.42164E+00   0.26949E+01   0.20867E+03   0.12654E+01  -0.19620E+00   0.74885E-06
  2.600   5.049    0.39872E+00   0.24966E+01   0.17772E+03   0.11343E+01  -0.17664E+00   0.14446E-05
  2.700   5.146    0.35048E+00   0.22588E+01   0.15090E+03   0.10077E+01  -0.15647E+00   0.15566E-05
  2.800   5.240    0.35899E+00   0.21171E+01   0.12801E+03   0.89329E+00  -0.14189E+00   0.13525E-05
  2.900   5.333    0.33746E+00   0.19261E+01   0.10837E+03   0.78279E+00  -0.12519E+00   0.18529E-05
  3.000   5.424    0.31268E+00   0.17470E+01   0.91735E+02   0.68297E+00  -0.11005E+00   0.21697E-05
