  0.000   0.000  -0.000000E+00  0.000000E+00
  0.000   0.000  -0.000000E+00  0.000000E+00
  0.000   0.000  -0.000000E+00  0.000000E+00
  0.000   0.000  -0.000000E+00  0.000000E+00
  0.000   0.000  -0.000000E+00  0.000000E+00
  0.000   0.000  -0.000000E+00  0.000000E+00
  0.000   0.000  -0.000000E+00  0.000000E+00
  0.000   0.000  -0.000000E+00  0.000000E+00
  0.000   0.000  -0.000000E+00  0.000000E+00
  0.000   0.000  -0.000000E+00  0.000000E+00
  0.000   0.000   0.000000E+00 -0.000000E+00
  0.000   0.000   0.000000E+00 -0.000000E+00
  0.000   0.000   0.000000E+00 -0.000000E+00
  0.000   0.000   0.000000E+00 -0.000000E+00
  0.000   0.000   0.000000E+00 -0.000000E+00
  0.000   0.000   0.000000E+00 -0.000000E+00
  0.000   0.000   0.000000E+00 -0.000000E+00
  0.000   0.000   0.000000E+00 -0.000000E+00
  0.000   0.000   0.000000E+00 -0.000000E+00
  0.000   0.000   0.000000E+00 -0.000000E+00
  0.000   0.000   0.000000E+00 -0.000000E+00
  0.000   0.000   0.000000E+00 -0.000000E+00
  0.000   0.000   0.000000E+00 -0.000000E+00
  0.000   0.000   0.000000E+00 -0.000000E+00
  0.000   0.000   0.000000E+00 -0.000000E+00
  0.000   0.000   0.000000E+00 -0.000000E+00
  0.000   0.000   0.000000E+00 -0.000000E+00
  0.000   0.000   0.000000E+00 -0.000000E+00
  0.000   0.000  -0.000000E+00  0.000000E+00
  0.000   0.000  -0.000000E+00  0.000000E+00
  0.000   0.000  -0.000000E+00  0.000000E+00
  0.000   0.000  -0.000000E+00  0.000000E+00
  0.000   0.000  -0.000000E+00  0.000000E+00
  0.000   0.000  -0.000000E+00  0.000000E+00
  0.000   0.000  -0.000000E+00  0.000000E+00
  0.000   0.000  -0.000000E+00  0.000000E+00
 -1.000  -1.000            NaN           NaN
 -1.000  -1.000            NaN           NaN
 -1.000  -1.000            NaN           NaN
 -1.000  -1.000            NaN           NaN
 -1.000  -1.000            NaN           NaN
 -1.000  -1.000            NaN           NaN
 -1.000  -1.000            NaN           NaN
 -1.000  -1.000            NaN           NaN
 -1.000  -1.000            NaN           NaN
 -1.000  -1.000            NaN           NaN
 -1.000  -1.000            NaN           NaN
 -1.000  -1.000            NaN           NaN
 -1.000  -1.000            NaN           NaN
 -1.000  -1.000            NaN           NaN
 -1.000  -1.000            NaN           NaN
 -1.000  -1.000            NaN           NaN
 -1.000  -1.000            NaN           NaN
 -1.000  -1.000            NaN           NaN
 -1.000  -1.000            NaN           NaN
 -1.000  -1.000            NaN           NaN
 -1.000  -1.000            NaN           NaN
 -1.000  -1.000            NaN           NaN
 -1.000  -1.000            NaN           NaN
 -1.000  -1.000            NaN           NaN
 -1.000  -1.000            NaN           NaN
 -1.000  -1.000            NaN           NaN
 -1.000  -1.000            NaN           NaN
 -1.000  -1.000            NaN           NaN
 -1.000  -1.000            NaN           NaN
 -1.000  -1.000            NaN           NaN
 -1.000  -1.000            NaN           NaN
 -1.000  -1.000            NaN           NaN
 -1.000  -1.000            NaN           NaN
 -1.000  -1.000            NaN           NaN
 -1.000  -1.000            NaN           NaN
 -1.000  -1.000            NaN           NaN
  0.120   0.990  -0.356251E+03 -0.881603E+01
  0.120   0.990  -0.352858E+03 -0.876659E+01
  0.120   0.990  -0.338744E+03 -0.871954E+01
  0.120   0.990  -0.314341E+03 -0.867952E+01
  0.120   0.990  -0.280391E+03 -0.864956E+01
  0.120   0.990  -0.237928E+03 -0.863079E+01
  0.120   0.990  -0.188243E+03 -0.862241E+01
  0.120   0.990  -0.132847E+03 -0.862183E+01
  0.120   0.990  -0.734199E+02 -0.862510E+01
  0.120   0.990  -0.117670E+02 -0.862757E+01
  0.120   0.990   0.502410E+02 -0.862447E+01
  0.120   0.990   0.110722E+03 -0.861173E+01
  0.120   0.990   0.167839E+03 -0.858654E+01
  0.120   0.990   0.219857E+03 -0.854782E+01
  0.120   0.990   0.265193E+03 -0.849653E+01
  0.120   0.990   0.302470E+03 -0.843562E+01
  0.120   0.990   0.330551E+03 -0.836977E+01
  0.120   0.990   0.348582E+03 -0.830493E+01
  0.120   0.990   0.356014E+03 -0.824768E+01
  0.120   0.990   0.352622E+03 -0.820440E+01
  0.120   0.990   0.338508E+03 -0.818061E+01
  0.120   0.990   0.314105E+03 -0.818021E+01
  0.120   0.990   0.280155E+03 -0.820505E+01
  0.120   0.990   0.237692E+03 -0.825459E+01
  0.120   0.990   0.188007E+03 -0.832595E+01
  0.120   0.990   0.132610E+03 -0.841410E+01
  0.120   0.990   0.731837E+02 -0.851243E+01
  0.120   0.990   0.115308E+02 -0.861337E+01
  0.120   0.990  -0.504771E+02 -0.870918E+01
  0.120   0.990  -0.110958E+03 -0.879277E+01
  0.120   0.990  -0.168075E+03 -0.885841E+01
  0.120   0.990  -0.220093E+03 -0.890227E+01
  0.120   0.990  -0.265430E+03 -0.892279E+01
  0.120   0.990  -0.302706E+03 -0.892072E+01
  0.120   0.990  -0.330787E+03 -0.889899E+01
  0.120   0.990  -0.348819E+03 -0.886219E+01
  0.207   1.400  -0.527539E+03 -0.964274E+01
  0.207   1.400  -0.522785E+03 -0.949025E+01
  0.207   1.400  -0.502143E+03 -0.930170E+01
  0.207   1.400  -0.466249E+03 -0.909174E+01
  0.207   1.400  -0.416204E+03 -0.887183E+01
  0.207   1.400  -0.353538E+03 -0.864930E+01
  0.207   1.400  -0.280160E+03 -0.842702E+01
  0.207   1.400  -0.198300E+03 -0.820384E+01
  0.207   1.400  -0.110439E+03 -0.797552E+01
  0.207   1.400  -0.192391E+02 -0.773622E+01
  0.207   1.400   0.725407E+02 -0.748019E+01
  0.207   1.400   0.162121E+03 -0.720353E+01
  0.207   1.400   0.246784E+03 -0.690570E+01
  0.207   1.400   0.323958E+03 -0.659064E+01
  0.207   1.400   0.391293E+03 -0.626726E+01
  0.207   1.400   0.446734E+03 -0.594928E+01
  0.207   1.400   0.488585E+03 -0.565430E+01
  0.207   1.400   0.515565E+03 -0.540234E+01
  0.207   1.400   0.526850E+03 -0.521389E+01
  0.207   1.400   0.522097E+03 -0.510770E+01
  0.207   1.400   0.501455E+03 -0.509868E+01
  0.207   1.400   0.465561E+03 -0.519600E+01
  0.207   1.400   0.415516E+03 -0.540174E+01
  0.207   1.400   0.352849E+03 -0.571027E+01
  0.207   1.400   0.279471E+03 -0.610832E+01
  0.207   1.400   0.197611E+03 -0.657584E+01
  0.207   1.400   0.109750E+03 -0.708764E+01
  0.207   1.400   0.185499E+02 -0.761540E+01
  0.207   1.400  -0.732302E+02 -0.813009E+01
  0.207   1.400  -0.162810E+03 -0.860442E+01
  0.207   1.400  -0.247474E+03 -0.901507E+01
  0.207   1.400  -0.324648E+03 -0.934446E+01
  0.207   1.400  -0.391983E+03 -0.958192E+01
  0.207   1.400  -0.447424E+03 -0.972409E+01
  0.207   1.400  -0.489274E+03 -0.977458E+01
  0.207   1.400  -0.516254E+03 -0.974288E+01
  0.301   1.715  -0.655312E+03 -0.150913E+02
  0.301   1.715  -0.649801E+03 -0.147452E+02
  0.301   1.715  -0.624522E+03 -0.141993E+02
  0.301   1.715  -0.580271E+03 -0.134882E+02
  0.301   1.715  -0.518423E+03 -0.126437E+02
  0.301   1.715  -0.440887E+03 -0.116929E+02
  0.301   1.715  -0.350034E+03 -0.106570E+02
  0.301   1.715  -0.248624E+03 -0.955175E+01
  0.301   1.715  -0.139724E+03 -0.838856E+01
  0.301   1.715  -0.266144E+02 -0.717713E+01
  0.301   1.715   0.873006E+02 -0.592804E+01
  0.301   1.715   0.198588E+03 -0.465569E+01
  0.301   1.715   0.303882E+03 -0.338066E+01
  0.301   1.715   0.399983E+03 -0.213137E+01
  0.301   1.715   0.483957E+03 -0.944426E+00
  0.301   1.715   0.553222E+03  0.136226E+00
  0.301   1.715   0.605643E+03  0.106165E+01
  0.301   1.715   0.639599E+03  0.178137E+01
  0.301   1.715   0.654042E+03  0.224765E+01
  0.301   1.715   0.648532E+03  0.242008E+01
  0.301   1.715   0.623254E+03  0.227007E+01
  0.301   1.715   0.579003E+03  0.178448E+01
  0.301   1.715   0.517156E+03  0.968119E+00
  0.301   1.715   0.439619E+03 -0.155214E+00
  0.301   1.715   0.348765E+03 -0.154343E+01
  0.301   1.715   0.247354E+03 -0.313840E+01
  0.301   1.715   0.138453E+03 -0.486966E+01
  0.301   1.715   0.253422E+02 -0.665917E+01
  0.301   1.715  -0.885739E+02 -0.842670E+01
  0.301   1.715  -0.199862E+03 -0.100954E+02
  0.301   1.715  -0.305156E+03 -0.115967E+02
  0.301   1.715  -0.401258E+03 -0.128748E+02
  0.301   1.715  -0.485231E+03 -0.138896E+02
  0.301   1.715  -0.554496E+03 -0.146177E+02
  0.301   1.715  -0.606916E+03 -0.150528E+02
  0.301   1.715  -0.640870E+03 -0.152036E+02
  0.400   1.981  -0.729996E+03 -0.273434E+02
  0.400   1.981  -0.724380E+03 -0.267048E+02
  0.400   1.981  -0.696682E+03 -0.255076E+02
  0.400   1.981  -0.647805E+03 -0.238185E+02
  0.400   1.981  -0.579307E+03 -0.217067E+02
  0.400   1.981  -0.493334E+03 -0.192393E+02
  0.400   1.981  -0.392536E+03 -0.164795E+02
  0.400   1.981  -0.279978E+03 -0.134850E+02
  0.400   1.981  -0.159042E+03 -0.103102E+02
  0.400   1.981  -0.333419E+02 -0.700867E+01
  0.400   1.981   0.933787E+02 -0.363635E+01
  0.400   1.981   0.217334E+03 -0.255831E+00
  0.400   1.981   0.334796E+03  0.306087E+01
  0.400   1.981   0.442197E+03  0.623052E+01
  0.400   1.981   0.536236E+03  0.915896E+01
  0.400   1.981   0.613993E+03  0.117437E+02
  0.400   1.981   0.673032E+03  0.138786E+02
  0.400   1.981   0.711493E+03  0.154609E+02
  0.400   1.981   0.728171E+03  0.163988E+02
  0.400   1.981   0.722559E+03  0.166201E+02
  0.400   1.981   0.694863E+03  0.160795E+02
  0.400   1.981   0.645987E+03  0.147646E+02
  0.400   1.981   0.577489E+03  0.126999E+02
  0.400   1.981   0.491516E+03  0.994730E+01
  0.400   1.981   0.390716E+03  0.660427E+01
  0.400   1.981   0.278154E+03  0.279906E+01
  0.400   1.981   0.157216E+03 -0.131652E+01
  0.400   1.981   0.315117E+02 -0.557598E+01
  0.400   1.981  -0.952121E+02 -0.980798E+01
  0.400   1.981  -0.219170E+03 -0.138463E+02
  0.400   1.981  -0.336633E+03 -0.175395E+02
  0.400   1.981  -0.444034E+03 -0.207584E+02
  0.400   1.981  -0.538073E+03 -0.234025E+02
  0.400   1.981  -0.615828E+03 -0.254035E+02
  0.400   1.981  -0.674863E+03 -0.267258E+02
  0.400   1.981  -0.713321E+03 -0.273650E+02
  0.500   2.214  -0.749216E+03 -0.464552E+02
  0.500   2.214  -0.744111E+03 -0.454432E+02
  0.500   2.214  -0.716236E+03 -0.433124E+02
  0.500   2.214  -0.666558E+03 -0.401740E+02
  0.500   2.214  -0.596726E+03 -0.361525E+02
  0.500   2.214  -0.508985E+03 -0.313775E+02
  0.500   2.214  -0.406075E+03 -0.259785E+02
  0.500   2.214  -0.291127E+03 -0.200824E+02
  0.500   2.214  -0.167569E+03 -0.138137E+02
  0.500   2.214  -0.390325E+02 -0.729770E+01
  0.500   2.214   0.907182E+02 -0.664169E+00
  0.500   2.214   0.217867E+03  0.594720E+01
  0.500   2.214   0.338625E+03  0.123831E+02
  0.500   2.214   0.449327E+03  0.184750E+02
  0.500   2.214   0.546539E+03  0.240401E+02
  0.500   2.214   0.627186E+03  0.288873E+02
  0.500   2.214   0.688676E+03  0.328258E+02
  0.500   2.214   0.729017E+03  0.356766E+02
  0.500   2.214   0.746911E+03  0.372864E+02
  0.500   2.214   0.741812E+03  0.375409E+02
  0.500   2.214   0.713942E+03  0.363762E+02
  0.500   2.214   0.664267E+03  0.337876E+02
  0.500   2.214   0.594435E+03  0.298339E+02
  0.500   2.214   0.506692E+03  0.246375E+02
  0.500   2.214   0.403778E+03  0.183791E+02
  0.500   2.214   0.288825E+03  0.112891E+02
  0.500   2.214   0.165260E+03  0.363534E+01
  0.500   2.214   0.367167E+02 -0.429091E+01
  0.500   2.214  -0.930402E+02 -0.121903E+02
  0.500   2.214  -0.220194E+03 -0.197707E+02
  0.500   2.214  -0.340955E+03 -0.267614E+02
  0.500   2.214  -0.451657E+03 -0.329258E+02
  0.500   2.214  -0.548867E+03 -0.380719E+02
  0.500   2.214  -0.629511E+03 -0.420585E+02
  0.500   2.214  -0.690995E+03 -0.447988E+02
  0.500   2.214  -0.731329E+03 -0.462593E+02
  0.600   2.426  -0.717190E+03 -0.703432E+02
  0.600   2.426  -0.713119E+03 -0.689141E+02
  0.600   2.426  -0.687088E+03 -0.656599E+02
  0.600   2.426  -0.640088E+03 -0.607484E+02
  0.600   2.426  -0.573784E+03 -0.543761E+02
  0.600   2.426  -0.490400E+03 -0.467548E+02
  0.600   2.426  -0.392598E+03 -0.381011E+02
  0.600   2.426  -0.283362E+03 -0.286299E+02
  0.600   2.426  -0.165902E+03 -0.185531E+02
  0.600   2.426  -0.435819E+02 -0.808219E+01
  0.600   2.426   0.801235E+02  0.256550E+01
  0.600   2.426   0.201672E+03  0.131592E+02
  0.600   2.426   0.317500E+03  0.234483E+02
  0.600   2.426   0.424096E+03  0.331591E+02
  0.600   2.426   0.518104E+03  0.419980E+02
  0.600   2.426   0.596461E+03  0.496602E+02
  0.600   2.426   0.656544E+03  0.558452E+02
  0.600   2.426   0.696318E+03  0.602759E+02
  0.600   2.426   0.714452E+03  0.627209E+02
  0.600   2.426   0.710389E+03  0.630143E+02
  0.600   2.426   0.684364E+03  0.610728E+02
  0.600   2.426   0.637368E+03  0.569068E+02
  0.600   2.426   0.571065E+03  0.506246E+02
  0.600   2.426   0.487678E+03  0.424286E+02
  0.600   2.426   0.389871E+03  0.326056E+02
  0.600   2.426   0.280628E+03  0.215113E+02
  0.600   2.426   0.163159E+03  0.955195E+01
  0.600   2.426   0.408310E+02 -0.283581E+01
  0.600   2.426  -0.828822E+02 -0.152048E+02
  0.600   2.426  -0.204437E+03 -0.271169E+02
  0.600   2.426  -0.320269E+03 -0.381613E+02
  0.600   2.426  -0.426865E+03 -0.479715E+02
  0.600   2.426  -0.520871E+03 -0.562402E+02
  0.600   2.426  -0.599222E+03 -0.627308E+02
  0.600   2.426  -0.659298E+03 -0.672844E+02
  0.600   2.426  -0.699064E+03 -0.698224E+02
  0.700   2.620  -0.640747E+03 -0.950484E+02
  0.700   2.620  -0.638104E+03 -0.931992E+02
  0.700   2.620  -0.615596E+03 -0.887753E+02
  0.700   2.620  -0.574215E+03 -0.820127E+02
  0.700   2.620  -0.515583E+03 -0.731954E+02
  0.700   2.620  -0.441809E+03 -0.626330E+02
  0.700   2.620  -0.355341E+03 -0.506411E+02
  0.700   2.620  -0.258831E+03 -0.375286E+02
  0.700   2.620  -0.155044E+03 -0.235920E+02
  0.700   2.620  -0.468205E+02 -0.911974E+01
  0.700   2.620   0.629326E+02  0.559728E+01
  0.700   2.620   0.171221E+03  0.202506E+02
  0.700   2.620   0.274960E+03  0.345009E+02
  0.700   2.620   0.371012E+03  0.479708E+02
  0.700   2.620   0.456277E+03  0.602476E+02
  0.700   2.620   0.527841E+03  0.708977E+02
  0.700   2.620   0.583154E+03  0.794916E+02
  0.700   2.620   0.620208E+03  0.856352E+02
  0.700   2.620   0.637686E+03  0.890036E+02
  0.700   2.620   0.635046E+03  0.893715E+02
  0.700   2.620   0.612540E+03  0.866365E+02
  0.700   2.620   0.571160E+03  0.808326E+02
  0.700   2.620   0.512528E+03  0.721308E+02
  0.700   2.620   0.438754E+03  0.608296E+02
  0.700   2.620   0.352285E+03  0.473353E+02
  0.700   2.620   0.255772E+03  0.321373E+02
  0.700   2.620   0.151983E+03  0.157814E+02
  0.700   2.620   0.437557E+02 -0.115560E+01
  0.700   2.620  -0.660002E+02 -0.180878E+02
  0.700   2.620  -0.174291E+03 -0.344400E+02
  0.700   2.620  -0.278032E+03 -0.496661E+02
  0.700   2.620  -0.374084E+03 -0.632679E+02
  0.700   2.620  -0.459348E+03 -0.748137E+02
  0.700   2.620  -0.530911E+03 -0.839570E+02
  0.700   2.620  -0.586221E+03 -0.904511E+02
  0.700   2.620  -0.623272E+03 -0.941575E+02
  0.800   2.801  -0.528916E+03 -0.116220E+03
  0.800   2.801  -0.527955E+03 -0.113981E+03
  0.800   2.801  -0.510239E+03 -0.108490E+03
  0.800   2.801  -0.476747E+03 -0.100064E+03
  0.800   2.801  -0.429023E+03 -0.890891E+02
  0.800   2.801  -0.368995E+03 -0.759859E+02
  0.800   2.801  -0.298790E+03 -0.611737E+02
  0.800   2.801  -0.220586E+03 -0.450455E+02
  0.800   2.801  -0.136525E+03 -0.279581E+02
  0.800   2.801  -0.487075E+02 -0.102381E+02
  0.800   2.801   0.407544E+02  0.779642E+01
  0.800   2.801   0.129642E+03  0.258063E+02
  0.800   2.801   0.215560E+03  0.434022E+02
  0.800   2.801   0.295918E+03  0.601274E+02
  0.800   2.801   0.368011E+03  0.754589E+02
  0.800   2.801   0.429178E+03  0.888290E+02
  0.800   2.801   0.477012E+03  0.996653E+02
  0.800   2.801   0.509588E+03  0.107440E+03
  0.800   2.801   0.525638E+03  0.111721E+03
  0.800   2.801   0.524661E+03  0.112219E+03
  0.800   2.801   0.506932E+03  0.108814E+03
  0.800   2.801   0.473433E+03  0.101573E+03
  0.800   2.801   0.425709E+03  0.907461E+02
  0.800   2.801   0.365689E+03  0.767389E+02
  0.800   2.801   0.295497E+03  0.600825E+02
  0.800   2.801   0.217311E+03  0.413919E+02
  0.800   2.801   0.133271E+03  0.213290E+02
  0.800   2.801   0.454734E+02  0.573761E+00
  0.800   2.801  -0.439712E+02 -0.201937E+02
  0.800   2.801  -0.132847E+03 -0.403053E+02
  0.800   2.801  -0.218758E+03 -0.591150E+02
  0.800   2.801  -0.299117E+03 -0.760146E+02
  0.800   2.801  -0.371218E+03 -0.904551E+02
  0.800   2.801  -0.432398E+03 -0.101974E+03
  0.800   2.801  -0.480250E+03 -0.110225E+03
  0.800   2.801  -0.512845E+03 -0.114995E+03
  0.900   2.971  -0.392165E+03 -0.130628E+03
  0.900   2.971  -0.393009E+03 -0.128030E+03
  0.900   2.971  -0.380913E+03 -0.121665E+03
  0.900   2.971  -0.356842E+03 -0.111946E+03
  0.900   2.971  -0.322244E+03 -0.993803E+02
  0.900   2.971  -0.278825E+03 -0.845121E+02
  0.900   2.971  -0.228328E+03 -0.678636E+02
  0.900   2.971  -0.172360E+03 -0.498915E+02
  0.900   2.971  -0.112310E+03 -0.309682E+02
  0.900   2.971  -0.493826E+02 -0.113932E+02
  0.900   2.971   0.152750E+02  0.856619E+01
  0.900   2.971   0.803913E+02  0.286171E+02
  0.900   2.971   0.144410E+03  0.483849E+02
  0.900   2.971   0.205418E+03  0.673763E+02
  0.900   2.971   0.261195E+03  0.849764E+02
  0.900   2.971   0.309397E+03  0.100481E+03
  0.900   2.971   0.347808E+03  0.113160E+03
  0.900   2.971   0.374615E+03  0.122333E+03
  0.900   2.971   0.388630E+03  0.127445E+03
  0.900   2.971   0.389408E+03  0.128134E+03
  0.900   2.971   0.377261E+03  0.124270E+03
  0.900   2.971   0.353162E+03  0.115967E+03
  0.900   2.971   0.318559E+03  0.103569E+03
  0.900   2.971   0.275160E+03  0.876051E+02
  0.900   2.971   0.224706E+03  0.687344E+02
  0.900   2.971   0.168799E+03  0.476807E+02
  0.900   2.971   0.108820E+03  0.251822E+02
  0.900   2.971   0.459645E+02  0.196165E+01
  0.900   2.971  -0.186280E+02 -0.212803E+02
  0.900   2.971  -0.836943E+02 -0.438560E+02
  0.900   2.971  -0.147684E+03 -0.650815E+02
  0.900   2.971  -0.208687E+03 -0.842797E+02
  0.900   2.971  -0.264485E+03 -0.100803E+03
  0.900   2.971  -0.312730E+03 -0.114076E+03
  0.900   2.971  -0.351201E+03 -0.123639E+03
  0.900   2.971  -0.378079E+03 -0.129193E+03
  1.000   3.132  -0.242540E+03 -0.137510E+03
  1.000   3.132  -0.245159E+03 -0.134562E+03
  1.000   3.132  -0.239011E+03 -0.127490E+03
  1.000   3.132  -0.225051E+03 -0.116824E+03
  1.000   3.132  -0.204628E+03 -0.103221E+03
  1.000   3.132  -0.179216E+03 -0.873714E+02
  1.000   3.132  -0.150148E+03 -0.699101E+02
  1.000   3.132  -0.118416E+03 -0.513421E+02
  1.000   3.132  -0.845909E+02 -0.320091E+02
  1.000   3.132  -0.488926E+02 -0.121093E+02
  1.000   3.132  -0.114034E+02  0.823235E+01
  1.000   3.132   0.276507E+02  0.288615E+02
  1.000   3.132   0.676397E+02  0.494937E+02
  1.000   3.132   0.107387E+03  0.696472E+02
  1.000   3.132   0.145200E+03  0.886331E+02
  1.000   3.132   0.179074E+03  0.105604E+03
  1.000   3.132   0.206999E+03  0.119651E+03
  1.000   3.132   0.227292E+03  0.129917E+03
  1.000   3.132   0.238856E+03  0.135712E+03
  1.000   3.132   0.241324E+03  0.136596E+03
  1.000   3.132   0.235060E+03  0.132439E+03
  1.000   3.132   0.221033E+03  0.123423E+03
  1.000   3.132   0.200600E+03  0.110015E+03
  1.000   3.132   0.175236E+03  0.928923E+02
  1.000   3.132   0.146270E+03  0.728479E+02
  1.000   3.132   0.114679E+03  0.506976E+02
  1.000   3.132   0.810180E+02  0.272069E+02
  1.000   3.132   0.454874E+02  0.306368E+01
  1.000   3.132   0.814901E+01 -0.211043E+02
  1.000   3.132  -0.307895E+02 -0.446828E+02
  1.000   3.132  -0.707119E+02 -0.670245E+02
  1.000   3.132  -0.110449E+03 -0.874296E+02
  1.000   3.132  -0.148311E+03 -0.105169E+03
  1.000   3.132  -0.182286E+03 -0.119542E+03
  1.000   3.132  -0.210352E+03 -0.129956E+03
  1.000   3.132  -0.230808E+03 -0.136003E+03
  1.100   3.284  -0.901130E+02 -0.138320E+03
  1.100   3.284  -0.944067E+02 -0.134989E+03
  1.100   3.284  -0.941775E+02 -0.127290E+03
  1.100   3.284  -0.903779E+02 -0.115897E+03
  1.100   3.284  -0.842643E+02 -0.101650E+03
  1.100   3.284  -0.770835E+02 -0.854225E+02
  1.100   3.284  -0.697622E+02 -0.679812E+02
  1.100   3.284  -0.626736E+02 -0.498718E+02
  1.100   3.284  -0.555545E+02 -0.313636E+02
  1.100   3.284  -0.476183E+02 -0.124788E+02
  1.100   3.284  -0.378490E+02  0.689431E+01
  1.100   3.284  -0.253945E+02  0.268347E+02
  1.100   3.284  -0.993523E+01  0.472225E+02
  1.100   3.284   0.810004E+01  0.676291E+02
  1.100   3.284   0.275453E+02  0.872980E+02
  1.100   3.284   0.467284E+02  0.105219E+03
  1.100   3.284   0.638424E+02  0.120272E+03
  1.100   3.284   0.773367E+02  0.131392E+03
  1.100   3.284   0.862217E+02  0.137730E+03
  1.100   3.284   0.902222E+02  0.138768E+03
  1.100   3.284   0.897673E+02  0.134386E+03
  1.100   3.284   0.858366E+02  0.124865E+03
  1.100   3.284   0.797023E+02  0.110831E+03
  1.100   3.284   0.726137E+02  0.931422E+02
  1.100   3.284   0.654864E+02  0.727518E+02
  1.100   3.284   0.586701E+02  0.505599E+02
  1.100   3.284   0.518688E+02  0.273170E+02
  1.100   3.284   0.442577E+02  0.360000E+01
  1.100   3.284   0.347814E+02 -0.201334E+02
  1.100   3.284   0.225525E+02 -0.434385E+02
  1.100   3.284   0.722434E+01 -0.657797E+02
  1.100   3.284  -0.107902E+02 -0.864759E+02
  1.100   3.284  -0.303275E+02 -0.104721E+03
  1.100   3.284  -0.497045E+02 -0.119674E+03
  1.100   3.284  -0.670907E+02 -0.130575E+03
  1.100   3.284  -0.809029E+02 -0.136876E+03
  1.200   3.430   0.569326E+02 -0.136445E+03
  1.200   3.430   0.511343E+02 -0.132651E+03
  1.200   3.430   0.457712E+02 -0.124241E+03
  1.200   3.430   0.398875E+02 -0.112065E+03
  1.200   3.430   0.323102E+02 -0.971931E+02
  1.200   3.430   0.220031E+02 -0.807300E+02
  1.200   3.430   0.842129E+01 -0.636154E+02
  1.200   3.430  -0.821984E+01 -0.464510E+02
  1.200   3.430  -0.268549E+02 -0.294124E+02
  1.200   3.430  -0.457175E+02 -0.122878E+02
  1.200   3.430  -0.627176E+02  0.535297E+01
  1.200   3.430  -0.759501E+02  0.239044E+02
  1.200   3.430  -0.841734E+02  0.434722E+02
  1.200   3.430  -0.871013E+02  0.637054E+02
  1.200   3.430  -0.854086E+02  0.837689E+02
  1.200   3.430  -0.804626E+02  0.102453E+03
  1.200   3.430  -0.738849E+02  0.118382E+03
  1.200   3.430  -0.670949E+02  0.130244E+03
  1.200   3.430  -0.609667E+02  0.137009E+03
  1.200   3.430  -0.556686E+02  0.138077E+03
  1.200   3.430  -0.506916E+02  0.133358E+03
  1.200   3.430  -0.450336E+02  0.123263E+03
  1.200   3.430  -0.374944E+02  0.108627E+03
  1.200   3.430  -0.270332E+02  0.905434E+02
  1.200   3.430  -0.131240E+02  0.701581E+02
  1.200   3.430   0.397840E+01  0.484672E+02
  1.200   3.430   0.231531E+02  0.261775E+02
  1.200   3.430   0.425687E+02  0.368805E+01
  1.200   3.430   0.600688E+02 -0.188026E+02
  1.200   3.430   0.736877E+02 -0.411074E+02
  1.200   3.430   0.821374E+02 -0.628655E+02
  1.200   3.430   0.851041E+02 -0.834388E+02
  1.200   3.430   0.832579E+02 -0.101932E+03
  1.200   3.430   0.779844E+02 -0.117319E+03
  1.200   3.430   0.709449E+02 -0.128630E+03
  1.200   3.430   0.636145E+02 -0.135127E+03
  1.300   3.571   0.192638E+03 -0.136136E+03
  1.300   3.571   0.185535E+03 -0.131751E+03
  1.300   3.571   0.175089E+03 -0.122372E+03
  1.300   3.571   0.160343E+03 -0.109059E+03
  1.300   3.571   0.140201E+03 -0.931643E+02
  1.300   3.571   0.113822E+03 -0.760895E+02
  1.300   3.571   0.810084E+02 -0.590061E+02
  1.300   3.571   0.425123E+02 -0.426080E+02
  1.300   3.571   0.136048E+00 -0.269767E+02
  1.300   3.571  -0.434470E+02 -0.116276E+02
  1.300   3.571  -0.851483E+02  0.425139E+01
  1.300   3.571  -0.122083E+03  0.214342E+02
  1.300   3.571  -0.152159E+03  0.402908E+02
  1.300   3.571  -0.174440E+03  0.605487E+02
  1.300   3.571  -0.189163E+03  0.812577E+02
  1.300   3.571  -0.197431E+03  0.100952E+03
  1.300   3.571  -0.200698E+03  0.117938E+03
  1.300   3.571  -0.200252E+03  0.130613E+03
  1.300   3.571  -0.196839E+03  0.137740E+03
  1.300   3.571  -0.190506E+03  0.138638E+03
  1.300   3.571  -0.180656E+03  0.133264E+03
  1.300   3.571  -0.166257E+03  0.122207E+03
  1.300   3.571  -0.146173E+03  0.106566E+03
  1.300   3.571  -0.119557E+03  0.877324E+02
  1.300   3.571  -0.862388E+02  0.671054E+02
  1.300   3.571  -0.470316E+02  0.458066E+02
  1.300   3.571  -0.382341E+01  0.244900E+02
  1.300   3.571   0.406124E+02  0.332694E+01
  1.300   3.571   0.830847E+02 -0.178177E+02
  1.300   3.571   0.120615E+03 -0.390875E+02
  1.300   3.571   0.151041E+03 -0.603407E+02
  1.300   3.571   0.173381E+03 -0.809853E+02
  1.300   3.571   0.187868E+03 -0.999994E+02
  1.300   3.571   0.195630E+03 -0.116115E+03
  1.300   3.571   0.198184E+03 -0.128083E+03
  1.300   3.571   0.196905E+03 -0.134927E+03
  1.400   3.705   0.314057E+03 -0.141351E+03
  1.400   3.705   0.305846E+03 -0.136218E+03
  1.400   3.705   0.290900E+03 -0.125453E+03
  1.400   3.705   0.268263E+03 -0.110369E+03
  1.400   3.705   0.236919E+03 -0.926666E+02
  1.400   3.705   0.196205E+03 -0.741219E+02
  1.400   3.705   0.146231E+03 -0.562187E+02
  1.400   3.705   0.882229E+02 -0.398018E+02
  1.400   3.705   0.246373E+02 -0.248782E+02
  1.400   3.705  -0.410404E+02 -0.106666E+02
  1.400   3.705  -0.104823E+03  0.407922E+01
  1.400   3.705  -0.162944E+03  0.205648E+02
  1.400   3.705  -0.212552E+03  0.394480E+02
  1.400   3.705  -0.252140E+03  0.605140E+02
  1.400   3.705  -0.281575E+03  0.826376E+02
  1.400   3.705  -0.301736E+03  0.104016E+03
  1.400   3.705  -0.313931E+03  0.122560E+03
  1.400   3.705  -0.319316E+03  0.136318E+03
  1.400   3.705  -0.318499E+03  0.143816E+03
  1.400   3.705  -0.311393E+03  0.144285E+03
  1.400   3.705  -0.297302E+03  0.137762E+03
  1.400   3.705  -0.275167E+03  0.125057E+03
  1.400   3.705  -0.243911E+03  0.107604E+03
  1.400   3.705  -0.202861E+03  0.871792E+02
  1.400   3.705  -0.152168E+03  0.655117E+02
  1.400   3.705  -0.931457E+02  0.439025E+02
  1.400   3.705  -0.283710E+02  0.229619E+02
  1.400   3.705   0.385277E+02  0.259593E+01
  1.400   3.705   0.103416E+03 -0.177314E+02
  1.400   3.705   0.162395E+03 -0.385590E+02
  1.400   3.705   0.212507E+03 -0.599969E+02
  1.400   3.705   0.252186E+03 -0.814823E+02
  1.400   3.705   0.281287E+03 -0.101808E+03
  1.400   3.705   0.300728E+03 -0.119379E+03
  1.400   3.705   0.311905E+03 -0.132584E+03
  1.400   3.705   0.316097E+03 -0.140141E+03
  1.500   3.835   0.420571E+03 -0.153470E+03
  1.500   3.835   0.411432E+03 -0.147470E+03
  1.500   3.835   0.392523E+03 -0.134931E+03
  1.500   3.835   0.362909E+03 -0.117438E+03
  1.500   3.835   0.321679E+03 -0.970790E+02
  1.500   3.835   0.268363E+03 -0.760684E+02
  1.500   3.835   0.203367E+03 -0.562718E+02
  1.500   3.835   0.128338E+03 -0.387481E+02
  1.500   3.835   0.462978E+02 -0.234679E+02
  1.500   3.835  -0.385784E+02 -0.935936E+01
  1.500   3.835  -0.121543E+03  0.527470E+01
  1.500   3.835  -0.198085E+03  0.220889E+02
  1.500   3.835  -0.264717E+03  0.420238E+02
  1.500   3.835  -0.319455E+03  0.648852E+02
  1.500   3.835  -0.361853E+03  0.893115E+02
  1.500   3.835  -0.392588E+03  0.113095E+03
  1.500   3.835  -0.412815E+03  0.133698E+03
  1.500   3.835  -0.423531E+03  0.148786E+03
  1.500   3.835  -0.425174E+03  0.156640E+03
  1.500   3.835  -0.417505E+03  0.156417E+03
  1.500   3.835  -0.399732E+03  0.148247E+03
  1.500   3.835  -0.370785E+03  0.133200E+03
  1.500   3.835  -0.329673E+03  0.113095E+03
  1.500   3.835  -0.275912E+03  0.901464E+02
  1.500   3.835  -0.209963E+03  0.664807E+02
  1.500   3.835  -0.133586E+03  0.436269E+02
  1.500   3.835  -0.499659E+02  0.221709E+02
  1.500   3.835   0.365333E+02  0.173756E+01
  1.500   3.835   0.120969E+03 -0.186486E+02
  1.500   3.835   0.198652E+03 -0.399566E+02
  1.500   3.835   0.265956E+03 -0.625540E+02
  1.500   3.835   0.320816E+03 -0.858753E+02
  1.500   3.835   0.362768E+03 -0.108464E+03
  1.500   3.835   0.392547E+03 -0.128325E+03
  1.500   3.835   0.411421E+03 -0.143416E+03
  1.500   3.835   0.420553E+03 -0.152104E+03
  1.600   3.961   0.511108E+03 -0.174773E+03
  1.600   3.961   0.501224E+03 -0.167728E+03
  1.600   3.961   0.478906E+03 -0.152890E+03
  1.600   3.961   0.443271E+03 -0.132152E+03
  1.600   3.961   0.393543E+03 -0.108050E+03
  1.600   3.961   0.329460E+03 -0.833156E+02
  1.600   3.961   0.251712E+03 -0.602852E+02
  1.600   3.961   0.162314E+03 -0.403047E+02
  1.600   3.961   0.647547E+02 -0.233448E+02
  1.600   3.961  -0.362288E+02 -0.803590E+01
  1.600   3.961  -0.135279E+03  0.780466E+01
  1.600   3.961  -0.227291E+03  0.263097E+02
  1.600   3.961  -0.308267E+03  0.486951E+02
  1.600   3.961  -0.375845E+03  0.747312E+02
  1.600   3.961  -0.429325E+03  0.102727E+03
  1.600   3.961  -0.469208E+03  0.129969E+03
  1.600   3.961  -0.496487E+03  0.153387E+03
  1.600   3.961  -0.511971E+03  0.170215E+03
  1.600   3.961  -0.515898E+03  0.178474E+03
  1.600   3.961  -0.507859E+03  0.177250E+03
  1.600   3.961  -0.486972E+03  0.166804E+03
  1.600   3.961  -0.452182E+03  0.148510E+03
  1.600   3.961  -0.402612E+03  0.124638E+03
  1.600   3.961  -0.337982E+03  0.979280E+02
  1.600   3.961  -0.259049E+03  0.709890E+02
  1.600   3.961  -0.167970E+03  0.456446E+02
  1.600   3.961  -0.684357E+02  0.224796E+02
  1.600   3.961   0.345805E+02  0.813733E+00
  1.600   3.961   0.135477E+03 -0.208204E+02
  1.600   3.961   0.228927E+03 -0.438668E+02
  1.600   3.961   0.310756E+03 -0.689552E+02
  1.600   3.961   0.378499E+03 -0.954671E+02
  1.600   3.961   0.431433E+03 -0.121606E+03
  1.600   3.961   0.470127E+03 -0.144875E+03
  1.600   3.961   0.495716E+03 -0.162712E+03
  1.600   3.961   0.509218E+03 -0.173066E+03
  1.700   4.083   0.586160E+03 -0.206390E+03
  1.700   4.083   0.575676E+03 -0.198224E+03
  1.700   4.083   0.550439E+03 -0.180639E+03
  1.700   4.083   0.509652E+03 -0.155839E+03
  1.700   4.083   0.452726E+03 -0.126842E+03
  1.700   4.083   0.379641E+03 -0.969642E+02
  1.700   4.083   0.291366E+03 -0.691067E+02
  1.700   4.083   0.190231E+03 -0.450019E+02
  1.700   4.083   0.800881E+02 -0.246953E+02
  1.700   4.083  -0.339140E+02 -0.655288E+01
  1.700   4.083  -0.145975E+03  0.120964E+02
  1.700   4.083  -0.250558E+03  0.338744E+02
  1.700   4.083  -0.343285E+03  0.602613E+02
  1.700   4.083  -0.421502E+03  0.909441E+02
  1.700   4.083  -0.484295E+03  0.123828E+03
  1.700   4.083  -0.531992E+03  0.155612E+03
  1.700   4.083  -0.565393E+03  0.182635E+03
  1.700   4.083  -0.585086E+03  0.201660E+03
  1.700   4.083  -0.591076E+03  0.210435E+03
  1.700   4.083  -0.582774E+03  0.207979E+03
  1.700   4.083  -0.559230E+03  0.194687E+03
  1.700   4.083  -0.519445E+03  0.172258E+03
  1.700   4.083  -0.462711E+03  0.143453E+03
  1.700   4.083  -0.388986E+03  0.111608E+03
  1.700   4.083  -0.299316E+03  0.799050E+02
  1.700   4.083  -0.196201E+03  0.505493E+02
  1.700   4.083  -0.837296E+02  0.241823E+02
  1.700   4.083   0.326724E+02 -0.171148E+00
  1.700   4.083   0.146917E+03 -0.244962E+02
  1.700   4.083   0.253202E+03 -0.507431E+02
  1.700   4.083   0.346944E+03 -0.798056E+02
  1.700   4.083   0.425363E+03 -0.110972E+03
  1.700   4.083   0.487518E+03 -0.142030E+03
  1.700   4.083   0.533814E+03 -0.169894E+03
  1.700   4.083   0.565223E+03 -0.191409E+03
  1.700   4.083   0.582576E+03 -0.204057E+03
  1.800   4.201   0.647076E+03 -0.246550E+03
  1.800   4.201   0.636157E+03 -0.237157E+03
  1.800   4.201   0.608412E+03 -0.216445E+03
  1.800   4.201   0.563184E+03 -0.186931E+03
  1.800   4.201   0.500135E+03 -0.152132E+03
  1.800   4.201   0.419550E+03 -0.115991E+03
  1.800   4.201   0.322709E+03 -0.820395E+02
  1.800   4.201   0.212236E+03 -0.524674E+02
  1.800   4.201   0.922611E+02 -0.274458E+02
  1.800   4.201  -0.318031E+02 -0.509339E+01
  1.800   4.201  -0.153899E+03  0.177557E+02
  1.800   4.201  -0.268242E+03  0.442143E+02
  1.800   4.201  -0.370232E+03  0.759955E+02
  1.800   4.201  -0.457017E+03  0.112633E+03
  1.800   4.201  -0.527508E+03  0.151538E+03
  1.800   4.201  -0.581842E+03  0.188746E+03
  1.800   4.201  -0.620581E+03  0.219958E+03
  1.800   4.201  -0.644027E+03  0.241466E+03
  1.800   4.201  -0.651897E+03  0.250760E+03
  1.800   4.201  -0.643405E+03  0.246821E+03
  1.800   4.201  -0.617550E+03  0.230196E+03
  1.800   4.201  -0.573449E+03  0.202923E+03
  1.800   4.201  -0.510628E+03  0.168282E+03
  1.800   4.201  -0.429349E+03  0.130246E+03
  1.800   4.201  -0.330976E+03  0.926274E+02
  1.800   4.201  -0.218320E+03  0.580735E+02
  1.800   4.201  -0.957698E+02  0.273131E+02
  1.800   4.201   0.309549E+02 -0.930250E+00
  1.800   4.201   0.155479E+03 -0.291904E+02
  1.800   4.201   0.271725E+03 -0.599439E+02
  1.800   4.201   0.374858E+03 -0.943281E+02
  1.800   4.201   0.461886E+03 -0.131469E+03
  1.800   4.201   0.531688E+03 -0.168647E+03
  1.800   4.201   0.584483E+03 -0.202100E+03
  1.800   4.201   0.621024E+03 -0.228028E+03
  1.800   4.201   0.641877E+03 -0.243420E+03
  1.900   4.317   0.694301E+03 -0.294611E+03
  1.900   4.317   0.683069E+03 -0.283906E+03
  1.900   4.317   0.653186E+03 -0.259771E+03
  1.900   4.317   0.604187E+03 -0.225022E+03
  1.900   4.317   0.536061E+03 -0.183664E+03
  1.900   4.317   0.449459E+03 -0.140280E+03
  1.900   4.317   0.345998E+03 -0.990827E+02
  1.900   4.317   0.228566E+03 -0.627841E+02
  1.900   4.317   0.101469E+03 -0.317364E+02
  1.900   4.317  -0.297760E+02 -0.383601E+01
  1.900   4.317  -0.159045E+03  0.245751E+02
  1.900   4.317  -0.280490E+03  0.570924E+02
  1.900   4.317  -0.389422E+03  0.956214E+02
  1.900   4.317  -0.482872E+03  0.139465E+03
  1.900   4.317  -0.559587E+03  0.185451E+03
  1.900   4.317  -0.619482E+03  0.228887E+03
  1.900   4.317  -0.662826E+03  0.264812E+03
  1.900   4.317  -0.689571E+03  0.289063E+03
  1.900   4.317  -0.699107E+03  0.298909E+03
  1.900   4.317  -0.690441E+03  0.293317E+03
  1.900   4.317  -0.662556E+03  0.272990E+03
  1.900   4.317  -0.614748E+03  0.240297E+03
  1.900   4.317  -0.546862E+03  0.199027E+03
  1.900   4.317  -0.459527E+03  0.153812E+03
  1.900   4.317  -0.354448E+03  0.109148E+03
  1.900   4.317  -0.234709E+03  0.681874E+02
  1.900   4.317  -0.104892E+03  0.317962E+02
  1.900   4.317   0.291647E+02 -0.158850E+01
  1.900   4.317   0.161002E+03 -0.350585E+02
  1.900   4.317   0.284461E+03 -0.716202E+02
  1.900   4.317   0.394607E+03 -0.112622E+03
  1.900   4.317   0.488316E+03 -0.156957E+03
  1.900   4.317   0.564303E+03 -0.201311E+03
  1.900   4.317   0.622570E+03 -0.241182E+03
  1.900   4.317   0.663587E+03 -0.272098E+03
  1.900   4.317   0.687589E+03 -0.290569E+03
  2.000   4.429   0.728491E+03 -0.349423E+03
  2.000   4.429   0.717032E+03 -0.337347E+03
  2.000   4.429   0.685267E+03 -0.309604E+03
  2.000   4.429   0.632999E+03 -0.269261E+03
  2.000   4.429   0.560641E+03 -0.220766E+03
  2.000   4.429   0.469318E+03 -0.169334E+03
  2.000   4.429   0.361049E+03 -0.119891E+03
  2.000   4.429   0.238985E+03 -0.757327E+02
  2.000   4.429   0.107515E+03 -0.374560E+02
  2.000   4.429  -0.279209E+02 -0.277065E+01
  2.000   4.429  -0.161371E+03  0.324620E+02
  2.000   4.429  -0.287160E+03  0.723033E+02
  2.000   4.429  -0.400688E+03  0.118801E+03
  2.000   4.429  -0.498950E+03  0.170946E+03
  2.000   4.429  -0.580532E+03  0.224897E+03
  2.000   4.429  -0.645065E+03  0.275182E+03
  2.000   4.429  -0.692426E+03  0.316188E+03
  2.000   4.429  -0.722125E+03  0.343344E+03
  2.000   4.429  -0.733159E+03  0.353761E+03
  2.000   4.429  -0.724306E+03  0.346422E+03
  2.000   4.429  -0.694571E+03  0.322183E+03
  2.000   4.429  -0.643512E+03  0.283698E+03
  2.000   4.429  -0.571401E+03  0.235224E+03
  2.000   4.429  -0.479337E+03  0.182037E+03
  2.000   4.429  -0.369432E+03  0.129345E+03
  2.000   4.429  -0.245035E+03  0.808705E+02
  2.000   4.429  -0.110812E+03  0.376746E+02
  2.000   4.429   0.274736E+02 -0.205920E+01
  2.000   4.429   0.163532E+03 -0.419720E+02
  2.000   4.429   0.291373E+03 -0.855852E+02
  2.000   4.429   0.406142E+03 -0.134410E+03
  2.000   4.429   0.504677E+03 -0.187024E+03
  2.000   4.429   0.585527E+03 -0.239439E+03
  2.000   4.429   0.648410E+03 -0.286364E+03
  2.000   4.429   0.693411E+03 -0.322661E+03
  2.000   4.429   0.720326E+03 -0.344410E+03
  2.100   4.538   0.750382E+03 -0.408721E+03
  2.100   4.538   0.738768E+03 -0.395291E+03
  2.100   4.538   0.705402E+03 -0.363967E+03
  2.100   4.538   0.650412E+03 -0.317986E+03
  2.100   4.538   0.574712E+03 -0.262144E+03
  2.100   4.538   0.479967E+03 -0.202220E+03
  2.100   4.538   0.368643E+03 -0.143844E+03
  2.100   4.538   0.244139E+03 -0.909474E+02
  2.100   4.538   0.110836E+03 -0.444394E+02
  2.100   4.538  -0.260698E+02 -0.190386E+01
  2.100   4.538  -0.161010E+03  0.412331E+02
  2.100   4.538  -0.288678E+03  0.894503E+02
  2.100   4.538  -0.404700E+03  0.144867E+03
  2.100   4.538  -0.506093E+03  0.206076E+03
  2.100   4.538  -0.591267E+03  0.268504E+03
  2.100   4.538  -0.659515E+03  0.325892E+03
  2.100   4.538  -0.710256E+03  0.372035E+03
  2.100   4.538  -0.742501E+03  0.402056E+03
  2.100   4.538  -0.754816E+03  0.413003E+03
  2.100   4.538  -0.745753E+03  0.403921E+03
  2.100   4.538  -0.714373E+03  0.375790E+03
  2.100   4.538  -0.660565E+03  0.331472E+03
  2.100   4.538  -0.585105E+03  0.275588E+03
  2.100   4.538  -0.489634E+03  0.213996E+03
  2.100   4.538  -0.376711E+03  0.152614E+03
  2.100   4.538  -0.249927E+03  0.957763E+02
  2.100   4.538  -0.113934E+03  0.448088E+02
  2.100   4.538   0.257591E+02 -0.230647E+01
  2.100   4.538   0.163254E+03 -0.497232E+02
  2.100   4.538   0.292937E+03 -0.101434E+03
  2.100   4.538   0.410180E+03 -0.159041E+03
  2.100   4.538   0.511845E+03 -0.220718E+03
  2.100   4.538   0.596303E+03 -0.281729E+03
  2.100   4.538   0.662933E+03 -0.335988E+03
  2.100   4.538   0.711360E+03 -0.377748E+03
  2.100   4.538   0.740876E+03 -0.402759E+03
  2.200   4.645   0.761010E+03 -0.470814E+03
  2.200   4.645   0.749284E+03 -0.456106E+03
  2.200   4.645   0.714562E+03 -0.421403E+03
  2.200   4.645   0.657340E+03 -0.370000E+03
  2.200   4.645   0.579096E+03 -0.306892E+03
  2.200   4.645   0.482099E+03 -0.238315E+03
  2.200   4.645   0.369309E+03 -0.170565E+03
  2.200   4.645   0.244370E+03 -0.108242E+03
  2.200   4.645   0.111581E+03 -0.526414E+02
  2.200   4.645  -0.242668E+02 -0.130038E+01
  2.200   4.645  -0.158196E+03  0.507221E+02
  2.200   4.645  -0.285468E+03  0.108248E+03
  2.200   4.645  -0.402066E+03  0.173375E+03
  2.200   4.645  -0.505070E+03  0.244202E+03
  2.200   4.645  -0.592686E+03  0.315367E+03
  2.200   4.645  -0.663807E+03  0.379845E+03
  2.200   4.645  -0.717336E+03  0.430940E+03
  2.200   4.645  -0.751735E+03  0.463623E+03
  2.200   4.645  -0.765122E+03  0.475004E+03
  2.200   4.645  -0.755827E+03  0.464253E+03
  2.200   4.645  -0.722998E+03  0.432433E+03
  2.200   4.645  -0.666903E+03  0.382495E+03
  2.200   4.645  -0.588892E+03  0.319284E+03
  2.200   4.645  -0.491212E+03  0.249124E+03
  2.200   4.645  -0.376914E+03  0.178605E+03
  2.200   4.645  -0.249824E+03  0.112713E+03
  2.200   4.645  -0.114494E+03  0.531096E+02
  2.200   4.645   0.239921E+02 -0.234507E+01
  2.200   4.645   0.160350E+03 -0.582498E+02
  2.200   4.645   0.289549E+03 -0.118994E+03
  2.200   4.645   0.407328E+03 -0.186175E+03
  2.200   4.645   0.510612E+03 -0.257465E+03
  2.200   4.645   0.597564E+03 -0.327326E+03
  2.200   4.645   0.667159E+03 -0.388897E+03
  2.200   4.645   0.718492E+03 -0.435931E+03
  2.200   4.645   0.750297E+03 -0.463997E+03
  2.300   4.749   0.759623E+03 -0.533006E+03
  2.300   4.749   0.747850E+03 -0.517207E+03
  2.300   4.749   0.712136E+03 -0.479554E+03
  2.300   4.749   0.653356E+03 -0.423249E+03
  2.300   4.749   0.573561E+03 -0.353313E+03
  2.300   4.749   0.475643E+03 -0.276291E+03
  2.300   4.749   0.363072E+03 -0.199085E+03
  2.300   4.749   0.239738E+03 -0.126987E+03
  2.300   4.749   0.109798E+03 -0.617610E+02
  2.300   4.749  -0.224953E+02 -0.985005E+00
  2.300   4.749  -0.152943E+03  0.605634E+02
  2.300   4.749  -0.277552E+03  0.127966E+03
  2.300   4.749  -0.392769E+03  0.203207E+03
  2.300   4.749  -0.495765E+03  0.283809E+03
  2.300   4.749  -0.584515E+03  0.363588E+03
  2.300   4.749  -0.657479E+03  0.434805E+03
  2.300   4.749  -0.713022E+03  0.490410E+03
  2.300   4.749  -0.749064E+03  0.525391E+03
  2.300   4.749  -0.763285E+03  0.537073E+03
  2.300   4.749  -0.753810E+03  0.524810E+03
  2.300   4.749  -0.719887E+03  0.489699E+03
  2.300   4.749  -0.662178E+03  0.434633E+03
  2.300   4.749  -0.582615E+03  0.364505E+03
  2.300   4.749  -0.484078E+03  0.285964E+03
  2.300   4.749  -0.370130E+03  0.206212E+03
  2.300   4.749  -0.244833E+03  0.130917E+03
  2.300   4.749  -0.112570E+03  0.621563E+02
  2.300   4.749   0.221474E+02 -0.224554E+01
  2.300   4.749   0.154849E+03 -0.672524E+02
  2.300   4.749   0.281277E+03 -0.137569E+03
  2.300   4.749   0.397649E+03 -0.214700E+03
  2.300   4.749   0.500978E+03 -0.295733E+03
  2.300   4.749   0.589183E+03 -0.374295E+03
  2.300   4.749   0.660779E+03 -0.442809E+03
  2.300   4.749   0.714300E+03 -0.494670E+03
  2.300   4.749   0.747919E+03 -0.525441E+03
  2.400   4.851   0.750566E+03 -0.598339E+03
  2.400   4.851   0.738750E+03 -0.581503E+03
  2.400   4.851   0.702185E+03 -0.541180E+03
  2.400   4.851   0.642149E+03 -0.480302E+03
  2.400   4.851   0.561302E+03 -0.403697E+03
  2.400   4.851   0.463217E+03 -0.318051E+03
  2.400   4.851   0.351952E+03 -0.230817E+03
  2.400   4.851   0.231681E+03 -0.148042E+03
  2.400   4.851   0.106367E+03 -0.720736E+02
  2.400   4.851  -0.204417E+02 -0.646320E+00
  2.400   4.851  -0.145566E+03  0.716607E+02
  2.400   4.851  -0.265970E+03  0.150096E+03
  2.400   4.851  -0.378666E+03  0.236405E+03
  2.400   4.851  -0.480878E+03  0.327390E+03
  2.400   4.851  -0.570232E+03  0.415971E+03
  2.400   4.851  -0.644626E+03  0.493748E+03
  2.400   4.851  -0.701817E+03  0.553494E+03
  2.400   4.851  -0.739169E+03  0.590448E+03
  2.400   4.851  -0.753962E+03  0.602337E+03
  2.400   4.851  -0.744160E+03  0.588761E+03
  2.400   4.851  -0.709158E+03  0.550770E+03
  2.400   4.851  -0.650047E+03  0.491008E+03
  2.400   4.851  -0.569383E+03  0.414182E+03
  2.400   4.851  -0.470730E+03  0.327097E+03
  2.400   4.851  -0.358226E+03  0.237516E+03
  2.400   4.851  -0.236195E+03  0.151853E+03
  2.400   4.851  -0.108802E+03  0.727299E+02
  2.400   4.851   0.201799E+02 -0.194553E+01
  2.400   4.851   0.147322E+03 -0.774089E+02
  2.400   4.851   0.269346E+03 -0.158578E+03
  2.400   4.851   0.383051E+03 -0.246722E+03
  2.400   4.851   0.485517E+03 -0.338189E+03
  2.400   4.851   0.574328E+03 -0.425684E+03
  2.400   4.851   0.647450E+03 -0.500956E+03
  2.400   4.851   0.702807E+03 -0.557215E+03
  2.400   4.851   0.737997E+03 -0.590259E+03
  2.500   4.951   0.724563E+03 -0.658018E+03
  2.500   4.951   0.713009E+03 -0.640455E+03
  2.500   4.951   0.676707E+03 -0.598147E+03
  2.500   4.951   0.617157E+03 -0.533601E+03
  2.500   4.951   0.537387E+03 -0.451270E+03
  2.500   4.951   0.441435E+03 -0.357839E+03
  2.500   4.951   0.333803E+03 -0.261250E+03
  2.500   4.951   0.218907E+03 -0.168328E+03
  2.500   4.951   0.100518E+03 -0.820725E+02
  2.500   4.951  -0.185208E+02 -0.435212E+00
  2.500   4.951  -0.136061E+03  0.821634E+02
  2.500   4.951  -0.250029E+03  0.171111E+03
  2.500   4.951  -0.357970E+03  0.267876E+03
  2.500   4.951  -0.457124E+03  0.368511E+03
  2.500   4.951  -0.544784E+03  0.465040E+03
  2.500   4.951  -0.618414E+03  0.548479E+03
  2.500   4.951  -0.675384E+03  0.611565E+03
  2.500   4.951  -0.712759E+03  0.649956E+03
  2.500   4.951  -0.727617E+03  0.661909E+03
  2.500   4.951  -0.717847E+03  0.647317E+03
  2.500   4.951  -0.682925E+03  0.607115E+03
  2.500   4.951  -0.624186E+03  0.543542E+03
  2.500   4.951  -0.544572E+03  0.460940E+03
  2.500   4.951  -0.448117E+03  0.366124E+03
  2.500   4.951  -0.339400E+03  0.267363E+03
  2.500   4.951  -0.222969E+03  0.171844E+03
  2.500   4.951  -0.102765E+03  0.828032E+02
  2.500   4.951   0.181788E+02 -0.170600E+01
  2.500   4.951   0.137504E+03 -0.871532E+02
  2.500   4.951   0.252922E+03 -0.178642E+03
  2.500   4.951   0.361781E+03 -0.277168E+03
  2.500   4.951   0.461184E+03 -0.378306E+03
  2.500   4.951   0.548377E+03 -0.473846E+03
  2.500   4.951   0.620885E+03 -0.554946E+03
  2.500   4.951   0.676226E+03 -0.614782E+03
  2.500   4.951   0.711680E+03 -0.649558E+03
  2.600   5.049   0.691540E+03 -0.716285E+03
  2.600   5.049   0.680267E+03 -0.698163E+03
  2.600   5.049   0.644565E+03 -0.654340E+03
  2.600   5.049   0.586083E+03 -0.586747E+03
  2.600   5.049   0.508129E+03 -0.499275E+03
  2.600   5.049   0.415152E+03 -0.398459E+03
  2.600   5.049   0.312118E+03 -0.292661E+03
  2.600   5.049   0.203727E+03 -0.189505E+03
  2.600   5.049   0.935643E+02 -0.927082E+02
  2.600   5.049  -0.163283E+02 -0.503892E+00
  2.600   5.049  -0.124999E+03  0.927901E+02
  2.600   5.049  -0.231473E+03  0.192629E+03
  2.600   5.049  -0.333848E+03  0.300093E+03
  2.600   5.049  -0.429279E+03  0.410370E+03
  2.600   5.049  -0.514598E+03  0.514535E+03
  2.600   5.049  -0.586770E+03  0.603081E+03
  2.600   5.049  -0.642822E+03  0.668882E+03
  2.600   5.049  -0.679644E+03  0.708228E+03
  2.600   5.049  -0.694240E+03  0.720076E+03
  2.600   5.049  -0.684500E+03  0.704669E+03
  2.600   5.049  -0.649975E+03  0.662760E+03
  2.600   5.049  -0.592177E+03  0.596025E+03
  2.600   5.049  -0.514344E+03  0.508248E+03
  2.600   5.049  -0.420931E+03  0.406098E+03
  2.600   5.049  -0.316973E+03  0.298283E+03
  2.600   5.049  -0.207283E+03  0.192787E+03
  2.600   5.049  -0.955791E+02  0.935300E+02
  2.600   5.049   0.159411E+02 -0.121712E+01
  2.600   5.049   0.126154E+03 -0.970966E+02
  2.600   5.049   0.233897E+03 -0.199318E+03
  2.600   5.049   0.337088E+03 -0.308488E+03
  2.600   5.049   0.432750E+03 -0.419289E+03
  2.600   5.049   0.517668E+03 -0.522544E+03
  2.600   5.049   0.588861E+03 -0.608890E+03
  2.600   5.049   0.643495E+03 -0.671649E+03
  2.600   5.049   0.678649E+03 -0.707645E+03
  2.700   5.146   0.649087E+03 -0.771699E+03
  2.700   5.146   0.638357E+03 -0.753403E+03
  2.700   5.146   0.603974E+03 -0.708622E+03
  2.700   5.146   0.547554E+03 -0.638559E+03
  2.700   5.146   0.472487E+03 -0.546381E+03
  2.700   5.146   0.383525E+03 -0.438384E+03
  2.700   5.146   0.286122E+03 -0.323389E+03
  2.700   5.146   0.185383E+03 -0.209954E+03
  2.700   5.146   0.848057E+02 -0.102677E+03
  2.700   5.146  -0.143897E+02 -0.159416E+00
  2.700   5.146  -0.112593E+03  0.103401E+03
  2.700   5.146  -0.210086E+03  0.213606E+03
  2.700   5.146  -0.305581E+03  0.331221E+03
  2.700   5.146  -0.396098E+03  0.450601E+03
  2.700   5.146  -0.477924E+03  0.561887E+03
  2.700   5.146  -0.547520E+03  0.655078E+03
  2.700   5.146  -0.601681E+03  0.723250E+03
  2.700   5.146  -0.637295E+03  0.763405E+03
  2.700   5.146  -0.651450E+03  0.775258E+03
  2.700   5.146  -0.642083E+03  0.759401E+03
  2.700   5.146  -0.608737E+03  0.716326E+03
  2.700   5.146  -0.552911E+03  0.646994E+03
  2.700   5.146  -0.477939E+03  0.554470E+03
  2.700   5.146  -0.388591E+03  0.445196E+03
  2.700   5.146  -0.290392E+03  0.328354E+03
  2.700   5.146  -0.188545E+03  0.212868E+03
  2.700   5.146  -0.866511E+02  0.103501E+03
  2.700   5.146   0.139554E+02 -0.118296E+01
  2.700   5.146   0.113529E+03 -0.107028E+03
  2.700   5.146   0.212184E+03 -0.219442E+03
  2.700   5.146   0.308459E+03 -0.338714E+03
  2.700   5.146   0.399231E+03 -0.458664E+03
  2.700   5.146   0.480730E+03 -0.569150E+03
  2.700   5.146   0.549460E+03 -0.660307E+03
  2.700   5.146   0.602346E+03 -0.725665E+03
  2.700   5.146   0.636460E+03 -0.762752E+03
  2.800   5.240   0.597634E+03 -0.822028E+03
  2.800   5.240   0.587769E+03 -0.803747E+03
  2.800   5.240   0.555593E+03 -0.758467E+03
  2.800   5.240   0.502463E+03 -0.686568E+03
  2.800   5.240   0.431584E+03 -0.590390E+03
  2.800   5.240   0.347820E+03 -0.475900E+03
  2.800   5.240   0.257076E+03 -0.352342E+03
  2.800   5.240   0.164951E+03 -0.229230E+03
  2.800   5.240   0.749593E+02 -0.112073E+03
  2.800   5.240  -0.124866E+02  0.141921E+00
  2.800   5.240  -0.991932E+02  0.113359E+03
  2.800   5.240  -0.186762E+03  0.233342E+03
  2.800   5.240  -0.274477E+03  0.360522E+03
  2.800   5.240  -0.359089E+03  0.488379E+03
  2.800   5.240  -0.436237E+03  0.606106E+03
  2.800   5.240  -0.501921E+03  0.703262E+03
  2.800   5.240  -0.552904E+03  0.773229E+03
  2.800   5.240  -0.586356E+03  0.813840E+03
  2.800   5.240  -0.599678E+03  0.825646E+03
  2.800   5.240  -0.590949E+03  0.809601E+03
  2.800   5.240  -0.559619E+03  0.765877E+03
  2.800   5.240  -0.506955E+03  0.694616E+03
  2.800   5.240  -0.436131E+03  0.598047E+03
  2.800   5.240  -0.352041E+03  0.482285E+03
  2.800   5.240  -0.260661E+03  0.356946E+03
  2.800   5.240  -0.167671E+03  0.231917E+03
  2.800   5.240  -0.766535E+02  0.112860E+03
  2.800   5.240   0.119099E+02 -0.132275E+01
  2.800   5.240   0.997340E+02 -0.116657E+03
  2.800   5.240   0.188288E+03 -0.238730E+03
  2.800   5.240   0.276699E+03 -0.367487E+03
  2.800   5.240   0.361580E+03 -0.495856E+03
  2.800   5.240   0.438500E+03 -0.612756E+03
  2.800   5.240   0.503484E+03 -0.707907E+03
  2.800   5.240   0.553406E+03 -0.775173E+03
  2.800   5.240   0.585595E+03 -0.812904E+03
  2.900   5.333   0.538301E+03 -0.868419E+03
  2.900   5.333   0.529460E+03 -0.850260E+03
  2.900   5.333   0.500102E+03 -0.804730E+03
  2.900   5.333   0.451122E+03 -0.731331E+03
  2.900   5.333   0.385326E+03 -0.631523E+03
  2.900   5.333   0.307591E+03 -0.510930E+03
  2.900   5.333   0.224346E+03 -0.379255E+03
  2.900   5.333   0.141852E+03 -0.247026E+03
  2.900   5.333   0.637413E+02 -0.120702E+03
  2.900   5.333  -0.104718E+02  0.390321E+00
  2.900   5.333  -0.842591E+02  0.122443E+03
  2.900   5.333  -0.160769E+03  0.251484E+03
  2.900   5.333  -0.239891E+03  0.387647E+03
  2.900   5.333  -0.317936E+03  0.523495E+03
  2.900   5.333  -0.389672E+03  0.647217E+03
  2.900   5.333  -0.450545E+03  0.747910E+03
  2.900   5.333  -0.497396E+03  0.819305E+03
  2.900   5.333  -0.527919E+03  0.860129E+03
  2.900   5.333  -0.540066E+03  0.871822E+03
  2.900   5.333  -0.532160E+03  0.855706E+03
  2.900   5.333  -0.503478E+03  0.811600E+03
  2.900   5.333  -0.454847E+03  0.738767E+03
  2.900   5.333  -0.389064E+03  0.638545E+03
  2.900   5.333  -0.311050E+03  0.516716E+03
  2.900   5.333  -0.227304E+03  0.383382E+03
  2.900   5.333  -0.144148E+03  0.249464E+03
  2.900   5.333  -0.652506E+02  0.121547E+03
  2.900   5.333   0.984436E+01 -0.119737E+01
  2.900   5.333   0.845531E+02 -0.125126E+03
  2.900   5.333   0.161915E+03 -0.256137E+03
  2.900   5.333   0.241669E+03 -0.393872E+03
  2.900   5.333   0.319984E+03 -0.530301E+03
  2.900   5.333   0.391553E+03 -0.653301E+03
  2.900   5.333   0.451838E+03 -0.752132E+03
  2.900   5.333   0.497784E+03 -0.821011E+03
  2.900   5.333   0.527233E+03 -0.859178E+03
  3.000   5.424   0.472152E+03 -0.909462E+03
  3.000   5.424   0.464662E+03 -0.891604E+03
  3.000   5.424   0.438930E+03 -0.846150E+03
  3.000   5.424   0.395110E+03 -0.771700E+03
  3.000   5.424   0.335307E+03 -0.668805E+03
  3.000   5.424   0.264261E+03 -0.542715E+03
  3.000   5.424   0.188994E+03 -0.403583E+03
  3.000   5.424   0.116667E+03 -0.262977E+03
  3.000   5.424   0.512291E+02 -0.128334E+03
  3.000   5.424  -0.870885E+01  0.686701E+00
  3.000   5.424  -0.684892E+02  0.130577E+03
  3.000   5.424  -0.133026E+03  0.267704E+03
  3.000   5.424  -0.202852E+03  0.411954E+03
  3.000   5.424  -0.273682E+03  0.555003E+03
  3.000   5.424  -0.339224E+03  0.684052E+03
  3.000   5.424  -0.394318E+03  0.787766E+03
  3.000   5.424  -0.436047E+03  0.860241E+03
  3.000   5.424  -0.462908E+03  0.901108E+03
  3.000   5.424  -0.473654E+03  0.912693E+03
  3.000   5.424  -0.466935E+03  0.896680E+03
  3.000   5.424  -0.441734E+03  0.852519E+03
  3.000   5.424  -0.398158E+03  0.778570E+03
  3.000   5.424  -0.338327E+03  0.675242E+03
  3.000   5.424  -0.267040E+03  0.547943E+03
  3.000   5.424  -0.191394E+03  0.407247E+03
  3.000   5.424  -0.118596E+03  0.265131E+03
  3.000   5.424  -0.525983E+02  0.129140E+03
  3.000   5.424   0.800112E+01 -0.127565E+01
  3.000   5.424   0.685267E+02 -0.132837E+03
  3.000   5.424   0.133806E+03 -0.271816E+03
  3.000   5.424   0.204228E+03 -0.417597E+03
  3.000   5.424   0.275355E+03 -0.561236E+03
  3.000   5.424   0.340805E+03 -0.689609E+03
  3.000   5.424   0.395422E+03 -0.791550E+03
  3.000   5.424   0.436380E+03 -0.861666E+03
  3.000   5.424   0.462320E+03 -0.900095E+03
