  2.000000E-01  1.350000E+02     1  2.652145E-09  1.791283E+02 -2.651838E-09  4.034898E-11
  2.000000E-01  1.350000E+02     2  2.121171E-09  1.513697E+00  2.120431E-09  5.603267E-11
  2.000000E-01  1.350000E+02     3  3.394224E-09  9.201871E+01 -1.195643E-10  3.392118E-09
  2.000000E-01  1.350000E+02     4  5.004363E-14  1.536249E+00  5.002565E-14  1.341639E-15
  2.000000E-01  1.350000E+02     5  1.302567E-13 -6.157138E+01  6.201047E-14 -1.145492E-13
  2.000000E-01  1.350000E+02     6  8.809678E-14  3.337124E+01  7.357175E-14  4.845865E-14
  3.000000E-01  1.350000E+02     1  2.437898E-09 -1.796685E+02 -2.437858E-09 -1.410389E-11
  3.000000E-01  1.350000E+02     2  1.991979E-09  3.367623E+00  1.988540E-09  1.170134E-10
  3.000000E-01  1.350000E+02     3  3.359079E-09  9.451232E+01 -2.642701E-10  3.348667E-09
  3.000000E-01  1.350000E+02     4  1.098193E-13  3.411319E+00  1.096247E-13  6.534642E-15
  3.000000E-01  1.350000E+02     5  1.795805E-13 -4.166552E+01  1.341535E-13 -1.193817E-13
  3.000000E-01  1.350000E+02     6  1.194884E-13  5.800298E+01  6.331394E-14  1.013352E-13
  4.000000E-01  1.350000E+02     1  1.955053E-09 -1.767971E+02 -1.951999E-09 -1.092340E-10
  4.000000E-01  1.350000E+02     2  1.731273E-09  5.820543E+00  1.722347E-09  1.755736E-10
  4.000000E-01  1.350000E+02     3  3.184013E-09  9.698414E+01 -3.871587E-10  3.160387E-09
  4.000000E-01  1.350000E+02     4  1.792715E-13  5.875933E+00  1.783296E-13  1.835287E-14
  4.000000E-01  1.350000E+02     5  2.387229E-13 -2.997538E+01  2.067914E-13 -1.192726E-13
  4.000000E-01  1.350000E+02     6  1.610772E-13  7.538292E+01  4.064908E-14  1.558637E-13
  5.000000E-01  1.350000E+02     1  1.288730E-09 -1.665627E+02 -1.253451E-09 -2.994776E-10
  5.000000E-01  1.350000E+02     2  1.301245E-09  8.448204E+00  1.287125E-09  1.911727E-10
  5.000000E-01  1.350000E+02     3  2.640280E-09  1.003415E+02 -4.739691E-10  2.597390E-09
  5.000000E-01  1.350000E+02     4  2.267112E-13  8.510035E+00  2.242151E-13  3.354932E-14
  5.000000E-01  1.350000E+02     5  2.531155E-13 -1.867659E+01  2.397867E-13 -8.105415E-14
  5.000000E-01  1.350000E+02     6  1.863438E-13  8.875706E+01  4.042122E-15  1.862999E-13
  6.000000E-01  1.350000E+02     1  7.035460E-10 -1.489512E+02 -6.027476E-10 -3.628669E-10
  6.000000E-01  1.350000E+02     2  7.206157E-10  1.011470E+01  7.094160E-10  1.265540E-10
  6.000000E-01  1.350000E+02     3  1.857303E-09  1.094008E+02 -6.169483E-10  1.751842E-09
  6.000000E-01  1.350000E+02     4  1.991035E-13  1.024441E+01  1.959294E-13  3.541005E-14
  6.000000E-01  1.350000E+02     5  2.324976E-13  2.700142E+00  2.322395E-13  1.095271E-14
  6.000000E-01  1.350000E+02     6  1.723002E-13  1.032265E+02 -3.942259E-14  1.677296E-13
  7.000000E-01  1.350000E+02     1  1.405300E-10 -1.357033E+02 -1.005820E-10 -9.814246E-11
  7.000000E-01  1.350000E+02     2  1.234945E-10  1.550854E+00  1.234492E-10  3.342279E-12
  7.000000E-01  1.350000E+02     3  1.051488E-09  1.220184E+02 -5.574908E-10  8.915335E-10
  7.000000E-01  1.350000E+02     4  5.247943E-14  2.511272E+00  5.242903E-14  2.299435E-15
  7.000000E-01  1.350000E+02     5  2.031034E-13  2.881539E+01  1.779546E-13  9.789363E-14
  7.000000E-01  1.350000E+02     6  1.213262E-13  1.237059E+02 -6.732759E-14  1.009309E-13
  8.000000E-01  1.350000E+02     1  3.033045E-10  6.735147E+01  1.167956E-10  2.799150E-10
  8.000000E-01  1.350000E+02     2  2.657819E-10 -1.623707E+02 -2.532997E-10 -8.049399E-11
  8.000000E-01  1.350000E+02     3  2.608472E-10  1.452035E+02 -2.142036E-10  1.488559E-10
  8.000000E-01  1.350000E+02     4  1.742567E-13 -1.626205E+02 -1.663014E-13 -5.205040E-14
  8.000000E-01  1.350000E+02     5  1.429644E-13  5.532506E+01  8.133530E-14  1.175729E-13
  8.000000E-01  1.350000E+02     6  5.921828E-14  1.574290E+02 -5.468244E-14  2.272963E-14
  9.000000E-01  1.350000E+02     1  3.954997E-10  8.737053E+01  1.814427E-11  3.950832E-10
  9.000000E-01  1.350000E+02     2  2.546587E-10 -1.689012E+02 -2.498957E-10 -4.902208E-11
  9.000000E-01  1.350000E+02     3  2.930996E-10 -6.291969E+01  1.334304E-10 -2.609669E-10
  9.000000E-01  1.350000E+02     4  2.643281E-13 -1.685847E+02 -2.590992E-13 -5.231570E-14
  9.000000E-01  1.350000E+02     5  4.896232E-14  9.836664E+01 -7.124358E-15  4.844122E-14
  9.000000E-01  1.350000E+02     6  1.526889E-14 -1.167236E+02 -6.866226E-15 -1.363796E-14
  1.000000E+00  1.350000E+02     1  1.798317E-10  1.428306E+02 -1.432994E-10  1.086496E-10
  1.000000E+00  1.350000E+02     2  4.792480E-11 -1.560472E+02 -4.379751E-11 -1.945673E-11
  1.000000E+00  1.350000E+02     3  3.230393E-10 -5.263507E+01  1.960492E-10 -2.567472E-10
  1.000000E+00  1.350000E+02     4  8.695143E-14 -1.541730E+02 -7.826615E-14 -3.788087E-14
  1.000000E+00  1.350000E+02     5  5.145506E-14 -1.323177E+02 -3.464163E-14 -3.804709E-14
  1.000000E+00  1.350000E+02     6  2.944222E-14 -3.990957E+00  2.937082E-14 -2.049150E-15
  1.100000E+00  1.350000E+02     1  2.002453E-10 -1.111919E+02 -7.238710E-11 -1.867037E-10
  1.100000E+00  1.350000E+02     2  2.795716E-11 -6.322559E+00  2.778712E-11 -3.078801E-12
  1.100000E+00  1.350000E+02     3  6.857390E-11 -7.446959E+01  1.836065E-11 -6.607016E-11
  1.100000E+00  1.350000E+02     4  9.911554E-14 -4.238184E+00  9.884451E-14 -7.324918E-15
  1.100000E+00  1.350000E+02     5  4.917828E-14 -9.885534E+01 -7.570516E-15 -4.859208E-14
  1.100000E+00  1.350000E+02     6  2.125812E-14  3.603557E+01  1.719042E-14  1.250588E-14
  1.200000E+00  1.350000E+02     1  1.543167E-10 -4.790939E+01  1.034393E-10 -1.145163E-10
  1.200000E+00  1.350000E+02     2  4.348522E-12 -7.293539E+00  4.313337E-12 -5.520568E-13
  1.200000E+00  1.350000E+02     3  9.115397E-11  1.649549E+02 -8.802937E-11  2.366169E-11
  1.200000E+00  1.350000E+02     4  8.747913E-14  3.110066E+01  7.490498E-14  4.518675E-14
  1.200000E+00  1.350000E+02     5  7.488109E-15  2.810337E+00  7.479103E-15  3.671418E-16
  1.200000E+00  1.350000E+02     6  5.596031E-15 -1.707764E+02 -5.523676E-15 -8.969717E-16
  1.300000E+00  1.350000E+02     1  9.157587E-11  5.095551E+01  5.768581E-11  7.112305E-11
  1.300000E+00  1.350000E+02     2  2.919051E-12 -3.470932E+01  2.399610E-12 -1.662146E-12
  1.300000E+00  1.350000E+02     3  3.396534E-11  1.419099E+02 -2.673215E-11  2.095320E-11
  1.300000E+00  1.350000E+02     4  2.295189E-14  1.660246E+02 -2.227251E-14  5.542987E-15
  1.300000E+00  1.350000E+02     5  1.714625E-14  1.100387E+02 -5.875233E-15  1.610825E-14
  1.300000E+00  1.350000E+02     6  1.212767E-14 -1.003570E+02 -2.180325E-15 -1.193007E-14
  1.400000E+00  1.350000E+02     1  6.355040E-11  1.514001E+02 -5.579622E-11  3.042095E-11
  1.400000E+00  1.350000E+02     2  1.225490E-11  7.193333E+01  3.800532E-12  1.165069E-11
  1.400000E+00  1.350000E+02     3  3.187415E-11  5.186121E+01  1.968447E-11  2.506957E-11
  1.400000E+00  1.350000E+02     4  4.344858E-14 -1.138437E+02 -1.756379E-14 -3.974031E-14
  1.400000E+00  1.350000E+02     5  1.531270E-15 -1.368118E+02 -1.116464E-15 -1.047996E-15
  1.400000E+00  1.350000E+02     6  8.942489E-16 -2.272927E+01  8.248023E-16 -3.455174E-16
  1.500000E+00  1.350000E+02     1  3.033510E-11 -1.146916E+02 -1.267199E-11 -2.756155E-11
  1.500000E+00  1.350000E+02     2  2.872999E-12 -1.695965E+02 -2.825768E-12 -5.188042E-13
  1.500000E+00  1.350000E+02     3  9.872799E-12 -6.515539E-01  9.872161E-12 -1.122687E-13
  1.500000E+00  1.350000E+02     4  7.398694E-15  3.959300E+01  5.701368E-15  4.715408E-15
  1.500000E+00  1.350000E+02     5  6.780456E-15  8.512336E+00  6.705762E-15  1.003659E-15
  1.500000E+00  1.350000E+02     6  5.045941E-15  1.414677E+02 -3.947224E-15  3.143396E-15
  1.600000E+00  1.350000E+02     1  1.322980E-11  1.727857E+01  1.263277E-11  3.929488E-12
  1.600000E+00  1.350000E+02     2  7.844493E-12 -5.429038E+01  4.578655E-12 -6.369614E-12
  1.600000E+00  1.350000E+02     3  1.726596E-11 -5.352317E+01  1.026457E-11 -1.388351E-11
  1.600000E+00  1.350000E+02     4  1.608910E-14  1.267924E+02 -9.636040E-15  1.288433E-14
  1.600000E+00  1.350000E+02     5  2.612957E-15 -1.634803E+02 -2.505100E-15 -7.429797E-16
  1.600000E+00  1.350000E+02     6  1.414055E-15  4.128223E+01  1.062618E-15  9.329492E-16
  1.700000E+00  1.350000E+02     1  6.225961E-12  2.950932E+00  6.217706E-12  3.205169E-13
  1.700000E+00  1.350000E+02     2  2.765176E-12  1.647627E+02 -2.667968E-12  7.267375E-13
  1.700000E+00  1.350000E+02     3  9.393570E-12 -1.687645E+02 -9.213540E-12 -1.830255E-12
  1.700000E+00  1.350000E+02     4  7.823029E-15 -1.183887E+01  7.656621E-15 -1.604973E-15
  1.700000E+00  1.350000E+02     5  3.383402E-15 -8.226098E+01  4.556124E-16 -3.352585E-15
  1.700000E+00  1.350000E+02     6  1.297211E-15  5.522125E+01  7.399411E-16  1.065479E-15
  1.800000E+00  1.350000E+02     1  6.946864E-12  1.184751E+02 -3.312105E-12  6.106462E-12
  1.800000E+00  1.350000E+02     2  1.527768E-12 -1.496278E+02 -1.318095E-12 -7.724636E-13
  1.800000E+00  1.350000E+02     3  5.767423E-12  1.799682E+02 -5.767422E-12  3.196325E-15
  1.800000E+00  1.350000E+02     4  1.700192E-15  4.350984E+01  1.233074E-15  1.170547E-15
  1.800000E+00  1.350000E+02     5  3.117339E-15  1.135054E+02 -1.243304E-15  2.858671E-15
  1.800000E+00  1.350000E+02     6  2.548733E-15 -6.356187E+01  1.134775E-15 -2.282175E-15
  1.900000E+00  1.350000E+02     1  1.069788E-11 -1.128626E+02 -4.156372E-12 -9.857448E-12
  1.900000E+00  1.350000E+02     2  3.783252E-12  9.531822E+01 -3.506589E-13  3.766966E-12
  1.900000E+00  1.350000E+02     3  8.158431E-12  7.083716E+01  2.678039E-12  7.706368E-12
  1.900000E+00  1.350000E+02     4  6.751836E-15 -9.112994E+01 -1.331453E-16 -6.750523E-15
  1.900000E+00  1.350000E+02     5  6.210063E-16 -7.323215E+01  1.791570E-16 -5.946020E-16
  1.900000E+00  1.350000E+02     6  1.036572E-15  1.393455E+02 -7.863975E-16  6.753224E-16
  2.000000E+00  1.350000E+02     1  7.891297E-12  5.026359E+01  5.044565E-12  6.068356E-12
  2.000000E+00  1.350000E+02     2  3.238929E-12 -4.180657E+01  2.414296E-12 -2.159128E-12
  2.000000E+00  1.350000E+02     3  5.041667E-12 -3.543134E+01  4.108005E-12 -2.922790E-12
  2.000000E+00  1.350000E+02     4  5.531432E-15  1.286137E+02 -3.451981E-15  4.322103E-15
  2.000000E+00  1.350000E+02     5  1.092932E-15  4.341998E+01  7.938351E-16  7.512172E-16
  2.000000E+00  1.350000E+02     6  1.047327E-15 -1.483805E+02 -8.918490E-16 -5.490885E-16
  2.100000E+00  1.350000E+02     1  3.693891E-12 -1.628152E+02 -3.528985E-12 -1.091375E-12
  2.100000E+00  1.350000E+02     2  7.284903E-13  1.645458E+02 -7.021508E-13  1.941192E-13
  2.100000E+00  1.350000E+02     3  2.393415E-12 -1.136067E+02 -9.584582E-13 -2.193124E-12
  2.100000E+00  1.350000E+02     4  1.439072E-15 -1.725979E+01  1.374270E-15 -4.269794E-16
  2.100000E+00  1.350000E+02     5  1.379457E-15 -8.745880E+01  6.116197E-17 -1.378100E-15
  2.100000E+00  1.350000E+02     6  1.500154E-15  6.428247E+01  6.509691E-16  1.351555E-15
  2.200000E+00  1.350000E+02     1  1.958656E-12 -6.711742E+00  1.945233E-12 -2.289165E-13
  2.200000E+00  1.350000E+02     2  1.240397E-12 -1.175835E+02 -5.743542E-13 -1.099409E-12
  2.200000E+00  1.350000E+02     3  2.687390E-12 -1.633022E+02 -2.574073E-12 -7.721510E-13
  2.200000E+00  1.350000E+02     4  1.409064E-15  5.402179E+01  8.277936E-16  1.140272E-15
  2.200000E+00  1.350000E+02     5  1.188744E-15  1.435455E+02 -9.561408E-16  7.063333E-16
  2.200000E+00  1.350000E+02     6  1.072705E-15 -5.909422E+01  5.509713E-16 -9.203952E-16
  2.300000E+00  1.350000E+02     1  5.197728E-13 -4.581295E+01  3.622832E-13 -3.727125E-13
  2.300000E+00  1.350000E+02     2  1.952203E-12  1.180208E+02 -9.171289E-13  1.723361E-12
  2.300000E+00  1.350000E+02     3  4.092456E-12  9.445508E+01 -3.178920E-13  4.080090E-12
  2.300000E+00  1.350000E+02     4  2.464823E-15 -6.853570E+01  9.019317E-16 -2.293877E-15
  2.300000E+00  1.350000E+02     5  6.897366E-16  1.328326E+01  6.712834E-16  1.584776E-16
  2.300000E+00  1.350000E+02     6  7.512142E-16 -1.725862E+02 -7.449342E-16 -9.693250E-17
  2.400000E+00  1.350000E+02     1  2.238466E-12  1.755640E+02 -2.231760E-12  1.731370E-13
  2.400000E+00  1.350000E+02     2  2.332394E-12  2.753995E+00  2.329700E-12  1.120664E-13
  2.400000E+00  1.350000E+02     3  4.581069E-12 -2.166441E+01  4.257472E-12 -1.691191E-12
  2.400000E+00  1.350000E+02     4  3.048256E-15  1.760211E+02 -3.040909E-15  2.115138E-16
  2.400000E+00  1.350000E+02     5  2.282542E-16 -9.682568E+01 -2.712779E-17 -2.266364E-16
  2.400000E+00  1.350000E+02     6  4.015543E-16  6.342066E+01  1.796701E-16  3.591163E-16
  2.500000E+00  1.350000E+02     1  2.386139E-12  2.101856E+01  2.227376E-12  8.558375E-13
  2.500000E+00  1.350000E+02     2  2.721540E-12 -1.166813E+02 -1.222047E-12 -2.431745E-12
  2.500000E+00  1.350000E+02     3  4.783267E-12 -1.394561E+02 -3.634842E-12 -3.109271E-12
  2.500000E+00  1.350000E+02     4  3.488546E-15  5.577900E+01  1.961911E-15  2.884590E-15
  2.500000E+00  1.350000E+02     5  1.406518E-16 -1.374475E+02 -1.036123E-16 -9.511788E-17
  2.500000E+00  1.350000E+02     6  1.035534E-16  2.758183E+01  9.178458E-17  4.794676E-17
  2.600000E+00  1.350000E+02     1  1.394156E-12 -1.245148E+02 -7.899563E-13 -1.148756E-12
  2.600000E+00  1.350000E+02     2  3.040969E-12  1.202653E+02 -1.532664E-12  2.626487E-12
  2.600000E+00  1.350000E+02     3  5.044948E-12  9.572547E+01 -5.032947E-13  5.019780E-12
  2.600000E+00  1.350000E+02     4  3.760931E-15 -6.640956E+01  1.505110E-15 -3.446628E-15
  2.600000E+00  1.350000E+02     5  2.300346E-16  1.311434E+02 -1.513504E-16  1.732309E-16
  2.600000E+00  1.350000E+02     6  3.467278E-16 -7.504055E+01  8.950272E-17 -3.349767E-16
  2.700000E+00  1.350000E+02     1  4.173491E-13  1.611205E+02 -3.948961E-13  1.350457E-13
  2.700000E+00  1.350000E+02     2  3.529372E-12 -6.608511E+00  3.505922E-12 -4.061768E-13
  2.700000E+00  1.350000E+02     3  4.886334E-12 -3.539738E+01  3.983116E-12 -2.830379E-12
  2.700000E+00  1.350000E+02     4  4.257656E-15  1.684367E+02 -4.171241E-15  8.534511E-16
  2.700000E+00  1.350000E+02     5  3.537709E-16 -1.397077E+00  3.536658E-16 -8.625355E-18
  2.700000E+00  1.350000E+02     6  3.888136E-16  1.403739E+02 -2.994733E-16  2.479754E-16
  2.800000E+00  1.350000E+02     1  1.001157E-12  8.420324E+01  1.011168E-13  9.960371E-13
  2.800000E+00  1.350000E+02     2  3.975036E-12 -1.434073E+02 -3.191531E-12 -2.369609E-12
  2.800000E+00  1.350000E+02     3  4.473002E-12 -1.668744E+02 -4.356143E-12 -1.015758E-12
  2.800000E+00  1.350000E+02     4  4.738630E-15  3.317731E+01  3.966144E-15  2.593129E-15
  2.800000E+00  1.350000E+02     5  4.391159E-16 -1.577901E+02 -4.065357E-16 -1.659864E-16
  2.800000E+00  1.350000E+02     6  3.541422E-16 -4.452416E+00  3.530734E-16 -2.749246E-17
  2.900000E+00  1.350000E+02     1  1.173127E-12 -4.454101E+01  8.361446E-13 -8.228542E-13
  2.900000E+00  1.350000E+02     2  3.813900E-12  7.265322E+01  1.137131E-12  3.640436E-12
  2.900000E+00  1.350000E+02     3  4.297926E-12  5.861481E+01  2.238312E-12  3.669077E-12
  2.900000E+00  1.350000E+02     4  4.510509E-15 -1.097631E+02 -1.525147E-15 -4.244834E-15
  2.900000E+00  1.350000E+02     5  5.822004E-16  4.427649E+01  4.168434E-16  4.064467E-16
  2.900000E+00  1.350000E+02     6  4.348827E-16 -1.475827E+02 -3.671133E-16 -2.331326E-16
  3.000000E+00  1.350000E+02     1  5.225533E-13 -1.756904E+02 -5.210759E-13 -3.926762E-14
  3.000000E+00  1.350000E+02     2  3.304718E-12 -9.135860E+01 -7.835442E-14 -3.303789E-12
  3.000000E+00  1.350000E+02     3  4.566683E-12 -9.152593E+01 -1.216076E-13 -4.565064E-12
  3.000000E+00  1.350000E+02     4  3.827083E-15  8.787629E+01  1.418209E-16  3.824454E-15
  3.000000E+00  1.350000E+02     5  8.898599E-16 -1.063521E+02 -2.505302E-16 -8.538649E-16
  3.000000E+00  1.350000E+02     6  7.381272E-16  6.896616E+01  2.649281E-16  6.889448E-16
  3.100000E+00  1.350000E+02     1  3.054630E-13 -5.312218E+01  1.833116E-13 -2.443451E-13
  3.100000E+00  1.350000E+02     2  1.379253E-12  5.730884E+01  7.449490E-13  1.160771E-12
  3.100000E+00  1.350000E+02     3  4.972446E-13  1.635591E+02 -4.769133E-13  1.407333E-13
  3.100000E+00  1.350000E+02     4  1.604133E-15 -1.179985E+02 -7.530572E-16 -1.416385E-15
  3.100000E+00  1.350000E+02     5  1.122952E-15  8.931913E+01  1.334416E-17  1.122873E-15
  3.100000E+00  1.350000E+02     6  6.195187E-16 -1.071963E+02 -1.831589E-16 -5.918245E-16
  3.200000E+00  1.350000E+02     1  6.112378E-13 -7.158946E+01  1.930433E-13 -5.799533E-13
  3.200000E+00  1.350000E+02     2  1.629825E-12 -1.318527E+02 -1.087447E-12 -1.213996E-12
  3.200000E+00  1.350000E+02     3  2.755434E-12 -1.584989E+02 -2.563685E-12 -1.009919E-12
  3.200000E+00  1.350000E+02     4  1.391242E-15  3.961030E+01  1.071811E-15  8.870037E-16
  3.200000E+00  1.350000E+02     5  8.896194E-16 -5.611171E+01  4.960299E-16 -7.384965E-16
  3.200000E+00  1.350000E+02     6  9.312154E-16  8.094546E+01  1.465496E-16  9.196115E-16
  3.300000E+00  1.350000E+02     1  4.837397E-12  5.268640E+01  2.932320E-12  3.847325E-12
  3.300000E+00  1.350000E+02     2  3.027277E-12 -1.097969E+02 -1.025302E-12 -2.848362E-12
  3.300000E+00  1.350000E+02     3  5.729797E-12 -1.418355E+02 -4.504996E-12 -3.540562E-12
  3.300000E+00  1.350000E+02     4  3.559051E-15  5.321497E+01  2.131210E-15  2.850400E-15
  3.300000E+00  1.350000E+02     5  8.441204E-16 -1.601252E+02 -7.938429E-16 -2.869716E-16
  3.300000E+00  1.350000E+02     6  1.137958E-15 -1.777024E+02 -1.137043E-15 -4.562060E-17
  3.400000E+00  1.350000E+02     1  5.372844E-12  7.576387E+01  1.321283E-12  5.207846E-12
  3.400000E+00  1.350000E+02     2  2.030005E-12  5.478296E+01  1.170654E-12  1.658460E-12
  3.400000E+00  1.350000E+02     3  7.731946E-12 -1.681966E+02 -7.568455E-12 -1.581607E-12
  3.400000E+00  1.350000E+02     4  2.179942E-15 -1.296255E+02 -1.390294E-15 -1.679057E-15
  3.400000E+00  1.350000E+02     5  1.424435E-15 -1.445709E+02 -1.160678E-15 -8.257378E-16
  3.400000E+00  1.350000E+02     6  4.574962E-16 -1.697593E+02 -4.502080E-16 -8.133566E-17
  3.500000E+00  1.350000E+02     1  7.876964E-13 -8.829868E+01  2.338617E-14 -7.873492E-13
  3.500000E+00  1.350000E+02     2  3.928867E-13 -1.375095E+02 -2.897104E-13 -2.653824E-13
  3.500000E+00  1.350000E+02     3  1.214750E-12  7.875137E+01  2.369574E-13  1.191414E-12
  3.500000E+00  1.350000E+02     4  5.064194E-16  5.106233E+01  3.182718E-16  3.939083E-16
  3.500000E+00  1.350000E+02     5  2.678861E-16  2.754315E+01  2.375246E-16  1.238749E-16
  3.500000E+00  1.350000E+02     6  9.214565E-17  1.031381E+02 -2.094461E-17  8.973374E-17
  3.600000E+00  1.350000E+02     1  1.101425E-12 -2.053501E+01  1.031438E-12 -3.863575E-13
  3.600000E+00  1.350000E+02     2  1.668435E-12 -1.509313E+02 -1.458276E-12 -8.106213E-13
  3.600000E+00  1.350000E+02     3  5.770211E-13  1.179836E+01  5.648305E-13  1.179823E-13
  3.600000E+00  1.350000E+02     4  1.899115E-15  2.219578E+01  1.758388E-15  7.174338E-16
  3.600000E+00  1.350000E+02     5  1.914100E-16  4.339220E+01  1.390916E-16  1.314965E-16
  3.600000E+00  1.350000E+02     6  1.423125E-16  1.630312E+02 -1.361168E-16  4.153392E-17
  3.700000E+00  1.350000E+02     1  7.562611E-13  9.092003E+01 -1.214318E-14  7.561636E-13
  3.700000E+00  1.350000E+02     2  3.630365E-12 -1.785183E+02 -3.629151E-12 -9.387181E-14
  3.700000E+00  1.350000E+02     3  2.822515E-13 -5.985585E+01  1.417403E-13 -2.440811E-13
  3.700000E+00  1.350000E+02     4  4.366635E-15 -3.210716E-01  4.366566E-15 -2.446943E-17
  3.700000E+00  1.350000E+02     5  3.528966E-16 -1.657958E+02 -3.421077E-16 -8.659308E-17
  3.700000E+00  1.350000E+02     6  2.053436E-15 -1.129675E+01  2.013652E-15 -4.022485E-16
  3.800000E+00  1.350000E+02     1  4.501729E-13 -2.165971E+01  4.183872E-13 -1.661558E-13
  3.800000E+00  1.350000E+02     2  2.710681E-12 -1.723254E+02 -2.686400E-12 -3.620049E-13
  3.800000E+00  1.350000E+02     3  1.094899E-12  4.867405E+01  7.230079E-13  8.222313E-13
  3.800000E+00  1.350000E+02     4  3.251060E-15  5.429542E+00  3.236474E-15  3.076206E-16
  3.800000E+00  1.350000E+02     5  1.584601E-16  8.290519E+01  1.957166E-17  1.572468E-16
  3.800000E+00  1.350000E+02     6  1.805020E-16  1.215502E+01  1.764555E-16  3.800603E-17
  3.900000E+00  1.350000E+02     1  1.321200E-13 -1.434071E+02 -1.060780E-13 -7.876007E-14
  3.900000E+00  1.350000E+02     2  7.123745E-13  1.078297E+02 -2.181207E-13  6.781599E-13
  3.900000E+00  1.350000E+02     3  1.504850E-13 -1.345427E+02 -1.055563E-13 -1.072549E-13
  3.900000E+00  1.350000E+02     4  8.176168E-16 -7.874428E+01  1.595891E-16 -8.018906E-16
  3.900000E+00  1.350000E+02     5  8.116129E-18 -1.147219E+02 -3.394282E-18 -7.372272E-18
  3.900000E+00  1.350000E+02     6  9.220634E-17 -1.308061E+02 -6.025696E-17 -6.979332E-17
  4.000000E+00  1.350000E+02     1  5.826914E-13 -1.479006E+02 -4.936137E-13 -3.096365E-13
  4.000000E+00  1.350000E+02     2  1.639901E-13  1.009903E+02 -3.126362E-14  1.609824E-13
  4.000000E+00  1.350000E+02     3  1.067677E-12  5.675485E+01  5.853245E-13  8.929331E-13
  4.000000E+00  1.350000E+02     4  1.756312E-16 -6.415969E+01  7.655140E-17 -1.580703E-16
  4.000000E+00  1.350000E+02     5  1.066978E-16 -7.504210E+01  2.753968E-17 -1.030824E-16
  4.000000E+00  1.350000E+02     6  1.278614E-16 -4.992819E+01  8.231039E-17 -9.784439E-17
