  2.000000E-01  1.350000E+02     1  6.621522E+01 -8.797369E+01  2.341260E+00 -6.617382E+01
  2.000000E-01  1.350000E+02     2  6.233805E+01  9.196859E+01 -2.141414E+00  6.230126E+01
  2.000000E-01  1.350000E+02     3  5.219820E+03  4.401693E+00  5.204424E+03  4.006133E+02
  2.000000E-01  1.350000E+02     4  2.195101E+03 -8.803255E+01  7.536157E+01 -2.193807E+03
  2.000000E-01  1.350000E+02     5  7.380537E+04 -1.459816E+02 -6.117416E+04 -4.129110E+04
  2.000000E-01  1.350000E+02     6  8.391603E+02  1.189288E+02 -4.059207E+02  7.344511E+02
  3.000000E-01  1.350000E+02     1  1.326739E+02 -8.452987E+01  1.264738E+01 -1.320697E+02
  3.000000E-01  1.350000E+02     2  1.293044E+02  9.434990E+01 -9.807371E+00  1.289319E+02
  3.000000E-01  1.350000E+02     3  4.299717E+03  1.424250E+01  4.167557E+03  1.057844E+03
  3.000000E-01  1.350000E+02     4  4.566335E+03 -8.566125E+01  3.454572E+02 -4.553249E+03
  3.000000E-01  1.350000E+02     5  9.332076E+04 -1.178419E+02 -4.358387E+04 -8.251794E+04
  3.000000E-01  1.350000E+02     6  2.378127E+03  1.437286E+02 -1.917301E+03  1.406927E+03
  4.000000E-01  1.350000E+02     1  1.874537E+02 -7.539929E+01  4.725359E+01 -1.814001E+02
  4.000000E-01  1.350000E+02     2  1.926188E+02  9.766240E+01 -2.568298E+01  1.908989E+02
  4.000000E-01  1.350000E+02     3  3.400202E+03  3.081309E+01  2.920240E+03  1.741716E+03
  4.000000E-01  1.350000E+02     4  6.829738E+03 -8.238480E+01  9.050729E+02 -6.769503E+03
  4.000000E-01  1.350000E+02     5  1.123906E+05 -9.636933E+01 -1.246827E+04 -1.116969E+05
  4.000000E-01  1.350000E+02     6  5.526390E+03  1.631659E+02 -5.289570E+03  1.600451E+03
  5.000000E-01  1.350000E+02     1  2.147656E+02 -5.756473E+01  1.151888E+02 -1.812617E+02
  5.000000E-01  1.350000E+02     2  2.114061E+02  1.025854E+02 -4.606423E+01  2.063266E+02
  5.000000E-01  1.350000E+02     3  2.533003E+03  5.206963E+01  1.557046E+03  1.997927E+03
  5.000000E-01  1.350000E+02     4  7.532542E+03 -7.753033E+01  1.626448E+03 -7.354853E+03
  5.000000E-01  1.350000E+02     5  1.140459E+05 -7.151999E+01  3.614956E+04 -1.081651E+05
  5.000000E-01  1.350000E+02     6  1.006725E+04  1.778420E+02 -1.006011E+04  3.790793E+02
  6.000000E-01  1.350000E+02     1  2.007175E+02 -3.407390E+01  1.662575E+02 -1.124543E+02
  6.000000E-01  1.350000E+02     2  1.529978E+02  1.109837E+02 -5.478897E+01  1.428513E+02
  6.000000E-01  1.350000E+02     3  1.588604E+03  7.843520E+01  3.184770E+02  1.556353E+03
  6.000000E-01  1.350000E+02     4  5.484764E+03 -6.923258E+01  1.944762E+03 -5.128405E+03
  6.000000E-01  1.350000E+02     5  1.066757E+05 -3.862357E+01  8.334186E+04 -6.658710E+04
  6.000000E-01  1.350000E+02     6  1.363799E+04 -1.683483E+02 -1.335695E+04 -2.754362E+03
  7.000000E-01  1.350000E+02     1  1.112982E+02  8.411404E+00  1.101010E+02  1.628069E+01
  7.000000E-01  1.350000E+02     2  3.530106E+01  1.349756E+02 -2.495101E+01  2.497223E+01
  7.000000E-01  1.350000E+02     3  6.797575E+02  1.179914E+02 -3.190372E+02  6.002379E+02
  7.000000E-01  1.350000E+02     4  1.280391E+03 -4.580962E+01  8.924901E+02 -9.180760E+02
  7.000000E-01  1.350000E+02     5  9.190880E+04 -3.002323E+00  9.178265E+04 -4.813857E+03
  7.000000E-01  1.350000E+02     6  1.293109E+04 -1.505764E+02 -1.126313E+04 -6.352559E+03
  8.000000E-01  1.350000E+02     1  1.289466E+02  1.181984E+02 -6.093068E+01  1.136428E+02
  8.000000E-01  1.350000E+02     2  7.377403E+01 -5.018896E+01  4.723440E+01 -5.667027E+01
  8.000000E-01  1.350000E+02     3  2.955293E+02 -1.140390E+02 -1.203864E+02 -2.698975E+02
  8.000000E-01  1.350000E+02     4  2.670512E+03  1.297658E+02 -1.708195E+03  2.052731E+03
  8.000000E-01  1.350000E+02     5  5.940647E+04  3.805951E+01  4.677493E+04  3.662287E+04
  8.000000E-01  1.350000E+02     6  7.125652E+03 -1.202105E+02 -3.585478E+03 -6.157862E+03
  9.000000E-01  1.350000E+02     1  2.062531E+02  1.649474E+02 -1.991761E+02  5.356507E+01
  9.000000E-01  1.350000E+02     2  9.994705E+01 -2.125854E+01  9.314603E+01 -3.623849E+01
  9.000000E-01  1.350000E+02     3  5.700313E+02 -4.690545E+01  3.894478E+02 -4.162524E+02
  9.000000E-01  1.350000E+02     4  3.678786E+03  1.581864E+02 -3.415377E+03  1.366992E+03
  9.000000E-01  1.350000E+02     5  2.419200E+04  1.132285E+02 -9.541302E+03  2.223097E+04
  9.000000E-01  1.350000E+02     6  2.839722E+03  4.837081E+00  2.829608E+03  2.394532E+02
  1.000000E+00  1.350000E+02     1  1.514356E+02 -1.391326E+02 -1.145195E+02 -9.908596E+01
  1.000000E+00  1.350000E+02     2  4.160745E+01  2.966064E+01  3.615570E+01  2.058994E+01
  1.000000E+00  1.350000E+02     3  3.959428E+02 -1.595312E+00  3.957893E+02 -1.102299E+01
  1.000000E+00  1.350000E+02     4  1.543357E+03 -1.532130E+02 -1.377736E+03 -6.955524E+02
  1.000000E+00  1.350000E+02     5  2.809459E+04 -1.331609E+02 -1.921810E+04 -2.049318E+04
  1.000000E+00  1.350000E+02     6  6.662576E+03  7.946090E+01  1.218628E+03  6.550180E+03
  1.100000E+00  1.350000E+02     1  1.374741E+02 -4.157382E+01  1.028446E+02 -9.122568E+01
  1.100000E+00  1.350000E+02     2  5.071041E+01 -1.734149E+02 -5.037586E+01 -5.815396E+00
  1.100000E+00  1.350000E+02     3  1.316097E+02  1.310481E+02 -8.642709E+01  9.925454E+01
  1.100000E+00  1.350000E+02     4  1.879656E+03  6.286309E+00  1.868354E+03  2.058163E+02
  1.100000E+00  1.350000E+02     5  2.553045E+04 -7.280707E+01  7.546548E+03 -2.438962E+04
  1.100000E+00  1.350000E+02     6  4.900948E+03  1.305313E+02 -3.184949E+03  3.724969E+03
  1.200000E+00  1.350000E+02     1  1.375119E+02  3.555671E+01  1.118715E+02  7.996433E+01
  1.200000E+00  1.350000E+02     2  6.059235E+01 -1.151899E+02 -2.578935E+01 -5.483013E+01
  1.200000E+00  1.350000E+02     3  2.552806E+02 -1.441727E+02 -2.069776E+02 -1.494271E+02
  1.200000E+00  1.350000E+02     4  2.264145E+03  6.122138E+01  1.090020E+03  1.984492E+03
  1.200000E+00  1.350000E+02     5  7.921292E+03  4.180777E+01  5.904417E+03  5.280600E+03
  1.200000E+00  1.350000E+02     6  2.559633E+03 -9.086126E+01 -3.847439E+01 -2.559344E+03
  1.300000E+00  1.350000E+02     1  9.633823E+01  1.280910E+02 -5.943227E+01  7.582124E+01
  1.300000E+00  1.350000E+02     2  2.297877E+01  1.445872E+01  2.225098E+01  5.737394E+00
  1.300000E+00  1.350000E+02     3  5.168869E+01 -6.192326E+01  2.432747E+01 -4.560586E+01
  1.300000E+00  1.350000E+02     4  7.924051E+02 -1.652840E+02 -7.664116E+02 -2.012936E+02
  1.300000E+00  1.350000E+02     5  1.315875E+04  1.572125E+02 -1.213168E+04  5.096568E+03
  1.300000E+00  1.350000E+02     6  4.178951E+03 -1.275893E+01  4.075764E+03 -9.229189E+02
  1.400000E+00  1.350000E+02     1  7.579786E+01 -1.225271E+02 -4.075639E+01 -6.390800E+01
  1.400000E+00  1.350000E+02     2  4.836551E+01  1.160291E+02 -2.122412E+01  4.345986E+01
  1.400000E+00  1.350000E+02     3  1.291626E+02  1.098578E+02 -4.387483E+01  1.214824E+02
  1.400000E+00  1.350000E+02     4  1.759632E+03 -6.837185E+01  6.485676E+02 -1.635746E+03
  1.400000E+00  1.350000E+02     5  2.927624E+03 -7.000724E+01  1.000959E+03 -2.751193E+03
  1.400000E+00  1.350000E+02     6  8.732503E+02  9.975992E+01 -1.480335E+02  8.606116E+02
  1.500000E+00  1.350000E+02     1  4.706150E+01 -3.130551E+01  4.020976E+01 -2.445322E+01
  1.500000E+00  1.350000E+02     2  1.246782E+01 -1.067186E+02 -3.586636E+00 -1.194079E+01
  1.500000E+00  1.350000E+02     3  2.402579E+01 -8.497314E+01  2.105205E+00 -2.393338E+01
  1.500000E+00  1.350000E+02     4  3.929415E+02  7.863386E+01  7.744012E+01  3.852351E+02
  1.500000E+00  1.350000E+02     5  8.251080E+03  7.226868E+01  2.512897E+03  7.859114E+03
  1.500000E+00  1.350000E+02     6  2.290727E+03 -1.315153E+02 -1.518340E+03 -1.715247E+03
  1.600000E+00  1.350000E+02     1  2.299887E+01  1.076349E+02 -6.967518E+00  2.191807E+01
  1.600000E+00  1.350000E+02     2  2.799545E+01  5.386892E+00  2.787181E+01  2.628228E+00
  1.600000E+00  1.350000E+02     3  1.053942E+02  2.620506E+01  9.456168E+01  4.654049E+01
  1.600000E+00  1.350000E+02     4  9.767410E+02 -1.777651E+02 -9.759980E+02 -3.809030E+01
  1.600000E+00  1.350000E+02     5  4.689534E+03 -1.109997E+02 -1.680559E+03 -4.378065E+03
  1.600000E+00  1.350000E+02     6  5.824255E+02  1.004040E+02 -1.051788E+02  5.728498E+02
  1.700000E+00  1.350000E+02     1  1.002684E+01  1.111549E+02 -3.618591E+00  9.351108E+00
  1.700000E+00  1.350000E+02     2  1.359481E+01 -1.417448E+02 -1.067547E+01 -8.417435E+00
  1.700000E+00  1.350000E+02     3  7.069828E+01 -1.395369E+02 -5.378895E+01 -4.588024E+01
  1.700000E+00  1.350000E+02     4  5.519347E+02  4.282140E+01  4.048309E+02  3.751584E+02
  1.700000E+00  1.350000E+02     5  6.329011E+03 -8.958254E+00  6.251810E+03 -9.855206E+02
  1.700000E+00  1.350000E+02     6  7.662275E+02  1.527712E+02 -6.813189E+02  3.505840E+02
  1.800000E+00  1.350000E+02     1  1.007047E+01 -1.562250E+02 -9.215851E+00 -4.059863E+00
  1.800000E+00  1.350000E+02     2  6.099582E+00 -6.294176E+01  2.774675E+00 -5.431949E+00
  1.800000E+00  1.350000E+02     3  4.743346E+01 -5.451134E+01  2.753711E+01 -3.862176E+01
  1.800000E+00  1.350000E+02     4  1.745883E+02  1.173320E+02 -8.016144E+01  1.550975E+02
  1.800000E+00  1.350000E+02     5  6.571458E+03  1.773830E+02 -6.564604E+03  3.000500E+02
  1.800000E+00  1.350000E+02     6  1.596065E+03  1.992268E+01  1.500546E+03  5.438620E+02
  1.900000E+00  1.350000E+02     1  2.278222E+01 -2.576272E+01  2.051771E+01 -9.902181E+00
  1.900000E+00  1.350000E+02     2  1.837018E+01  1.535081E+02 -1.644127E+01  8.194401E+00
  1.900000E+00  1.350000E+02     3  7.679852E+01  1.416491E+02 -6.022740E+01  4.765159E+01
  1.900000E+00  1.350000E+02     4  7.042714E+02 -3.028817E+01  6.081381E+02 -3.551988E+02
  1.900000E+00  1.350000E+02     5  2.181855E+03 -1.789713E+01  2.076274E+03 -6.705034E+02
  1.900000E+00  1.350000E+02     6  7.886969E+02 -1.497106E+02 -6.810312E+02 -3.977931E+02
  2.000000E+00  1.350000E+02     1  1.766799E+01  1.387272E+02 -1.327885E+01  1.165461E+01
  2.000000E+00  1.350000E+02     2  1.661810E+01  9.111128E+00  1.640844E+01  2.631474E+00
  2.000000E+00  1.350000E+02     3  4.835535E+01  6.421407E+00  4.805198E+01  5.408073E+00
  2.000000E+00  1.350000E+02     4  6.526483E+02 -1.746279E+02 -6.497817E+02 -6.110285E+01
  2.000000E+00  1.350000E+02     5  3.143213E+03  1.202814E+02 -1.584956E+03  2.714352E+03
  2.000000E+00  1.350000E+02     6  9.070631E+02 -5.311593E+01  5.444173E+02 -7.255159E+02
  2.100000E+00  1.350000E+02     1  9.747068E+00 -8.428191E+01  9.711390E-01 -9.698568E+00
  2.100000E+00  1.350000E+02     2  4.896433E+00 -1.590204E+02 -4.571839E+00 -1.753095E+00
  2.100000E+00  1.350000E+02     3  1.142390E+01 -1.371964E+02 -8.381567E+00 -7.762405E+00
  2.100000E+00  1.350000E+02     4  1.901758E+02  2.646560E+01  1.702458E+02  8.475381E+01
  2.100000E+00  1.350000E+02     5  4.392902E+03 -1.972859E+01  4.135049E+03 -1.482890E+03
  2.100000E+00  1.350000E+02     6  1.322834E+03  1.504123E+02 -1.150338E+03  6.531561E+02
  2.200000E+00  1.350000E+02     1  7.172155E+00  7.709189E+01  1.602174E+00  6.990912E+00
  2.200000E+00  1.350000E+02     2  7.402939E+00 -5.596458E+01  4.143464E+00 -6.134755E+00
  2.200000E+00  1.350000E+02     3  2.842243E+01 -5.370313E+01  1.682520E+01 -2.290736E+01
  2.200000E+00  1.350000E+02     4  2.488227E+02  1.152439E+02 -1.061159E+02  2.250603E+02
  2.200000E+00  1.350000E+02     5  4.300186E+03 -1.576668E+02 -3.977628E+03 -1.634037E+03
  2.200000E+00  1.350000E+02     6  1.007691E+03  2.040275E+01  9.444735E+02  3.512980E+02
  2.300000E+00  1.350000E+02     1  1.489778E+00  8.650802E+00  1.472829E+00  2.240804E-01
  2.300000E+00  1.350000E+02     2  1.253074E+01  1.681918E+02 -1.226557E+01  2.564234E+00
  2.300000E+00  1.350000E+02     3  5.397689E+01  1.654405E+02 -5.224354E+01  1.356900E+01
  2.300000E+00  1.350000E+02     4  4.493670E+02 -1.698348E+01  4.297697E+02 -1.312583E+02
  2.300000E+00  1.350000E+02     5  2.754164E+03  5.888797E+01  1.423113E+03  2.358001E+03
  2.300000E+00  1.350000E+02     6  7.219942E+02 -9.952519E+01 -1.194765E+02 -7.120400E+02
  2.400000E+00  1.350000E+02     1  7.773158E+00 -9.764987E+01 -1.034755E+00 -7.703978E+00
  2.400000E+00  1.350000E+02     2  1.530022E+01  4.083621E+01  1.157587E+01  1.000480E+01
  2.400000E+00  1.350000E+02     3  5.762153E+01  3.232412E+01  4.869232E+01  3.081070E+01
  2.400000E+00  1.350000E+02     4  5.688866E+02 -1.420273E+02 -4.484555E+02 -3.500280E+02
  2.400000E+00  1.350000E+02     5  9.076264E+02 -8.401867E+01  9.457859E+01 -9.026852E+02
  2.400000E+00  1.350000E+02     6  3.842204E+02  1.224380E+02 -2.060909E+02  3.242713E+02
  2.500000E+00  1.350000E+02     1  9.178629E+00  1.108025E+02 -3.259768E+00  8.580277E+00
  2.500000E+00  1.350000E+02     2  1.556124E+01 -8.865052E+01  3.664773E-01 -1.555693E+01
  2.500000E+00  1.350000E+02     3  5.290887E+01 -9.124263E+01 -1.147396E+00 -5.289643E+01
  2.500000E+00  1.350000E+02     4  5.965889E+02  8.959033E+01  4.265589E+00  5.965737E+02
  2.500000E+00  1.350000E+02     5  1.088403E+02  4.310230E+00  1.085325E+02  8.180086E+00
  2.500000E+00  1.350000E+02     6  1.068876E+02 -1.490805E+02 -9.169786E+01 -5.492236E+01
  2.600000E+00  1.350000E+02     1  5.775585E+00 -3.179373E+01  4.908961E+00 -3.042941E+00
  2.600000E+00  1.350000E+02     2  1.370830E+01  1.469580E+02 -1.149127E+01  7.474503E+00
  2.600000E+00  1.350000E+02     3  5.036403E+01  1.470624E+02 -4.226870E+01  2.738417E+01
  2.600000E+00  1.350000E+02     4  5.363987E+02 -3.439072E+01  4.426389E+02 -3.029759E+02
  2.600000E+00  1.350000E+02     5  5.605596E+02 -1.380425E+02 -4.168553E+02 -3.747783E+02
  2.600000E+00  1.350000E+02     6  3.757768E+02  2.936068E+01  3.275084E+02  1.842455E+02
  2.700000E+00  1.350000E+02     1  2.368191E+00 -1.053561E+02 -6.271363E-01 -2.283644E+00
  2.700000E+00  1.350000E+02     2  1.288878E+01  2.900107E+01  1.127266E+01  6.248815E+00
  2.700000E+00  1.350000E+02     3  4.671473E+01  2.438650E+01  4.254688E+01  1.928804E+01
  2.700000E+00  1.350000E+02     4  5.082770E+02 -1.523886E+02 -4.503900E+02 -2.355726E+02
  2.700000E+00  1.350000E+02     5  8.929996E+02  7.858992E+01  1.766620E+02  8.753507E+02
  2.700000E+00  1.350000E+02     6  4.175779E+02 -1.205058E+02 -2.119732E+02 -3.597759E+02
  2.800000E+00  1.350000E+02     1  5.110474E+00  1.666637E+02 -4.972660E+00  1.178814E+00
  2.800000E+00  1.350000E+02     2  1.351246E+01 -9.219075E+01 -5.165343E-01 -1.350258E+01
  2.800000E+00  1.350000E+02     3  4.338298E+01 -9.539531E+01 -4.079166E+00 -4.319077E+01
  2.800000E+00  1.350000E+02     4  5.326762E+02  8.631411E+01  3.424388E+01  5.315744E+02
  2.800000E+00  1.350000E+02     5  1.126055E+03 -8.308926E+01  1.354901E+02 -1.117874E+03
  2.800000E+00  1.350000E+02     6  3.963435E+02  9.192678E+01 -1.332598E+01  3.961194E+02
  2.900000E+00  1.350000E+02     1  6.020441E+00  3.570769E+01  4.888629E+00  3.513832E+00
  2.900000E+00  1.350000E+02     2  1.368425E+01  1.398490E+02 -1.045953E+01  8.823662E+00
  2.900000E+00  1.350000E+02     3  4.441651E+01  1.419182E+02 -3.496161E+01  2.739548E+01
  2.900000E+00  1.350000E+02     4  5.384141E+02 -4.190922E+01  4.006900E+02 -3.596350E+02
  2.900000E+00  1.350000E+02     5  1.831334E+03  1.181701E+02 -8.645557E+02  1.614413E+03
  2.900000E+00  1.350000E+02     6  5.585062E+02 -5.691177E+01  3.049052E+02 -4.679337E+02
  3.000000E+00  1.350000E+02     1  2.712925E+00 -1.179834E+02 -1.272946E+00 -2.395740E+00
  3.000000E+00  1.350000E+02     2  1.345688E+01 -1.265800E+01  1.312981E+01 -2.948821E+00
  3.000000E+00  1.350000E+02     3  4.766067E+01 -8.117567E-01  4.765589E+01 -6.752255E-01
  3.000000E+00  1.350000E+02     4  5.172197E+02  1.667970E+02 -5.035479E+02  1.181343E+02
  3.000000E+00  1.350000E+02     5  3.412839E+03 -2.586772E+01  3.070886E+03 -1.489004E+03
  3.000000E+00  1.350000E+02     6  1.092050E+03  1.582218E+02 -1.014107E+03  4.051664E+02
  3.100000E+00  1.350000E+02     1  3.602279E+00  1.702792E+01  3.444363E+00  1.054883E+00
  3.100000E+00  1.350000E+02     2  6.361746E+00  1.411394E+02 -4.953731E+00  3.991536E+00
  3.100000E+00  1.350000E+02     3  2.567389E+01 -2.153151E+01  2.388226E+01 -9.422645E+00
  3.100000E+00  1.350000E+02     4  2.490215E+02 -3.190839E+01  2.113929E+02 -1.316235E+02
  3.100000E+00  1.350000E+02     5  5.564944E+03  1.751851E+02 -5.545306E+03  4.671060E+02
  3.100000E+00  1.350000E+02     6  1.010540E+03 -1.729336E+01  9.648584E+02 -3.003973E+02
  3.200000E+00  1.350000E+02     1  2.249817E+00  5.008500E+00  2.241227E+00  1.964170E-01
  3.200000E+00  1.350000E+02     2  8.789137E+00 -4.293438E+01  6.434829E+00 -5.986811E+00
  3.200000E+00  1.350000E+02     3  5.794500E+01 -9.287401E+01 -2.905358E+00 -5.787212E+01
  3.200000E+00  1.350000E+02     4  2.413623E+02  1.268459E+02 -1.447366E+02  1.931504E+02
  3.200000E+00  1.350000E+02     5  5.021309E+03  3.734074E+01  3.992154E+03  3.045695E+03
  3.200000E+00  1.350000E+02     6  1.645639E+03  1.715570E+02 -1.627804E+03  2.416223E+02
  3.300000E+00  1.350000E+02     1  3.332043E+01  1.408778E+02 -2.585006E+01  2.102440E+01
  3.300000E+00  1.350000E+02     2  1.907404E+01 -1.816376E+01  1.812357E+01 -5.946026E+00
  3.300000E+00  1.350000E+02     3  8.193212E+01 -4.640070E+01  5.650127E+01 -5.933363E+01
  3.300000E+00  1.350000E+02     4  7.555909E+02  1.434155E+02 -6.067231E+02  4.503384E+02
  3.300000E+00  1.350000E+02     5  4.005760E+03 -7.324895E+01  1.154515E+03 -3.835780E+03
  3.300000E+00  1.350000E+02     6  2.228650E+03 -8.554435E+01  1.731380E+02 -2.221915E+03
  3.400000E+00  1.350000E+02     1  3.997855E+01  1.628262E+02 -3.819605E+01  1.180449E+01
  3.400000E+00  1.350000E+02     2  1.318473E+01  1.496230E+02 -1.137469E+01  6.667344E+00
  3.400000E+00  1.350000E+02     3  1.170443E+02 -8.577126E+01  8.630666E+00 -1.167257E+02
  3.400000E+00  1.350000E+02     4  4.844508E+02 -3.582681E+01  3.927879E+02 -2.835671E+02
  3.400000E+00  1.350000E+02     5  7.798891E+03 -4.937530E+01  5.077869E+03 -5.919285E+03
  3.400000E+00  1.350000E+02     6  8.914744E+02 -8.241011E+01  1.177473E+02 -8.836641E+02
  3.500000E+00  1.350000E+02     1  6.140337E+00 -3.460567E+00  6.129140E+00 -3.706404E-01
  3.500000E+00  1.350000E+02     2  2.666457E+00 -4.608957E+01  1.849275E+00 -1.920982E+00
  3.500000E+00  1.350000E+02     3  2.127425E+01 -1.727660E+02 -2.110491E+01 -2.678881E+00
  3.500000E+00  1.350000E+02     4  1.233877E+02  1.435961E+02 -9.930904E+01  7.322734E+01
  3.500000E+00  1.350000E+02     5  1.656914E+03  1.130084E+02 -6.476310E+02  1.525103E+03
  3.500000E+00  1.350000E+02     6  1.883446E+02 -1.631498E+02 -1.802581E+02 -5.459566E+01
  3.600000E+00  1.350000E+02     1  8.479901E+00  6.651132E+01  3.379817E+00  7.777246E+00
  3.600000E+00  1.350000E+02     2  1.300726E+01 -5.717434E+01  7.051037E+00 -1.093032E+01
  3.600000E+00  1.350000E+02     3  8.222610E+00  7.991059E+01  1.440476E+00  8.095452E+00
  3.600000E+00  1.350000E+02     4  5.136258E+02  1.152350E+02 -2.189754E+02  4.646087E+02
  3.600000E+00  1.350000E+02     5  1.240430E+03  1.382251E+02 -9.250726E+02  8.263814E+02
  3.600000E+00  1.350000E+02     6  3.733303E+02 -9.889113E+01 -5.770095E+01 -3.688443E+02
  3.700000E+00  1.350000E+02     1  6.547827E+00  1.736141E+02 -6.507199E+00  7.282815E-01
  3.700000E+00  1.350000E+02     2  2.678760E+01 -8.309854E+01  3.218855E+00 -2.659350E+01
  3.700000E+00  1.350000E+02     3  1.528744E+01  8.105611E+01  2.376696E+00  1.510157E+01
  3.700000E+00  1.350000E+02     4  1.178682E+03  9.366892E+01 -7.542512E+01  1.176266E+03
  3.700000E+00  1.350000E+02     5  2.673472E+03 -7.526550E+01  6.799717E+02 -2.585555E+03
  3.700000E+00  1.350000E+02     6  4.809261E+03  7.856321E+01  9.536123E+02  4.713768E+03
  3.800000E+00  1.350000E+02     1  4.068579E+00  6.281827E+01  1.858585E+00  3.619254E+00
  3.800000E+00  1.350000E+02     2  2.337934E+01 -7.788380E+01  4.907205E+00 -2.285854E+01
  3.800000E+00  1.350000E+02     3  2.256493E+01  1.318413E+02 -1.505238E+01  1.681077E+01
  3.800000E+00  1.350000E+02     4  9.999492E+02  9.911117E+01 -1.583425E+02  9.873328E+02
  3.800000E+00  1.350000E+02     5  1.054902E+03 -1.781641E+02 -1.054360E+03 -3.379537E+01
  3.800000E+00  1.350000E+02     6  3.303006E+02  1.016614E+02 -6.676289E+01  3.234829E+02
  3.900000E+00  1.350000E+02     1  1.200303E+00 -5.411028E+01  7.036499E-01 -9.724216E-01
  3.900000E+00  1.350000E+02     2  6.529997E+00 -1.573799E+02 -6.027681E+00 -2.511559E+00
  3.900000E+00  1.350000E+02     3  3.699471E+00 -4.499229E+01  2.616273E+00 -2.615569E+00
  3.900000E+00  1.350000E+02     4  2.669116E+02  1.516959E+01  2.576112E+02  6.984458E+01
  3.900000E+00  1.350000E+02     5  3.618175E+01 -2.878675E+00  3.613610E+01 -1.817092E+00
  3.900000E+00  1.350000E+02     6  2.327123E+02 -4.789421E+01  1.560339E+02 -1.726511E+02
  4.000000E+00  1.350000E+02     1  5.585513E+00 -6.100840E+01  2.707194E+00 -4.885597E+00
  4.000000E+00  1.350000E+02     2  1.482537E+00 -1.700957E+02 -1.460442E+00 -2.550006E-01
  4.000000E+00  1.350000E+02     3  3.263082E+01  1.525538E+02 -2.895803E+01  1.504003E+01
  4.000000E+00  1.350000E+02     4  5.847251E+01  2.744863E+01  5.188993E+01  2.695309E+01
  4.000000E+00  1.350000E+02     5  1.127054E+03  6.102054E+00  1.120668E+03  1.198055E+02
  4.000000E+00  1.350000E+02     6  3.553065E+02  4.070580E+01  2.693466E+02  2.317221E+02
