  2.000000E-01     1     1  1.465746E+03  8.309902E+00
  2.000000E-01     1     2 -1.948537E-12 -1.806685E-15
  2.000000E-01     1     3  7.036028E-11  1.501332E-11
  2.000000E-01     1     4  4.429461E-11 -5.617793E-13
  2.000000E-01     1     5  2.080554E+05  5.225862E+03
  2.000000E-01     1     6  3.520854E-11  7.895690E-14
  2.000000E-01     2     1 -7.914822E-13  2.041511E-14
  2.000000E-01     2     2  5.014642E+03  9.148038E+00
  2.000000E-01     2     3 -3.848804E-11  1.019300E-12
  2.000000E-01     2     4 -1.785098E+05 -3.495535E+02
  2.000000E-01     2     5  1.501701E-09  1.656611E-10
  2.000000E-01     2     6  6.017571E+04  1.097765E+02
  2.000000E-01     3     1 -8.305239E-13 -4.919209E-14
  2.000000E-01     3     2 -3.685894E-12  1.055654E-12
  2.000000E-01     3     3  2.041725E+05  6.009516E+04
  2.000000E-01     3     4  2.930259E-10  3.171031E-12
  2.000000E-01     3     5 -2.450070E+06 -7.211419E+05
  2.000000E-01     3     6 -3.903604E-10  9.919800E-12
  2.000000E-01     4     1  1.382787E-11 -6.344280E-13
  2.000000E-01     4     2 -1.688264E+05 -3.246689E+02
  2.000000E-01     4     3  6.130828E-10 -1.762556E-10
  2.000000E-01     4     4  6.229040E+06  1.241294E+04
  2.000000E-01     4     5 -3.680950E-08 -5.428929E-10
  2.000000E-01     4     6 -2.025917E+06 -3.896027E+03
  2.000000E-01     5     1  1.819925E+05  4.643431E+03
  2.000000E-01     5     2 -4.847562E-11 -1.110460E-11
  2.000000E-01     5     3 -2.450070E+06 -7.211419E+05
  2.000000E-01     5     4  6.609721E-09  3.069972E-10
  2.000000E-01     5     5  2.884468E+08  1.161393E+07
  2.000000E-01     5     6  2.478227E-10  3.150252E-11
  2.000000E-01     6     1  2.132388E-11 -4.891307E-13
  2.000000E-01     6     2  6.017571E+04  1.097765E+02
  2.000000E-01     6     3  1.440824E-09  9.165577E-10
  2.000000E-01     6     4 -2.142118E+06 -4.194642E+03
  2.000000E-01     6     5  1.241521E-08 -2.271518E-10
  2.000000E-01     6     6  1.028755E+07  1.489905E+03
  3.000000E-01     1     1  1.567652E+03  7.163716E+01
  3.000000E-01     1     2 -2.524402E-12 -8.212257E-14
  3.000000E-01     1     3  5.029994E-11  3.906539E-11
  3.000000E-01     1     4  1.357232E-11 -4.732330E-13
  3.000000E-01     1     5  2.491997E+05  4.326660E+04
  3.000000E-01     1     6  2.379416E-11  2.060782E-12
  3.000000E-01     2     1  1.193656E-12  2.391121E-13
  3.000000E-01     2     2  5.269413E+03  9.211789E+01
  3.000000E-01     2     3  1.960249E-11 -2.582669E-11
  3.000000E-01     2     4 -1.884961E+05 -3.531590E+03
  3.000000E-01     2     5  1.671838E-10 -1.560722E-10
  3.000000E-01     2     6  6.323296E+04  1.105415E+03
  3.000000E-01     3     1 -4.649514E-13  1.472383E-13
  3.000000E-01     3     2  5.692106E-12 -3.222051E-13
  3.000000E-01     3     3  1.752339E+05  9.195865E+04
  3.000000E-01     3     4 -5.979772E-11 -6.613431E-12
  3.000000E-01     3     5 -2.102807E+06 -1.103504E+06
  3.000000E-01     3     6 -1.884225E-10  3.497044E-11
  3.000000E-01     4     1 -3.222717E-11 -7.824612E-12
  3.000000E-01     4     2 -1.780129E+05 -3.279264E+03
  3.000000E-01     4     3 -9.485861E-10  4.196630E-10
  3.000000E-01     4     4  6.589356E+06  1.257865E+05
  3.000000E-01     4     5 -7.007180E-09 -2.319978E-09
  3.000000E-01     4     6 -2.136155E+06 -3.935117E+04
  3.000000E-01     5     1  2.190506E+05  3.913422E+04
  3.000000E-01     5     2 -6.344591E-11  9.451928E-12
  3.000000E-01     5     3 -2.102807E+06 -1.103504E+06
  3.000000E-01     5     4  1.281809E-08 -1.350125E-09
  3.000000E-01     5     5  3.081823E+08  3.738185E+07
  3.000000E-01     5     6 -2.571152E-08 -8.723126E-11
  3.000000E-01     6     1  5.028574E-11 -1.135759E-12
  3.000000E-01     6     2  6.323296E+04  1.105415E+03
  3.000000E-01     6     3  1.199589E-09 -2.176872E-10
  3.000000E-01     6     4 -2.261953E+06 -4.237908E+04
  3.000000E-01     6     5 -1.408560E-07  2.125838E-08
  3.000000E-01     6     6  1.060166E+07  2.203712E+04
  4.000000E-01     1     1  1.633247E+03  2.229767E+02
  4.000000E-01     1     2 -2.811004E-12  9.732702E-14
  4.000000E-01     1     3  2.819522E-11  6.923695E-11
  4.000000E-01     1     4  4.991662E-11 -3.132211E-12
  4.000000E-01     1     5  2.561019E+05  1.299961E+05
  4.000000E-01     1     6  8.904352E-11  1.568324E-11
  4.000000E-01     2     1  2.304793E-13 -2.337512E-13
  4.000000E-01     2     2  5.612345E+03  4.070505E+02
  4.000000E-01     2     3 -3.428396E-11  1.361358E-11
  4.000000E-01     2     4 -2.020404E+05 -1.567604E+04
  4.000000E-01     2     5 -7.555070E-10  7.799827E-10
  4.000000E-01     2     6  6.734814E+04  4.884606E+03
  4.000000E-01     3     1 -4.401067E-13  4.988357E-13
  4.000000E-01     3     2  2.866017E-13  2.801687E-12
  4.000000E-01     3     3  1.394970E+05  1.039024E+05
  4.000000E-01     3     4  8.120679E-12 -1.244100E-10
  4.000000E-01     3     5 -1.673964E+06 -1.246829E+06
  4.000000E-01     3     6 -1.777463E-10  1.168634E-10
  4.000000E-01     4     1 -7.027510E-12  8.713403E-12
  4.000000E-01     4     2 -1.904384E+05 -1.454855E+04
  4.000000E-01     4     3  6.144457E-10 -1.632654E-11
  4.000000E-01     4     4  7.080331E+06  5.605515E+05
  4.000000E-01     4     5  1.249517E-08 -1.415610E-08
  4.000000E-01     4     6 -2.285261E+06 -1.745826E+05
  4.000000E-01     5     1  2.238472E+05  1.199297E+05
  4.000000E-01     5     2 -1.184029E-11 -6.181500E-11
  4.000000E-01     5     3 -1.673964E+06 -1.246829E+06
  4.000000E-01     5     4  5.650942E-09  6.447075E-10
  4.000000E-01     5     5  3.091863E+08  8.744035E+07
  4.000000E-01     5     6 -1.782688E-09 -1.045109E-09
  4.000000E-01     6     1  1.772068E-10 -4.921032E-11
  4.000000E-01     6     2  6.734814E+04  4.884606E+03
  4.000000E-01     6     3  3.359576E-10  9.250759E-10
  4.000000E-01     6     4 -2.424484E+06 -1.881125E+05
  4.000000E-01     6     5 -6.887971E-08  2.503213E-08
  4.000000E-01     6     6  1.119202E+07  1.804313E+05
  5.000000E-01     1     1  1.616336E+03  3.604653E+02
  5.000000E-01     1     2 -2.848271E-12 -4.693880E-13
  5.000000E-01     1     3  1.532920E-11  1.957765E-11
  5.000000E-01     1     4 -9.199650E-12 -2.200534E-12
  5.000000E-01     1     5  1.961635E+05  2.045662E+05
  5.000000E-01     1     6  3.464066E-11  2.569655E-11
  5.000000E-01     2     1  1.346939E-12  1.484695E-12
  5.000000E-01     2     2  5.788379E+03  1.025767E+03
  5.000000E-01     2     3  1.233364E-13 -7.053775E-11
  5.000000E-01     2     4 -2.093407E+05 -3.972283E+04
  5.000000E-01     2     5 -7.007634E-11  4.790632E-10
  5.000000E-01     2     6  6.946054E+04  1.230921E+04
  5.000000E-01     3     1 -4.564776E-12 -1.540817E-12
  5.000000E-01     3     2 -4.538600E-12  3.701643E-12
  5.000000E-01     3     3  1.081980E+05  1.002584E+05
  5.000000E-01     3     4  1.211855E-10 -1.588927E-10
  5.000000E-01     3     5 -1.298376E+06 -1.203101E+06
  5.000000E-01     3     6 -2.889371E-10  1.480462E-10
  5.000000E-01     4     1 -2.453240E-11 -3.124048E-11
  5.000000E-01     4     2 -1.969605E+05 -3.680137E+04
  5.000000E-01     4     3 -1.414588E-10  1.390851E-09
  5.000000E-01     4     4  7.350466E+06  1.425721E+06
  5.000000E-01     4     5  4.172325E-09 -3.496321E-09
  5.000000E-01     4     6 -2.363526E+06 -4.416164E+05
  5.000000E-01     5     1  1.616570E+05  1.877917E+05
  5.000000E-01     5     2  1.311891E-11 -1.879016E-11
  5.000000E-01     5     3 -1.298376E+06 -1.203101E+06
  5.000000E-01     5     4  6.940000E-09 -1.078325E-09
  5.000000E-01     5     5  2.755318E+08  1.308173E+08
  5.000000E-01     5     6 -5.962736E-12 -1.380246E-09
  5.000000E-01     6     1 -1.189708E-11  5.942860E-11
  5.000000E-01     6     2  6.946054E+04  1.230921E+04
  5.000000E-01     6     3  5.469249E-10 -2.298777E-10
  5.000000E-01     6     4 -2.512088E+06 -4.766739E+05
  5.000000E-01     6     5 -6.122560E-08 -7.152557E-09
  5.000000E-01     6     6  1.203354E+07  8.744360E+05
  6.000000E-01     1     1  1.631486E+03  4.484040E+02
  6.000000E-01     1     2  2.928129E-13  1.503994E-12
  6.000000E-01     1     3  2.467437E-11  2.114760E-11
  6.000000E-01     1     4  6.093348E-11 -1.490684E-11
  6.000000E-01     1     5  1.146615E+05  2.232989E+05
  6.000000E-01     1     6 -1.625271E-10 -6.417040E-11
  6.000000E-01     2     1  6.220056E-13 -4.048361E-13
  6.000000E-01     2     2  5.590646E+03  1.693132E+03
  6.000000E-01     2     3 -1.173825E-11  1.394706E-11
  6.000000E-01     2     4 -2.022189E+05 -6.597466E+04
  6.000000E-01     2     5 -2.211323E-10 -4.732330E-13
  6.000000E-01     2     6  6.708775E+04  2.031759E+04
  6.000000E-01     3     1  2.542149E-13  1.291778E-12
  6.000000E-01     3     2 -7.275958E-14  3.583261E-12
  6.000000E-01     3     3  8.750249E+04  8.754414E+04
  6.000000E-01     3     4  1.548608E-10 -5.002073E-11
  6.000000E-01     3     5 -1.050030E+06 -1.050530E+06
  6.000000E-01     3     6 -2.872335E-10  1.329785E-10
  6.000000E-01     4     1 -1.763976E-11 -6.435969E-12
  6.000000E-01     4     2 -1.900594E+05 -6.090921E+04
  6.000000E-01     4     3  2.445574E-10  1.784088E-10
  6.000000E-01     4     4  7.102651E+06  2.374205E+06
  6.000000E-01     4     5  2.998404E-09  8.595426E-09
  6.000000E-01     4     6 -2.280713E+06 -7.309105E+05
  6.000000E-01     5     1  7.990991E+04  1.934161E+05
  6.000000E-01     5     2 -2.322920E-10 -4.711848E-11
  6.000000E-01     5     3 -1.050030E+06 -1.050530E+06
  6.000000E-01     5     4  2.216406E-09  1.935286E-10
  6.000000E-01     5     5  2.288655E+08  1.474261E+08
  6.000000E-01     5     6  1.371514E-08  2.335500E-09
  6.000000E-01     6     1  1.564508E-11 -9.417337E-11
  6.000000E-01     6     2  6.708775E+04  2.031759E+04
  6.000000E-01     6     3  8.768061E-11  2.934991E-10
  6.000000E-01     6     4 -2.426627E+06 -7.916959E+05
  6.000000E-01     6     5 -4.798174E-08 -3.216470E-08
  6.000000E-01     6     6  1.242191E+07  2.394986E+06
  7.000000E-01     1     1  1.690141E+03  6.250854E+02
  7.000000E-01     1     2 -2.244899E-12  2.215745E-12
  7.000000E-01     1     3  3.577553E-11  1.033845E-11
  7.000000E-01     1     4  1.722379E-10 -5.078466E-11
  7.000000E-01     1     5  5.938611E+04  2.042549E+05
  7.000000E-01     1     6 -1.423106E-10  2.190393E-11
  7.000000E-01     2     1 -1.059118E-12 -9.408675E-13
  7.000000E-01     2     2  5.166073E+03  2.162352E+03
  7.000000E-01     2     3 -4.858033E-13 -6.462166E-12
  7.000000E-01     2     4 -1.861522E+05 -8.481820E+04
  7.000000E-01     2     5  1.111397E-09 -1.359666E-10
  7.000000E-01     2     6  6.199288E+04  2.594822E+04
  7.000000E-01     3     1 -1.566106E-12  5.653444E-13
  7.000000E-01     3     2 -5.785274E-13  1.302447E-12
  7.000000E-01     3     3  7.703069E+04  7.497399E+04
  7.000000E-01     3     4  9.580129E-11 -5.267083E-11
  7.000000E-01     3     5 -9.243682E+05 -8.996879E+05
  7.000000E-01     3     6  1.692281E-11  3.221906E-10
  7.000000E-01     4     1  2.711625E-12  1.739131E-11
  7.000000E-01     4     2 -1.749996E+05 -7.796981E+04
  7.000000E-01     4     3  3.857890E-10  9.418689E-11
  7.000000E-01     4     4  6.533181E+06  3.059207E+06
  7.000000E-01     4     5 -1.876456E-08 -1.266858E-09
  7.000000E-01     4     6 -2.099995E+06 -9.356377E+05
  7.000000E-01     5     1  3.773308E+04  1.622905E+05
  7.000000E-01     5     2  3.571342E-11 -6.122199E-11
  7.000000E-01     5     3 -9.243682E+05 -8.996879E+05
  7.000000E-01     5     4 -7.330219E-09  5.049667E-09
  7.000000E-01     5     5  1.881269E+08  1.405652E+08
  7.000000E-01     5     6  1.139695E-08 -4.248470E-09
  7.000000E-01     6     1  4.670810E-11 -5.106860E-11
  7.000000E-01     6     2  6.199288E+04  2.594822E+04
  7.000000E-01     6     3 -5.038370E-10  2.721766E-10
  7.000000E-01     6     4 -2.233826E+06 -1.017818E+06
  7.000000E-01     6     5  1.663842E-08  1.672876E-08
  7.000000E-01     6     6  1.171145E+07  3.887382E+06
  8.000000E-01     1     1  1.654183E+03  8.750057E+02
  8.000000E-01     1     2  1.135759E-13 -7.852710E-13
  8.000000E-01     1     3 -7.004440E-12  1.644189E-11
  8.000000E-01     1     4  1.336221E-10 -3.918369E-11
  8.000000E-01     1     5  2.913928E+04  1.904874E+05
  8.000000E-01     1     6  7.496011E-11 -4.720499E-11
  8.000000E-01     2     1  1.738078E-12 -1.619067E-12
  8.000000E-01     2     2  4.664229E+03  2.431687E+03
  8.000000E-01     2     3 -1.451332E-11 -2.397184E-11
  8.000000E-01     2     4 -1.668270E+05 -9.606107E+04
  8.000000E-01     2     5 -2.524225E-10 -1.988998E-10
  8.000000E-01     2     6  5.597075E+04  2.918024E+04
  8.000000E-01     3     1 -3.437890E-12  2.844944E-12
  8.000000E-01     3     2  2.009761E-12  8.967396E-12
  8.000000E-01     3     3  7.110424E+04  6.547172E+04
  8.000000E-01     3     4  2.160214E-10 -2.442237E-10
  8.000000E-01     3     5 -8.532509E+05 -7.856606E+05
  8.000000E-01     3     6 -1.030134E-10  1.415440E-10
  8.000000E-01     4     1 -3.191129E-11  1.971607E-11
  8.000000E-01     4     2 -1.571320E+05 -8.797034E+04
  8.000000E-01     4     3  1.494943E-10  4.434430E-10
  8.000000E-01     4     4  5.845693E+06  3.475950E+06
  8.000000E-01     4     5  1.479213E-09 -3.180126E-11
  8.000000E-01     4     6 -1.885584E+06 -1.055644E+06
  8.000000E-01     5     1  1.782263E+04  1.481527E+05
  8.000000E-01     5     2 -1.151056E-10  2.429859E-10
  8.000000E-01     5     3 -8.532509E+05 -7.856606E+05
  8.000000E-01     5     4 -4.614505E-09  3.680570E-10
  8.000000E-01     5     5  1.638162E+08  1.232906E+08
  8.000000E-01     5     6 -4.940439E-09  1.166258E-08
  8.000000E-01     6     1  4.574270E-11 -5.742683E-11
  8.000000E-01     6     2  5.597075E+04  2.918024E+04
  8.000000E-01     6     3  9.618301E-10 -1.558830E-10
  8.000000E-01     6     4 -2.001925E+06 -1.152733E+06
  8.000000E-01     6     5 -7.305203E-10 -6.142186E-09
  8.000000E-01     6     6  1.063111E+07  4.622472E+06
  9.000000E-01     1     1  1.525481E+03  1.133466E+03
  9.000000E-01     1     2  3.566994E-13  1.309278E-12
  9.000000E-01     1     3 -8.321655E-12  2.303067E-11
  9.000000E-01     1     4  2.169300E-11  1.968649E-11
  9.000000E-01     1     5 -7.954436E+03  1.797802E+05
  9.000000E-01     1     6 -1.533275E-12  8.467716E-11
  9.000000E-01     2     1  1.028727E-12  1.893179E-12
  9.000000E-01     2     2  4.178569E+03  2.502718E+03
  9.000000E-01     2     3 -1.446917E-11  1.770680E-12
  9.000000E-01     2     4 -1.478541E+05 -9.957334E+04
  9.000000E-01     2     5 -1.567916E-10  1.615302E-11
  9.000000E-01     2     6  5.014283E+04  3.003262E+04
  9.000000E-01     3     1 -8.897964E-12 -7.511588E-12
  9.000000E-01     3     2  1.401953E-13  8.234254E-12
  9.000000E-01     3     3  6.722573E+04  5.754190E+04
  9.000000E-01     3     4 -7.521566E-11  1.111151E-10
  9.000000E-01     3     5 -8.067087E+05 -6.905028E+05
  9.000000E-01     3     6  3.231235E-11  4.288122E-10
  9.000000E-01     4     1 -2.606390E-11 -4.071381E-11
  9.000000E-01     4     2 -1.397370E+05 -9.091794E+04
  9.000000E-01     4     3  6.373029E-11 -1.121878E-10
  9.000000E-01     4     4  5.166851E+06  3.617969E+06
  9.000000E-01     4     5 -5.751485E-09  1.081445E-08
  9.000000E-01     4     6 -1.676844E+06 -1.091015E+06
  9.000000E-01     5     1 -6.814943E+03  1.319853E+05
  9.000000E-01     5     2 -2.276230E-10  1.250952E-10
  9.000000E-01     5     3 -8.067087E+05 -6.905028E+05
  9.000000E-01     5     4 -1.722663E-09 -1.183461E-08
  9.000000E-01     5     5  1.509880E+08  1.078966E+08
  9.000000E-01     5     6  9.429329E-09  1.374837E-09
  9.000000E-01     6     1  3.256790E-11 -1.731086E-10
  9.000000E-01     6     2  5.014283E+04  3.003262E+04
  9.000000E-01     6     3 -2.495831E-10 -1.250471E-09
  9.000000E-01     6     4 -1.774249E+06 -1.194880E+06
  9.000000E-01     6     5 -1.001756E-07  3.518935E-08
  9.000000E-01     6     6  9.621226E+06  4.967059E+06
  1.000000E+00     1     1  1.271030E+03  1.354425E+03
  1.000000E+00     1     2 -9.322099E-12 -3.002663E-12
  1.000000E+00     1     3  4.568237E-11  1.320782E-10
  1.000000E+00     1     4 -2.345627E-10  2.189744E-10
  1.000000E+00     1     5 -4.068969E+04  1.524869E+05
  1.000000E+00     1     6 -6.785594E-10  3.655441E-09
  1.000000E+00     2     1 -4.335961E-12  8.604042E-12
  1.000000E+00     2     2  3.787127E+03  2.454284E+03
  1.000000E+00     2     3  4.305149E-11 -2.601510E-11
  1.000000E+00     2     4 -1.323852E+05 -9.834078E+04
  1.000000E+00     2     5  3.759363E-09  7.360572E-09
  1.000000E+00     2     6  4.544552E+04  2.945141E+04
  1.000000E+00     3     1 -3.028129E-11 -1.036025E-11
  1.000000E+00     3     2 -1.712867E-11  5.149248E-11
  1.000000E+00     3     3  6.535429E+04  5.076324E+04
  1.000000E+00     3     4 -2.568207E-09 -3.113712E-09
  1.000000E+00     3     5 -7.842515E+05 -6.091588E+05
  1.000000E+00     3     6 -1.946294E-09 -2.493105E-09
  1.000000E+00     4     1  7.119081E-11 -9.122986E-11
  1.000000E+00     4     2 -1.256469E+05 -8.962823E+04
  1.000000E+00     4     3 -1.686035E-10 -1.626975E-10
  1.000000E+00     4     4  4.610908E+06  3.592056E+06
  1.000000E+00     4     5 -5.823810E-08 -1.479431E-07
  1.000000E+00     4     6 -1.507763E+06 -1.075539E+06
  1.000000E+00     5     1 -2.328208E+04  1.120927E+05
  1.000000E+00     5     2 -1.111809E-09  3.580233E-10
  1.000000E+00     5     3 -7.842515E+05 -6.091588E+05
  1.000000E+00     5     4  1.090432E-07  6.320125E-08
  1.000000E+00     5     5  1.432833E+08  9.469144E+07
  1.000000E+00     5     6 -7.044403E-07 -2.657525E-07
  1.000000E+00     6     1 -1.079149E-10 -4.245752E-10
  1.000000E+00     6     2  4.544552E+04  2.945141E+04
  1.000000E+00     6     3 -4.013972E-09  1.559397E-10
  1.000000E+00     6     4 -1.588623E+06 -1.180089E+06
  1.000000E+00     6     5 -1.848898E-07  2.139225E-08
  1.000000E+00     6     6  8.696427E+06  4.960358E+06
  1.100000E+00     1     1  9.402556E+02  1.447125E+03
  1.100000E+00     1     2 -9.161052E-12 -4.054209E-12
  1.100000E+00     1     3 -9.266198E-12  6.537069E-11
  1.100000E+00     1     4 -7.441495E-10  7.343716E-10
  1.100000E+00     1     5 -6.054057E+04  1.181913E+05
  1.100000E+00     1     6  4.623960E-10  7.650887E-10
  1.100000E+00     2     1 -2.602929E-12  3.173048E-12
  1.100000E+00     2     2  3.484493E+03  2.343794E+03
  1.100000E+00     2     3  4.243880E-11 -6.168592E-11
  1.100000E+00     2     4 -1.202556E+05 -9.455874E+04
  1.100000E+00     2     5 -2.056860E-09  1.542413E-09
  1.100000E+00     2     6  4.181392E+04  2.812553E+04
  1.100000E+00     3     1  1.424890E-11  9.692673E-12
  1.100000E+00     3     2 -1.075684E-10  1.379084E-10
  1.100000E+00     3     3  6.483304E+04  4.529679E+04
  1.100000E+00     3     4 -2.124409E-09  1.265675E-09
  1.100000E+00     3     5 -7.779965E+05 -5.435615E+05
  1.100000E+00     3     6  2.201158E-09 -3.126797E-09
  1.100000E+00     4     1 -2.953684E-11 -9.903691E-11
  1.100000E+00     4     2 -1.145991E+05 -8.614133E+04
  1.100000E+00     4     3 -2.397872E-10  5.193001E-10
  1.100000E+00     4     4  4.169012E+06  3.476302E+06
  1.100000E+00     4     5  5.128907E-08  3.586521E-08
  1.100000E+00     4     6 -1.375190E+06 -1.033696E+06
  1.100000E+00     5     1 -3.446147E+04  9.056544E+04
  1.100000E+00     5     2  9.019258E-09 -9.789544E-09
  1.100000E+00     5     3 -7.779965E+05 -5.435615E+05
  1.100000E+00     5     4  1.916708E-07 -1.946696E-07
  1.100000E+00     5     5  1.402105E+08  8.344553E+07
  1.100000E+00     5     6 -4.137419E-08  2.005411E-07
  1.100000E+00     6     1  3.451750E-10  5.048192E-10
  1.100000E+00     6     2  4.181392E+04  2.812553E+04
  1.100000E+00     6     3  1.541225E-09 -5.301827E-09
  1.100000E+00     6     4 -1.443068E+06 -1.134705E+06
  1.100000E+00     6     5  2.309998E-08  2.065017E-08
  1.100000E+00     6     6  8.012680E+06  4.752096E+06
  1.200000E+00     1     1  6.204280E+02  1.400756E+03
  1.200000E+00     1     2  4.071763E-12 -6.758359E-13
  1.200000E+00     1     3  2.246097E-11  3.623190E-12
  1.200000E+00     1     4 -1.283763E-10 -7.817809E-11
  1.200000E+00     1     5 -6.288148E+04  8.370457E+04
  1.200000E+00     1     6 -5.253383E-10  6.830645E-10
  1.200000E+00     2     1 -3.773738E-12 -1.631545E-12
  1.200000E+00     2     2  3.269359E+03  2.205059E+03
  1.200000E+00     2     3  3.455193E-12  1.782684E-11
  1.200000E+00     2     4 -1.115009E+05 -8.954388E+04
  1.200000E+00     2     5 -2.405084E-09  2.658765E-09
  1.200000E+00     2     6  3.923231E+04  2.646071E+04
  1.200000E+00     3     1 -3.077331E-11  4.500982E-11
  1.200000E+00     3     2  7.072142E-11  5.951866E-11
  1.200000E+00     3     3  6.538459E+04  4.090725E+04
  1.200000E+00     3     4 -1.474329E-09  9.968417E-10
  1.200000E+00     3     5 -7.846151E+05 -4.908870E+05
  1.200000E+00     3     6 -3.626366E-09  2.911566E-09
  1.200000E+00     4     1  6.019524E-12 -2.356523E-10
  1.200000E+00     4     2 -1.065846E+05 -8.166117E+04
  1.200000E+00     4     3  3.729691E-10 -1.312748E-09
  1.200000E+00     4     4  3.843874E+06  3.317717E+06
  1.200000E+00     4     5  2.767618E-08 -7.997562E-08
  1.200000E+00     4     6 -1.279015E+06 -9.799340E+05
  1.200000E+00     5     1 -3.815007E+04  6.957645E+04
  1.200000E+00     5     2 -1.050407E-09 -7.108633E-10
  1.200000E+00     5     3 -7.846151E+05 -4.908870E+05
  1.200000E+00     5     4 -6.886141E-08 -1.725340E-07
  1.200000E+00     5     5  1.396075E+08  7.477508E+07
  1.200000E+00     5     6 -3.966290E-08 -8.716810E-09
  1.200000E+00     6     1  3.830313E-10  2.201717E-11
  1.200000E+00     6     2  3.923231E+04  2.646071E+04
  1.200000E+00     6     3 -2.710205E-11  1.557315E-09
  1.200000E+00     6     4 -1.338011E+06 -1.074527E+06
  1.200000E+00     6     5  4.678942E-08  8.880123E-08
  1.200000E+00     6     6  7.534114E+06  4.457846E+06
  1.300000E+00     1     1  3.805278E+02  1.257520E+03
  1.300000E+00     1     2  3.236027E-12 -1.236776E-12
  1.300000E+00     1     3 -4.516861E-12 -7.584469E-12
  1.300000E+00     1     4 -7.188557E-11  5.329332E-12
  1.300000E+00     1     5 -5.481583E+04  5.899181E+04
  1.300000E+00     1     6 -2.711625E-12  3.197599E-11
  1.300000E+00     2     1  4.090508E-13 -2.939434E-12
  1.300000E+00     2     2  3.129676E+03  2.063711E+03
  1.300000E+00     2     3  3.885982E-11 -1.560372E-11
  1.300000E+00     2     4 -1.056982E+05 -8.431026E+04
  1.300000E+00     2     5 -4.824421E-10 -1.493436E-09
  1.300000E+00     2     6  3.755612E+04  2.476453E+04
  1.300000E+00     3     1 -3.285938E-12  1.544076E-11
  1.300000E+00     3     2  8.719792E-11 -1.600711E-11
  1.300000E+00     3     3  6.667085E+04  3.750878E+04
  1.300000E+00     3     4 -2.113762E-09  1.694859E-09
  1.300000E+00     3     5 -8.000502E+05 -4.501053E+05
  1.300000E+00     3     6  1.804097E-09  7.952499E-10
  1.300000E+00     4     1 -3.060161E-11  6.261692E-12
  1.300000E+00     4     2 -1.011269E+05 -7.708418E+04
  1.300000E+00     4     3 -5.499914E-10  2.797899E-10
  1.300000E+00     4     4  3.618186E+06  3.151647E+06
  1.300000E+00     4     5 -1.894265E-08  3.637505E-08
  1.300000E+00     4     6 -1.213522E+06 -9.250101E+05
  1.300000E+00     5     1 -3.590414E+04  5.186165E+04
  1.300000E+00     5     2 -2.838359E-09  2.675678E-09
  1.300000E+00     5     3 -8.000502E+05 -4.501053E+05
  1.300000E+00     5     4  3.978908E-08 -6.259200E-08
  1.300000E+00     5     5  1.406479E+08  6.807710E+07
  1.300000E+00     5     6  1.044466E-08 -3.456299E-08
  1.300000E+00     6     1 -3.905849E-10  4.820424E-11
  1.300000E+00     6     2  3.755612E+04  2.476453E+04
  1.300000E+00     6     3  5.779098E-10  7.046949E-10
  1.300000E+00     6     4 -1.268378E+06 -1.011723E+06
  1.300000E+00     6     5 -9.751129E-08 -2.672704E-08
  1.300000E+00     6     6  7.266690E+06  4.165652E+06
  1.400000E+00     1     1  2.389635E+02  1.082601E+03
  1.400000E+00     1     2 -1.322538E-12 -4.427053E-12
  1.400000E+00     1     3  2.158209E-11  1.165421E-11
  1.400000E+00     1     4 -3.776666E-11  1.548689E-10
  1.400000E+00     1     5 -4.420563E+04  4.500430E+04
  1.400000E+00     1     6  3.450366E-10 -8.761571E-12
  1.400000E+00     2     1 -6.232812E-13  2.108138E-12
  1.400000E+00     2     2  3.056349E+03  1.939096E+03
  1.400000E+00     2     3 -1.031123E-11 -1.962861E-12
  1.400000E+00     2     4 -1.025368E+05 -7.965255E+04
  1.400000E+00     2     5 -1.036778E-09 -3.737459E-10
  1.400000E+00     2     6  3.667619E+04  2.326916E+04
  1.400000E+00     3     1  2.007188E-11 -1.162513E-11
  1.400000E+00     3     2 -1.450267E-11 -4.759795E-13
  1.400000E+00     3     3  6.845229E+04  3.499229E+04
  1.400000E+00     3     4  8.245612E-10 -3.660795E-10
  1.400000E+00     3     5 -8.214275E+05 -4.199075E+05
  1.400000E+00     3     6  1.649520E-09  5.179468E-10
  1.400000E+00     4     1 -8.081637E-12 -7.576249E-11
  1.400000E+00     4     2 -9.786084E+04 -7.310238E+04
  1.400000E+00     4     3  3.107721E-11  5.713680E-10
  1.400000E+00     4     4  3.478920E+06  3.006401E+06
  1.400000E+00     4     5  4.221390E-09  2.449086E-08
  1.400000E+00     4     6 -1.174330E+06 -8.772286E+05
  1.400000E+00     5     1 -3.053501E+04  3.927850E+04
  1.400000E+00     5     2  3.360306E-10  1.538329E-09
  1.400000E+00     5     3 -8.214275E+05 -4.199075E+05
  1.400000E+00     5     4 -3.283290E-08 -4.151115E-08
  1.400000E+00     5     5  1.424695E+08  6.280587E+07
  1.400000E+00     5     6  5.235044E-08  2.355492E-08
  1.400000E+00     6     1  2.592016E-10  1.377007E-10
  1.400000E+00     6     2  3.667619E+04  2.326916E+04
  1.400000E+00     6     3 -7.774272E-11 -4.625785E-10
  1.400000E+00     6     4 -1.230442E+06 -9.558306E+05
  1.400000E+00     6     5  1.075791E-09  5.067433E-09
  1.400000E+00     6     6  7.138664E+06  3.940241E+06
  1.500000E+00     1     1  1.742956E+02  9.283949E+02
  1.500000E+00     1     2  1.982033E-13 -3.696541E-12
  1.500000E+00     1     3  1.032121E-11  4.375039E-12
  1.500000E+00     1     4 -5.695389E-11  1.194440E-10
  1.500000E+00     1     5 -3.686264E+04  3.746546E+04
  1.500000E+00     1     6 -4.117127E-12 -1.025212E-10
  1.500000E+00     2     1 -4.940664E-13  6.422659E-13
  1.500000E+00     2     2  3.034515E+03  1.842108E+03
  1.500000E+00     2     3  1.460027E-11 -8.414083E-12
  1.500000E+00     2     4 -1.014431E+05 -7.603514E+04
  1.500000E+00     2     5 -6.818531E-10  4.899665E-10
  1.500000E+00     2     6  3.641418E+04  2.210530E+04
  1.500000E+00     3     1  2.562823E-11 -1.725156E-11
  1.500000E+00     3     2  1.328128E-11  6.937004E-12
  1.500000E+00     3     3  7.027318E+04  3.324006E+04
  1.500000E+00     3     4 -2.008278E-09 -2.104562E-10
  1.500000E+00     3     5 -8.432782E+05 -3.988807E+05
  1.500000E+00     3     6  2.624399E-09  2.796580E-09
  1.500000E+00     4     1  2.889265E-11  2.058800E-11
  1.500000E+00     4     2 -9.622577E+04 -7.004553E+04
  1.500000E+00     4     3 -9.942578E-10  3.532211E-11
  1.500000E+00     4     4  3.404365E+06  2.895852E+06
  1.500000E+00     4     5  3.404188E-08 -1.453772E-09
  1.500000E+00     4     6 -1.154709E+06 -8.405464E+05
  1.500000E+00     5     1 -2.514480E+04  3.107605E+04
  1.500000E+00     5     2  4.020777E-10  2.876612E-09
  1.500000E+00     5     3 -8.432782E+05 -3.988807E+05
  1.500000E+00     5     4  3.203082E-08 -1.431236E-07
  1.500000E+00     5     5  1.445509E+08  5.876184E+07
  1.500000E+00     5     6 -1.287495E-08  4.254653E-08
  1.500000E+00     6     1 -1.534837E-10  2.230158E-10
  1.500000E+00     6     2  3.641418E+04  2.210530E+04
  1.500000E+00     6     3  4.021723E-10 -8.522737E-10
  1.500000E+00     6     4 -1.217317E+06 -9.124217E+05
  1.500000E+00     6     5 -7.207982E-09 -9.203345E-08
  1.500000E+00     6     6  7.085584E+06  3.796468E+06
  1.600000E+00     1     1  1.446789E+02  8.144592E+02
  1.600000E+00     1     2 -1.736137E-12 -1.385316E-12
  1.600000E+00     1     3  2.195387E-11 -1.961847E-11
  1.600000E+00     1     4  1.502836E-10  4.039044E-11
  1.600000E+00     1     5 -3.345063E+04  3.074149E+04
  1.600000E+00     1     6 -5.996099E-11  1.606389E-10
  1.600000E+00     2     1  4.933454E-12  4.088359E-12
  1.600000E+00     2     2  3.050027E+03  1.777218E+03
  1.600000E+00     2     3 -1.036582E-10  4.325424E-11
  1.600000E+00     2     4 -1.018469E+05 -7.365678E+04
  1.600000E+00     2     5  3.792016E-10 -5.421831E-10
  1.600000E+00     2     6  3.660033E+04  2.132661E+04
  1.600000E+00     3     1 -4.832367E-11  8.228431E-12
  1.600000E+00     3     2 -3.472051E-10  1.119793E-10
  1.600000E+00     3     3  7.153828E+04  3.210217E+04
  1.600000E+00     3     4  1.302189E-08 -3.239629E-09
  1.600000E+00     3     5 -8.584594E+05 -3.852261E+05
  1.600000E+00     3     6 -1.887859E-09 -4.192833E-09
  1.600000E+00     4     1 -9.203554E-11 -1.092059E-10
  1.600000E+00     4     2 -9.573335E+04 -6.800762E+04
  1.600000E+00     4     3  3.067061E-09 -1.013807E-09
  1.600000E+00     4     4  3.375046E+06  2.824195E+06
  1.600000E+00     4     5 -1.481030E-08  4.588467E-09
  1.600000E+00     4     6 -1.148800E+06 -8.160914E+05
  1.600000E+00     5     1 -2.100033E+04  2.510636E+04
  1.600000E+00     5     2  4.447780E-09  4.294047E-09
  1.600000E+00     5     3 -8.584594E+05 -3.852261E+05
  1.600000E+00     5     4 -1.830450E-07 -1.280975E-07
  1.600000E+00     5     5  1.462863E+08  5.594900E+07
  1.600000E+00     5     6  1.269269E-07  1.411129E-07
  1.600000E+00     6     1  2.328377E-10  1.320231E-10
  1.600000E+00     6     2  3.660033E+04  2.132661E+04
  1.600000E+00     6     3 -1.331962E-10 -1.164508E-10
  1.600000E+00     6     4 -1.222163E+06 -8.838814E+05
  1.600000E+00     6     5 -2.989318E-09  3.825237E-09
  1.600000E+00     6     6  7.079156E+06  3.702287E+06
  1.700000E+00     1     1  1.193704E+02  7.265324E+02
  1.700000E+00     1     2 -1.264863E-12  6.296783E-12
  1.700000E+00     1     3  2.107100E-11 -1.324287E-11
  1.700000E+00     1     4  9.166287E-11 -3.295038E-10
  1.700000E+00     1     5 -3.004289E+04  2.255271E+04
  1.700000E+00     1     6 -1.285821E-10  3.623072E-10
  1.700000E+00     2     1 -2.277231E-12 -3.014659E-12
  1.700000E+00     2     2  3.091183E+03  1.746441E+03
  1.700000E+00     2     3  4.713423E-11  5.315729E-11
  1.700000E+00     2     4 -1.032846E+05 -7.261726E+04
  1.700000E+00     2     5 -2.121456E-09 -1.491786E-09
  1.700000E+00     2     6  3.709420E+04  2.095729E+04
  1.700000E+00     3     1 -3.465752E-11  1.136477E-11
  1.700000E+00     3     2 -1.294144E-11  2.049189E-10
  1.700000E+00     3     3  7.206656E+04  3.151284E+04
  1.700000E+00     3     4  1.693559E-09 -8.752645E-09
  1.700000E+00     3     5 -8.647987E+05 -3.781541E+05
  1.700000E+00     3     6 -3.640137E-09  5.360249E-09
  1.700000E+00     4     1  4.933809E-11  8.704112E-11
  1.700000E+00     4     2 -9.604312E+04 -6.702710E+04
  1.700000E+00     4     3 -2.451110E-10 -1.464328E-09
  1.700000E+00     4     4  3.377724E+06  2.793578E+06
  1.700000E+00     4     5  4.714400E-08  4.490231E-08
  1.700000E+00     4     6 -1.152517E+06 -8.043253E+05
  1.700000E+00     5     1 -1.754041E+04  1.990133E+04
  1.700000E+00     5     2 -4.566996E-09 -3.708661E-09
  1.700000E+00     5     3 -8.647987E+05 -3.781541E+05
  1.700000E+00     5     4  8.114443E-08  2.054790E-07
  1.700000E+00     5     5  1.473959E+08  5.453499E+07
  1.700000E+00     5     6 -1.186926E-07  3.895784E-08
  1.700000E+00     6     1  1.411003E-10  1.516573E-10
  1.700000E+00     6     2  3.709420E+04  2.095729E+04
  1.700000E+00     6     3 -4.662292E-10 -5.991798E-10
  1.700000E+00     6     4 -1.239416E+06 -8.714071E+05
  1.700000E+00     6     5 -3.372205E-08  8.352774E-08
  1.700000E+00     6     6  7.124339E+06  3.641577E+06
  1.800000E+00     1     1  9.558157E+01  6.446134E+02
  1.800000E+00     1     2 -1.655280E-12  5.906540E-12
  1.800000E+00     1     3  1.053239E-12 -6.773148E-12
  1.800000E+00     1     4  3.359008E-11 -2.526749E-10
  1.800000E+00     1     5 -2.449521E+04  1.553199E+04
  1.800000E+00     1     6 -1.125537E-10 -5.762716E-10
  1.800000E+00     2     1  7.777455E-12  2.459063E-12
  1.800000E+00     2     2  3.146307E+03  1.755015E+03
  1.800000E+00     2     3  1.490456E-10  4.257125E-12
  1.800000E+00     2     4 -1.052917E+05 -7.317256E+04
  1.800000E+00     2     5 -3.262383E-09 -2.364398E-09
  1.800000E+00     2     6  3.775569E+04  2.106018E+04
  1.800000E+00     3     1 -9.344659E-11  6.717541E-11
  1.800000E+00     3     2  1.849704E-10 -6.998525E-11
  1.800000E+00     3     3  7.236788E+04  3.170671E+04
  1.800000E+00     3     4 -5.945515E-09  5.533104E-09
  1.800000E+00     3     5 -8.684146E+05 -3.804805E+05
  1.800000E+00     3     6  3.242877E-09 -9.452356E-10
  1.800000E+00     4     1 -2.322823E-10 -8.598262E-11
  1.800000E+00     4     2 -9.685136E+04 -6.728705E+04
  1.800000E+00     4     3 -4.364552E-09 -1.035434E-09
  1.800000E+00     4     4  3.400502E+06  2.812876E+06
  1.800000E+00     4     5  9.776252E-08  8.608146E-08
  1.800000E+00     4     6 -1.162216E+06 -8.074446E+05
  1.800000E+00     5     1 -1.396465E+04  1.529447E+04
  1.800000E+00     5     2 -5.033164E-10 -1.170725E-09
  1.800000E+00     5     3 -8.684146E+05 -3.804805E+05
  1.800000E+00     5     4  8.502181E-08 -1.005044E-08
  1.800000E+00     5     5  1.483939E+08  5.471116E+07
  1.800000E+00     5     6  3.831652E-07  2.872417E-07
  1.800000E+00     6     1 -3.166106E-11  1.571843E-10
  1.800000E+00     6     2  3.775569E+04  2.106018E+04
  1.800000E+00     6     3 -1.162975E-09 -1.382124E-09
  1.800000E+00     6     4 -1.263501E+06 -8.780707E+05
  1.800000E+00     6     5  1.818087E-07 -1.063999E-07
  1.800000E+00     6     6  7.226210E+06  3.643360E+06
  1.900000E+00     1     1  8.322427E+01  5.643552E+02
  1.900000E+00     1     2  1.605591E-12 -3.866812E-12
  1.900000E+00     1     3 -2.086780E-11  2.998180E-12
  1.900000E+00     1     4 -9.370014E-13  1.861151E-10
  1.900000E+00     1     5 -1.874469E+04  1.172219E+04
  1.900000E+00     1     6 -3.857890E-10 -4.911262E-10
  1.900000E+00     2     1  6.630078E-12  4.658789E-12
  1.900000E+00     2     2  3.204885E+03  1.813981E+03
  1.900000E+00     2     3 -1.254550E-10 -1.750666E-11
  1.900000E+00     2     4 -1.074349E+05 -7.582620E+04
  1.900000E+00     2     5  3.732644E-09  4.252581E-09
  1.900000E+00     2     6  3.845862E+04  2.176777E+04
  1.900000E+00     3     1 -1.304315E-11  1.146178E-11
  1.900000E+00     3     2 -4.647762E-10  1.040695E-10
  1.900000E+00     3     3  7.289298E+04  3.311700E+04
  1.900000E+00     3     4  1.785770E-08 -1.212154E-09
  1.900000E+00     3     5 -8.747158E+05 -3.974040E+05
  1.900000E+00     3     6 -8.402063E-10  1.072749E-08
  1.900000E+00     4     1 -1.923763E-10 -1.418975E-10
  1.900000E+00     4     2 -9.786295E+04 -6.919174E+04
  1.900000E+00     4     3  3.709943E-09  1.249933E-09
  1.900000E+00     4     4  3.431247E+06  2.900269E+06
  1.900000E+00     4     5 -1.058028E-07 -1.366354E-07
  1.900000E+00     4     6 -1.174355E+06 -8.303008E+05
  1.900000E+00     5     1 -1.021783E+04  1.182130E+04
  1.900000E+00     5     2  4.282970E-09 -1.331457E-09
  1.900000E+00     5     3 -8.747158E+05 -3.974040E+05
  1.900000E+00     5     4 -1.940502E-07  2.976994E-08
  1.900000E+00     5     5  1.498767E+08  5.677966E+07
  1.900000E+00     5     6  2.368470E-07 -6.077533E-07
  1.900000E+00     6     1  1.261616E-10  4.139544E-12
  1.900000E+00     6     2  3.845862E+04  2.176777E+04
  1.900000E+00     6     3 -1.229914E-09  1.455655E-09
  1.900000E+00     6     4 -1.289219E+06 -9.099144E+05
  1.900000E+00     6     5  2.421766E-07  1.233411E-08
  1.900000E+00     6     6  7.358326E+06  3.758518E+06
  2.000000E+00     1     1  8.430522E+01  4.942114E+02
  2.000000E+00     1     2 -3.425689E-12 -1.354482E-12
  2.000000E+00     1     3 -1.930791E-12  1.275600E-11
  2.000000E+00     1     4  1.507365E-10  7.859454E-11
  2.000000E+00     1     5 -1.501679E+04  9.699709E+03
  2.000000E+00     1     6  6.715176E-11  5.712869E-11
  2.000000E+00     2     1 -1.401065E-12 -5.318866E-12
  2.000000E+00     2     2  3.258975E+03  1.940720E+03
  2.000000E+00     2     3  4.592933E-10 -5.514067E-11
  2.000000E+00     2     4 -1.093854E+05 -8.132764E+04
  2.000000E+00     2     5 -1.490145E-09 -2.594074E-10
  2.000000E+00     2     6  3.910770E+04  2.328864E+04
  2.000000E+00     3     1  9.660054E-11  3.062097E-11
  2.000000E+00     3     2  7.596878E-10 -1.821674E-10
  2.000000E+00     3     3  7.334307E+04  3.611268E+04
  2.000000E+00     3     4 -3.115497E-08  3.925468E-09
  2.000000E+00     3     5 -8.801169E+05 -4.333522E+05
  2.000000E+00     3     6  8.245640E-09 -2.203941E-09
  2.000000E+00     4     1 -2.518191E-12  1.887197E-10
  2.000000E+00     4     2 -9.876079E+04 -7.334244E+04
  2.000000E+00     4     3 -1.318876E-08 -1.157623E-10
  2.000000E+00     4     4  3.456821E+06  3.081577E+06
  2.000000E+00     4     5  3.658235E-08  1.189912E-08
  2.000000E+00     4     6 -1.185129E+06 -8.801092E+05
  2.000000E+00     5     1 -6.951124E+03  9.450678E+03
  2.000000E+00     5     2 -4.795312E-09  1.612883E-09
  2.000000E+00     5     3 -8.801169E+05 -4.333522E+05
  2.000000E+00     5     4  1.946660E-07 -8.032332E-08
  2.000000E+00     5     5  1.516244E+08  6.127182E+07
  2.000000E+00     5     6  2.559244E-07  1.225816E-07
  2.000000E+00     6     1 -1.162521E-10  2.356487E-10
  2.000000E+00     6     2  3.910770E+04  2.328864E+04
  2.000000E+00     6     3  5.000208E-09 -3.051302E-09
  2.000000E+00     6     4 -1.312625E+06 -9.759317E+05
  2.000000E+00     6     5  3.618256E-08  4.721124E-09
  2.000000E+00     6     6  7.486008E+06  4.021047E+06
  2.100000E+00     1     1  8.991387E+01  4.370152E+02
  2.100000E+00     1     2  7.738691E-12 -3.370940E-12
  2.100000E+00     1     3  2.433009E-12  1.360038E-11
  2.100000E+00     1     4 -3.015441E-10  1.137111E-10
  2.100000E+00     1     5 -1.248689E+04  7.222991E+03
  2.100000E+00     1     6 -1.639752E-10 -1.438628E-11
  2.100000E+00     2     1 -2.642248E-13 -1.433649E-11
  2.100000E+00     2     2  3.285101E+03  2.159591E+03
  2.100000E+00     2     3  2.348555E-10 -5.117677E-12
  2.100000E+00     2     4 -1.101747E+05 -9.070666E+04
  2.100000E+00     2     5  8.162702E-10 -4.826923E-09
  2.100000E+00     2     6  3.942121E+04  2.591509E+04
  2.100000E+00     3     1 -1.078017E-10  1.116164E-10
  2.100000E+00     3     2  1.856900E-10  1.391601E-10
  2.100000E+00     3     3  7.265788E+04  4.083371E+04
  2.100000E+00     3     4 -1.138702E-08 -7.509261E-09
  2.100000E+00     3     5 -8.718946E+05 -4.900045E+05
  2.100000E+00     3     6  1.503353E-08 -5.718331E-09
  2.100000E+00     4     1 -3.669567E-11  4.605563E-10
  2.100000E+00     4     2 -9.863385E+04 -8.049468E+04
  2.100000E+00     4     3 -7.010076E-09 -6.957607E-10
  2.100000E+00     4     4  3.439434E+06  3.388754E+06
  2.100000E+00     4     5 -3.078271E-08  1.235291E-07
  2.100000E+00     4     6 -1.183606E+06 -9.659361E+05
  2.100000E+00     5     1 -4.213134E+03  7.558048E+03
  2.100000E+00     5     2 -5.704628E-09 -9.656168E-10
  2.100000E+00     5     3 -8.718946E+05 -4.900045E+05
  2.100000E+00     5     4  1.571544E-07  7.624586E-08
  2.100000E+00     5     5  1.522933E+08  6.891627E+07
  2.100000E+00     5     6  8.568538E-07  3.377467E-07
  2.100000E+00     6     1 -1.359504E-10 -7.815443E-10
  2.100000E+00     6     2  3.942121E+04  2.591509E+04
  2.100000E+00     6     3  3.786763E-09 -1.915782E-09
  2.100000E+00     6     4 -1.322096E+06 -1.088480E+06
  2.100000E+00     6     5  3.172730E-07  7.364393E-08
  2.100000E+00     6     6  7.568324E+06  4.466903E+06
  2.200000E+00     1     1  9.599021E+01  3.868142E+02
  2.200000E+00     1     2 -2.457854E-12 -8.691220E-12
  2.200000E+00     1     3  2.599824E-12 -4.160686E-12
  2.200000E+00     1     4  1.085928E-10  3.210327E-10
  2.200000E+00     1     5 -9.551498E+03  4.702614E+03
  2.200000E+00     1     6 -1.816647E-10  1.068646E-11
  2.200000E+00     2     1 -1.817046E-11  1.170267E-11
  2.200000E+00     2     2  3.210938E+03  2.488409E+03
  2.200000E+00     2     3  7.349660E-11  2.967494E-11
  2.200000E+00     2     4 -1.067545E+05 -1.047170E+05
  2.200000E+00     2     5  9.023465E-09 -1.092611E-08
  2.200000E+00     2     6  3.853126E+04  2.986091E+04
  2.200000E+00     3     1 -4.114133E-11  1.179529E-10
  2.200000E+00     3     2  3.165017E-10  3.362077E-10
  2.200000E+00     3     3  6.920116E+04  4.683238E+04
  2.200000E+00     3     4 -1.251801E-08 -1.188908E-08
  2.200000E+00     3     5 -8.304139E+05 -5.619886E+05
  2.200000E+00     3     6  2.501777E-08  1.754144E-08
  2.200000E+00     4     1  5.981050E-10 -2.867278E-10
  2.200000E+00     4     2 -9.506543E+04 -9.110489E+04
  2.200000E+00     4     3 -2.296654E-09 -9.514823E-10
  2.200000E+00     4     4  3.276879E+06  3.841083E+06
  2.200000E+00     4     5 -2.957063E-07  2.862113E-07
  2.200000E+00     4     6 -1.140785E+06 -1.093259E+06
  2.200000E+00     5     1 -1.671398E+03  6.020278E+03
  2.200000E+00     5     2 -9.910654E-09 -5.529131E-09
  2.200000E+00     5     3 -8.304139E+05 -5.619886E+05
  2.200000E+00     5     4  4.567940E-07  1.654356E-07
  2.200000E+00     5     5  1.492991E+08  7.993698E+07
  2.200000E+00     5     6 -7.163021E-07 -2.033156E-07
  2.200000E+00     6     1 -1.372991E-10 -8.476700E-10
  2.200000E+00     6     2  3.853126E+04  2.986091E+04
  2.200000E+00     6     3  1.285509E-09 -3.762409E-09
  2.200000E+00     6     4 -1.281054E+06 -1.256604E+06
  2.200000E+00     6     5 -2.964241E-08  8.354232E-08
  2.200000E+00     6     6  7.482680E+06  5.148672E+06
  2.300000E+00     1     1  1.051266E+02  3.411482E+02
  2.300000E+00     1     2  2.055458E-12 -6.513641E-12
  2.300000E+00     1     3  1.574091E-12  1.931871E-11
  2.300000E+00     1     4 -5.666019E-11  2.476449E-10
  2.300000E+00     1     5 -6.622811E+03  3.064191E+03
  2.300000E+00     1     6 -2.784882E-10 -1.878941E-10
  2.300000E+00     2     1 -1.438638E-11  8.702902E-12
  2.300000E+00     2     2  2.908539E+03  2.891668E+03
  2.300000E+00     2     3  1.399327E-10 -6.230720E-10
  2.300000E+00     2     4 -9.364737E+04 -1.218270E+05
  2.300000E+00     2     5  8.830230E-09  1.040632E-08
  2.300000E+00     2     6  3.490247E+04  3.470001E+04
  2.300000E+00     3     1  5.167433E-11  9.761833E-11
  2.300000E+00     3     2 -5.241957E-10 -6.506018E-10
  2.300000E+00     3     3  6.124335E+04  5.196643E+04
  2.300000E+00     3     4  2.103831E-08  2.760604E-08
  2.300000E+00     3     5 -7.349202E+05 -6.235971E+05
  2.300000E+00     3     6  1.291330E-09 -3.475137E-08
  2.300000E+00     4     1  4.367784E-10 -2.622130E-10
  2.300000E+00     4     2 -8.401029E+04 -1.038928E+05
  2.300000E+00     4     3 -5.373847E-09  1.972942E-08
  2.300000E+00     4     4  2.795623E+06  4.383221E+06
  2.300000E+00     4     5 -2.620310E-07 -3.622547E-07
  2.300000E+00     4     6 -1.008123E+06 -1.246714E+06
  2.300000E+00     5     1  6.474042E+02  4.919247E+03
  2.300000E+00     5     2  1.121894E-08  1.508852E-08
  2.300000E+00     5     3 -7.349202E+05 -6.235971E+05
  2.300000E+00     5     4 -5.541190E-07 -6.052635E-07
  2.300000E+00     5     5  1.388106E+08  9.219872E+07
  2.300000E+00     5     6  3.462665E-07  3.660740E-07
  2.300000E+00     6     1 -8.799082E-10 -7.010350E-10
  2.300000E+00     6     2  3.490247E+04  3.470001E+04
  2.300000E+00     6     3  1.608201E-08 -2.190638E-08
  2.300000E+00     6     4 -1.123768E+06 -1.461924E+06
  2.300000E+00     6     5 -8.072595E-07  4.417570E-08
  2.300000E+00     6     6  6.964045E+06  6.047973E+06
  2.400000E+00     1     1  1.170237E+02  3.023044E+02
  2.400000E+00     1     2  1.444899E-11 -3.086367E-12
  2.400000E+00     1     3 -3.670809E-11 -1.174949E-12
  2.400000E+00     1     4 -6.843801E-10  1.318309E-10
  2.400000E+00     1     5 -4.202771E+03  1.629843E+03
  2.400000E+00     1     6 -2.210755E-10  9.606157E-10
  2.400000E+00     2     1  5.864222E-11 -4.377695E-11
  2.400000E+00     2     2  2.268192E+03  3.178566E+03
  2.400000E+00     2     3 -4.560460E-11  7.491855E-10
  2.400000E+00     2     4 -6.614943E+04 -1.338982E+05
  2.400000E+00     2     5  4.285603E-09 -2.102906E-09
  2.400000E+00     2     6  2.721830E+04  3.814279E+04
  2.400000E+00     3     1  3.467468E-10 -2.213873E-10
  2.400000E+00     3     2  1.189749E-09  3.358158E-10
  2.400000E+00     3     3  4.935775E+04  5.203047E+04
  2.400000E+00     3     4 -4.432479E-08 -1.129264E-08
  2.400000E+00     3     5 -5.922930E+05 -6.243656E+05
  2.400000E+00     3     6  4.313129E-08 -2.740776E-09
  2.400000E+00     4     1 -1.571307E-09  8.353180E-10
  2.400000E+00     4     2 -6.204036E+04 -1.125041E+05
  2.400000E+00     4     3  2.510949E-09 -2.457163E-08
  2.400000E+00     4     4  1.849120E+06  4.744084E+06
  2.400000E+00     4     5 -9.125076E-08  1.514346E-08
  2.400000E+00     4     6 -7.444843E+05 -1.350049E+06
  2.400000E+00     5     1  2.673461E+03  4.063693E+03
  2.400000E+00     5     2 -2.581354E-08  2.228465E-08
  2.400000E+00     5     3 -5.922930E+05 -6.243656E+05
  2.400000E+00     5     4  7.402747E-07 -1.295058E-06
  2.400000E+00     5     5  1.185159E+08  9.879662E+07
  2.400000E+00     5     6 -1.619959E-06  1.231916E-07
  2.400000E+00     6     1  3.933468E-09 -4.774649E-09
  2.400000E+00     6     2  2.721830E+04  3.814279E+04
  2.400000E+00     6     3 -1.339827E-09  1.113907E-08
  2.400000E+00     6     4 -7.937931E+05 -1.606779E+06
  2.400000E+00     6     5  1.446765E-06  4.826689E-07
  2.400000E+00     6     6  5.717715E+06  6.828373E+06
  2.500000E+00     1     1  1.285486E+02  2.690297E+02
  2.500000E+00     1     2  8.998230E-12 -5.873295E-12
  2.500000E+00     1     3 -2.592548E-11  8.354929E-13
  2.500000E+00     1     4 -4.201173E-10  2.468232E-10
  2.500000E+00     1     5 -1.504492E+03  3.005857E+02
  2.500000E+00     1     6 -1.411749E-10  3.777535E-11
  2.500000E+00     2     1  6.998828E-11  1.909016E-11
  2.500000E+00     2     2  1.439558E+03  3.027791E+03
  2.500000E+00     2     3  2.499926E-10  1.018423E-09
  2.500000E+00     2     4 -3.067450E+04 -1.272903E+05
  2.500000E+00     2     5 -1.189451E-08  9.391820E-09
  2.500000E+00     2     6  1.727469E+04  3.633349E+04
  2.500000E+00     3     1  9.773341E-11  7.437332E-11
  2.500000E+00     3     2 -1.799357E-10  4.632038E-10
  2.500000E+00     3     3  3.851340E+04  4.478844E+04
  2.500000E+00     3     4  1.025020E-08 -1.482666E-08
  2.500000E+00     3     5 -4.621608E+05 -5.374613E+05
  2.500000E+00     3     6 -2.780484E-08  5.024022E-08
  2.500000E+00     4     1 -1.762499E-09 -8.567786E-10
  2.500000E+00     4     2 -3.419188E+04 -1.062225E+05
  2.500000E+00     4     3 -3.962252E-09 -3.429520E-08
  2.500000E+00     4     4  6.543844E+05  4.469071E+06
  2.500000E+00     4     5  4.590278E-07 -1.847599E-07
  2.500000E+00     4     6 -4.103026E+05 -1.274670E+06
  2.500000E+00     5     1  4.529452E+03  3.407848E+03
  2.500000E+00     5     2 -1.145707E-08 -5.602154E-09
  2.500000E+00     5     3 -4.621608E+05 -5.374613E+05
  2.500000E+00     5     4  3.269866E-07  3.344975E-07
  2.500000E+00     5     5  9.456215E+07  9.154397E+07
  2.500000E+00     5     6 -1.089979E-07  4.167573E-07
  2.500000E+00     6     1  1.212025E-09  1.468537E-11
  2.500000E+00     6     2  1.727469E+04  3.633349E+04
  2.500000E+00     6     3  6.862286E-09  3.780255E-09
  2.500000E+00     6     4 -3.680940E+05 -1.527484E+06
  2.500000E+00     6     5 -1.623396E-06  1.154486E-06
  2.500000E+00     6     6  3.910201E+06  6.775706E+06
  2.600000E+00     1     1  1.403793E+02  2.388868E+02
  2.600000E+00     1     2  1.980480E-12 -2.961403E-12
  2.600000E+00     1     3 -1.907721E-12  2.401749E-11
  2.600000E+00     1     4 -1.192973E-10  9.297937E-11
  2.600000E+00     1     5  1.170475E+03 -1.604656E+02
  2.600000E+00     1     6  2.601457E-10 -2.868338E-11
  2.600000E+00     2     1 -2.654029E-11 -5.383692E-11
  2.600000E+00     2     2  8.340227E+02  2.427293E+03
  2.600000E+00     2     3  1.401393E-10  3.368888E-10
  2.600000E+00     2     4 -4.802976E+03 -1.014791E+05
  2.600000E+00     2     5 -2.682411E-08 -1.443445E-08
  2.600000E+00     2     6  1.000827E+04  2.912751E+04
  2.600000E+00     3     1  2.131057E-10 -1.736827E-10
  2.600000E+00     3     2  5.380189E-11  6.899911E-10
  2.600000E+00     3     3  3.367901E+04  3.378521E+04
  2.600000E+00     3     4  3.084090E-09 -3.760064E-08
  2.600000E+00     3     5 -4.041481E+05 -4.054225E+05
  2.600000E+00     3     6 -2.320694E-08  3.307082E-08
  2.600000E+00     4     1 -6.809232E-11  1.747804E-09
  2.600000E+00     4     2 -1.421145E+04 -8.479419E+04
  2.600000E+00     4     3 -2.448629E-09 -1.133448E-08
  2.600000E+00     4     4 -2.004185E+05  3.547218E+06
  2.600000E+00     4     5  6.881572E-07  5.822748E-07
  2.600000E+00     4     6 -1.705374E+05 -1.017530E+06
  2.600000E+00     5     1  6.139131E+03  2.910162E+03
  2.600000E+00     5     2 -5.694294E-09 -1.967428E-08
  2.600000E+00     5     3 -4.041481E+05 -4.054225E+05
  2.600000E+00     5     4 -3.185553E-07  1.067250E-06
  2.600000E+00     5     5  7.961818E+07  7.240758E+07
  2.600000E+00     5     6 -1.643267E-06 -2.027787E-06
  2.600000E+00     6     1 -1.427376E-09  2.642770E-10
  2.600000E+00     6     2  1.000827E+04  2.912751E+04
  2.600000E+00     6     3  8.831465E-09  3.401271E-11
  2.600000E+00     6     4 -5.763571E+04 -1.217750E+06
  2.600000E+00     6     5  1.096108E-07  4.267820E-07
  2.600000E+00     6     6  2.388734E+06  5.658441E+06
  2.700000E+00     1     1  1.532869E+02  2.127924E+02
  2.700000E+00     1     2 -5.377997E-12 -1.260936E-11
  2.700000E+00     1     3  1.333985E-11  2.707008E-11
  2.700000E+00     1     4  1.206602E-10  6.284955E-10
  2.700000E+00     1     5  3.212937E+03 -2.264342E+02
  2.700000E+00     1     6  3.640108E-11 -1.269842E-12
  2.700000E+00     2     1 -4.382593E-11  1.418141E-11
  2.700000E+00     2     2  6.461672E+02  1.727909E+03
  2.700000E+00     2     3  4.587190E-10  4.265732E-10
  2.700000E+00     2     4  3.234322E+03 -7.146123E+04
  2.700000E+00     2     5  1.458049E-08 -9.902601E-09
  2.700000E+00     2     6  7.754006E+03  2.073491E+04
  2.700000E+00     3     1 -1.023473E-10 -2.649175E-10
  2.700000E+00     3     2  2.691292E-10 -5.106766E-10
  2.700000E+00     3     3  3.396545E+04  2.375071E+04
  2.700000E+00     3     4 -1.136737E-08  1.272143E-08
  2.700000E+00     3     5 -4.075854E+05 -2.850085E+05
  2.700000E+00     3     6  2.656287E-08 -7.148931E-09
  2.700000E+00     4     1  1.025127E-09 -1.792797E-10
  2.700000E+00     4     2 -8.518777E+03 -6.041470E+04
  2.700000E+00     4     3 -1.439940E-08 -1.551233E-08
  2.700000E+00     4     4 -4.445446E+05  2.499624E+06
  2.700000E+00     4     5 -3.952206E-07  1.902651E-07
  2.700000E+00     4     6 -1.022253E+05 -7.249764E+05
  2.700000E+00     5     1  7.609267E+03  2.406871E+03
  2.700000E+00     5     2  1.569607E-08  2.364094E-08
  2.700000E+00     5     3 -4.075854E+05 -2.850085E+05
  2.700000E+00     5     4 -2.439521E-07 -2.250539E-07
  2.700000E+00     5     5  7.641795E+07  5.185957E+07
  2.700000E+00     5     6 -7.976251E-07  3.005902E-07
  2.700000E+00     6     1 -1.523153E-09  2.168480E-09
  2.700000E+00     6     2  7.754006E+03  2.073491E+04
  2.700000E+00     6     3  1.918309E-08  1.032024E-08
  2.700000E+00     6     4  3.881186E+04 -8.575347E+05
  2.700000E+00     6     5 -1.464293E-07 -1.073938E-06
  2.700000E+00     6     6  1.754539E+06  4.138748E+06
  2.800000E+00     1     1  1.654423E+02  1.904053E+02
  2.800000E+00     1     2 -2.980924E-12 -2.390513E-12
  2.800000E+00     1     3  8.862471E-12  1.064933E-11
  2.800000E+00     1     4  1.072299E-10  1.114362E-10
  2.800000E+00     1     5  5.028277E+03 -3.119244E+02
  2.800000E+00     1     6  3.226408E-10  2.146541E-10
  2.800000E+00     2     1  2.881495E-11  6.970800E-11
  2.800000E+00     2     2  7.481170E+02  1.172162E+03
  2.800000E+00     2     3  2.372590E-10 -4.813984E-12
  2.800000E+00     2     4 -1.022151E+03 -4.774422E+04
  2.800000E+00     2     5 -5.780709E-09 -3.564743E-09
  2.800000E+00     2     6  8.977405E+03  1.406595E+04
  2.800000E+00     3     1 -3.224536E-11  2.058136E-10
  2.800000E+00     3     2  3.240840E-11  1.812994E-10
  2.800000E+00     3     3  3.628463E+04  1.604875E+04
  2.800000E+00     3     4  6.332625E-10 -5.913614E-09
  2.800000E+00     3     5 -4.354155E+05 -1.925850E+05
  2.800000E+00     3     6 -2.195934E-09 -3.397583E-09
  2.800000E+00     4     1 -4.781813E-10 -1.788026E-09
  2.800000E+00     4     2 -1.253734E+04 -4.132599E+04
  2.800000E+00     4     3 -5.979134E-09 -2.663558E-10
  2.800000E+00     4     4 -2.770555E+05  1.683314E+06
  2.800000E+00     4     5  1.723324E-07  3.840424E-08
  2.800000E+00     4     6 -1.504481E+05 -4.959119E+05
  2.800000E+00     5     1  9.006554E+03  1.980938E+03
  2.800000E+00     5     2  2.765270E-09  1.056450E-08
  2.800000E+00     5     3 -4.354155E+05 -1.925850E+05
  2.800000E+00     5     4 -8.938339E-08 -1.845787E-07
  2.800000E+00     5     5  7.924367E+07  3.523879E+07
  2.800000E+00     5     6 -2.503338E-07  6.584491E-07
  2.800000E+00     6     1 -1.599275E-09  3.562978E-09
  2.800000E+00     6     2  8.977405E+03  1.406595E+04
  2.800000E+00     6     3  7.217651E-09  7.667556E-09
  2.800000E+00     6     4 -1.226581E+04 -5.729306E+05
  2.800000E+00     6     5 -1.661479E-08 -1.158397E-06
  2.800000E+00     6     6  1.851912E+06  2.847139E+06
  2.900000E+00     1     1  1.773189E+02  1.701607E+02
  2.900000E+00     1     2 -7.786162E-14  6.039052E-13
  2.900000E+00     1     3  6.024848E-13 -4.599182E-12
  2.900000E+00     1     4 -2.863533E-11 -3.906031E-11
  2.900000E+00     1     5  6.629933E+03 -2.003784E+02
  2.900000E+00     1     6 -3.180126E-11  1.095910E-10
  2.900000E+00     2     1  1.006632E-10  3.345151E-11
  2.900000E+00     2     2  9.251630E+02  7.464697E+02
  2.900000E+00     2     3 -3.928429E-11 -4.103230E-10
  2.900000E+00     2     4 -8.758629E+03 -2.964793E+04
  2.900000E+00     2     5 -7.057665E-09 -9.882084E-10
  2.900000E+00     2     6  1.110196E+04  8.957637E+03
  2.900000E+00     3     1  6.623923E-10  4.973144E-10
  2.900000E+00     3     2  4.984408E-11  2.562808E-10
  2.900000E+00     3     3  3.954730E+04  1.048693E+04
  2.900000E+00     3     4  1.164586E-09  4.370754E-09
  2.900000E+00     3     5 -4.745676E+05 -1.258431E+05
  2.900000E+00     3     6  1.766237E-09 -1.596147E-08
  2.900000E+00     4     1 -2.982597E-09 -1.102042E-09
  2.900000E+00     4     2 -1.889865E+04 -2.662541E+04
  2.900000E+00     4     3  3.605290E-10  1.335473E-08
  2.900000E+00     4     4  4.253380E+02  1.056796E+06
  2.900000E+00     4     5  2.323836E-07  6.198206E-08
  2.900000E+00     4     6 -2.267837E+05 -3.195049E+05
  2.900000E+00     5     1  1.033479E+04  1.601957E+03
  2.900000E+00     5     2  5.634923E-09  1.101449E-08
  2.900000E+00     5     3 -4.745676E+05 -1.258431E+05
  2.900000E+00     5     4  7.734028E-08 -1.061540E-07
  2.900000E+00     5     5  8.506631E+07  2.321351E+07
  2.900000E+00     5     6  3.555355E-07 -2.835643E-07
  2.900000E+00     6     1  1.994651E-09 -4.374435E-10
  2.900000E+00     6     2  1.110196E+04  8.957637E+03
  2.900000E+00     6     3 -2.833421E-09  9.768599E-09
  2.900000E+00     6     4 -1.051036E+05 -3.557751E+05
  2.900000E+00     6     5  2.495181E-07  3.051716E-07
  2.900000E+00     6     6  2.186271E+06  1.840420E+06
  3.000000E+00     1     1  1.887349E+02  1.509766E+02
  3.000000E+00     1     2 -1.029282E-13  6.357405E-13
  3.000000E+00     1     3  1.020054E-11 -1.860883E-12
  3.000000E+00     1     4 -2.051465E-12 -1.241468E-11
  3.000000E+00     1     5  8.274949E+03 -2.338445E+02
  3.000000E+00     1     6  4.134164E-11  1.043857E-10
  3.000000E+00     2     1 -2.681205E-11 -5.666211E-11
  3.000000E+00     2     2  1.114255E+03  4.376314E+02
  3.000000E+00     2     3  1.903450E-11  1.487808E-10
  3.000000E+00     2     4 -1.715002E+04 -1.659452E+04
  3.000000E+00     2     5  1.990006E-09  1.650694E-09
  3.000000E+00     2     6  1.337107E+04  5.251577E+03
  3.000000E+00     3     1 -3.090156E-10 -1.739324E-10
  3.000000E+00     3     2 -1.784573E-10 -7.477496E-11
  3.000000E+00     3     3  4.258161E+04  5.878531E+03
  3.000000E+00     3     4  5.240572E-09  3.854691E-09
  3.000000E+00     3     5 -5.109793E+05 -7.054237E+04
  3.000000E+00     3     6 -1.438593E-08  1.489870E-09
  3.000000E+00     4     1  6.487168E-10  1.693149E-09
  3.000000E+00     4     2 -2.559451E+04 -1.576101E+04
  3.000000E+00     4     3  5.802665E-11 -3.919638E-09
  3.000000E+00     4     4  2.976918E+05  5.962548E+05
  3.000000E+00     4     5 -6.569731E-08 -5.720350E-08
  3.000000E+00     4     6 -3.071341E+05 -1.891321E+05
  3.000000E+00     5     1  1.179541E+04  1.173831E+03
  3.000000E+00     5     2 -1.753421E-10  2.855256E-10
  3.000000E+00     5     3 -5.109793E+05 -7.054237E+04
  3.000000E+00     5     4  1.435051E-08  3.000371E-08
  3.000000E+00     5     5  9.113738E+07  1.347938E+07
  3.000000E+00     5     6  8.318781E-08 -9.878701E-07
  3.000000E+00     6     1 -9.475959E-11 -1.161020E-09
  3.000000E+00     6     2  1.337107E+04  5.251577E+03
  3.000000E+00     6     3 -6.419169E-09 -1.362797E-09
  3.000000E+00     6     4 -2.058003E+05 -1.991342E+05
  3.000000E+00     6     5  3.092227E-07 -1.009495E-07
  3.000000E+00     6     6  2.574179E+06  1.106775E+06
  3.100000E+00     1     1  1.983095E+02  1.350544E+02
  3.100000E+00     1     2 -1.391749E-12  1.886052E-13
  3.100000E+00     1     3  1.122982E-11 -2.653778E-12
  3.100000E+00     1     4  4.777287E-11  9.428118E-12
  3.100000E+00     1     5  9.179043E+03  4.597226E+02
  3.100000E+00     1     6 -6.459631E-12  1.188883E-11
  3.100000E+00     2     1  3.435949E-12 -2.052826E-11
  3.100000E+00     2     2  1.303150E+03  1.696693E+02
  3.100000E+00     2     3 -1.209794E-11 -2.936194E-11
  3.100000E+00     2     4 -2.572948E+04 -5.943346E+03
  3.100000E+00     2     5  1.848484E-09 -1.766188E-09
  3.100000E+00     2     6  1.563781E+04  2.036031E+03
  3.100000E+00     3     1  4.234488E-11  2.343917E-12
  3.100000E+00     3     2 -5.156552E-11 -6.821139E-12
  3.100000E+00     3     3  4.442536E+04  2.761731E+03
  3.100000E+00     3     4  4.372826E-09 -1.380298E-09
  3.100000E+00     3     5 -5.331044E+05 -3.314078E+04
  3.100000E+00     3     6 -1.493353E-09 -1.357548E-09
  3.100000E+00     4     1 -1.268852E-10  5.892309E-10
  3.100000E+00     4     2 -3.259515E+04 -6.156370E+03
  3.100000E+00     4     3  3.693844E-10  9.533645E-10
  3.100000E+00     4     4  6.126578E+05  2.142979E+05
  3.100000E+00     4     5 -7.585327E-08  5.169126E-08
  3.100000E+00     4     6 -3.911418E+05 -7.387644E+04
  3.100000E+00     5     1  1.264505E+04  1.018262E+03
  3.100000E+00     5     2  3.430190E-10  9.895151E-10
  3.100000E+00     5     3 -5.331044E+05 -3.314078E+04
  3.100000E+00     5     4 -6.755088E-08 -1.424870E-08
  3.100000E+00     5     5  9.497960E+07  6.759709E+06
  3.100000E+00     5     6  2.155635E-07  4.214311E-08
  3.100000E+00     6     1 -4.947296E-11 -4.124729E-10
  3.100000E+00     6     2  1.563781E+04  2.036031E+03
  3.100000E+00     6     3  2.586032E-09  4.434270E-10
  3.100000E+00     6     4 -3.087537E+05 -7.132016E+04
  3.100000E+00     6     5 -1.052531E-08 -1.483093E-07
  3.100000E+00     6     6  2.951864E+06  4.764988E+05
  3.200000E+00     1     1  2.079224E+02  1.224107E+02
  3.200000E+00     1     2 -1.243789E-12  1.119642E-12
  3.200000E+00     1     3  7.192994E-12  3.954084E-13
  3.200000E+00     1     4  3.423604E-11 -5.590065E-12
  3.200000E+00     1     5  9.928793E+03  1.331876E+03
  3.200000E+00     1     6 -2.490152E-11  2.244455E-11
  3.200000E+00     2     1 -2.208353E-12 -2.355207E-12
  3.200000E+00     2     2  1.386185E+03  9.617188E+00
  3.200000E+00     2     3 -3.656501E-11 -9.886457E-11
  3.200000E+00     2     4 -3.061883E+04  6.656314E+02
  3.200000E+00     2     5 -1.318233E-09 -4.915111E-09
  3.200000E+00     2     6  1.663423E+04  1.154063E+02
  3.200000E+00     3     1  3.738414E-11 -5.244950E-11
  3.200000E+00     3     2  5.325968E-11  6.856897E-11
  3.200000E+00     3     3  4.633001E+04  1.270520E+03
  3.200000E+00     3     4  2.239944E-09  6.440143E-10
  3.200000E+00     3     5 -5.559601E+05 -1.524624E+04
  3.200000E+00     3     6 -3.288775E-09  1.073124E-09
  3.200000E+00     4     1  1.092498E-10  1.089189E-10
  3.200000E+00     4     2 -3.595055E+04 -2.835546E+02
  3.200000E+00     4     3  1.531184E-09  2.663928E-09
  3.200000E+00     4     4  8.022957E+05 -2.812900E+04
  3.200000E+00     4     5  2.535151E-08  1.197770E-07
  3.200000E+00     4     6 -4.314066E+05 -3.402656E+03
  3.200000E+00     5     1  1.321991E+04  8.434547E+02
  3.200000E+00     5     2 -5.095401E-10  6.399477E-12
  3.200000E+00     5     3 -5.559601E+05 -1.524624E+04
  3.200000E+00     5     4  1.239021E-07 -3.599896E-07
  3.200000E+00     5     5  9.903299E+07  2.960115E+06
  3.200000E+00     5     6  1.019898E-07 -3.013550E-07
  3.200000E+00     6     1 -4.480038E-11 -5.406436E-10
  3.200000E+00     6     2  1.663423E+04  1.154063E+02
  3.200000E+00     6     3 -2.576796E-09  3.319496E-09
  3.200000E+00     6     4 -3.674260E+05  7.987576E+03
  3.200000E+00     6     5 -7.971667E-08 -5.161912E-08
  3.200000E+00     6     6  3.187823E+06  5.017555E+04
  3.300000E+00     1     1  2.187240E+02  1.121089E+02
  3.300000E+00     1     2 -2.979150E-13  5.805171E-13
  3.300000E+00     1     3  6.273739E-12 -6.313359E-13
  3.300000E+00     1     4  7.982258E-12 -1.393671E-11
  3.300000E+00     1     5  1.004569E+04  6.992115E+02
  3.300000E+00     1     6 -1.541793E-11  2.497810E-11
  3.300000E+00     2     1 -7.122058E-12  2.551797E-12
  3.300000E+00     2     2  1.453516E+03 -5.669281E+01
  3.300000E+00     2     3 -6.155726E-12  4.890567E-12
  3.300000E+00     2     4 -3.449919E+04  3.524207E+03
  3.300000E+00     2     5  5.603836E-10  6.676371E-10
  3.300000E+00     2     6  1.744219E+04 -6.803137E+02
  3.300000E+00     3     1 -1.148848E-10 -4.001418E-11
  3.300000E+00     3     2  1.342880E-11 -2.329221E-11
  3.300000E+00     3     3  4.340499E+04 -6.684399E+02
  3.300000E+00     3     4  1.382077E-10  2.933460E-09
  3.300000E+00     3     5 -5.208599E+05  8.021279E+03
  3.300000E+00     3     6 -3.652886E-11 -4.206035E-09
  3.300000E+00     4     1  2.547916E-10 -1.135291E-10
  3.300000E+00     4     2 -3.868882E+04  2.115649E+03
  3.300000E+00     4     3  2.610685E-10 -3.014107E-10
  3.300000E+00     4     4  9.537604E+05 -1.312218E+05
  3.300000E+00     4     5  4.843786E-09 -8.024931E-09
  3.300000E+00     4     6 -4.642658E+05  2.538779E+04
  3.300000E+00     5     1  1.313265E+04  1.042193E+03
  3.300000E+00     5     2 -3.593155E-10 -1.954845E-09
  3.300000E+00     5     3 -5.208599E+05  8.021279E+03
  3.300000E+00     5     4 -6.294315E-08  3.743323E-08
  3.300000E+00     5     5  9.474406E+07 -1.160173E+06
  3.300000E+00     5     6 -1.649983E-07 -2.688260E-07
  3.300000E+00     6     1  5.269160E-10  2.462412E-09
  3.300000E+00     6     2  1.744219E+04 -6.803137E+02
  3.300000E+00     6     3 -1.883799E-09  5.231612E-10
  3.300000E+00     6     4 -4.139903E+05  4.229048E+04
  3.300000E+00     6     5 -1.202342E-07  1.298389E-07
  3.300000E+00     6     6  3.362716E+06 -1.176422E+05
  3.400000E+00     1     1  2.281094E+02  1.016743E+02
  3.400000E+00     1     2 -8.138314E-13  1.694374E-13
  3.400000E+00     1     3  8.456082E-12 -1.140979E-12
  3.400000E+00     1     4  3.272584E-11  3.398927E-12
  3.400000E+00     1     5  1.038491E+04  1.062021E+03
  3.400000E+00     1     6  2.917482E-11  2.911427E-11
  3.400000E+00     2     1 -7.890005E-12  5.988801E-12
  3.400000E+00     2     2  1.457827E+03 -1.068677E+02
  3.400000E+00     2     3  7.335518E-11 -3.839033E-11
  3.400000E+00     2     4 -3.599555E+04  5.556703E+03
  3.400000E+00     2     5 -8.464530E-10 -8.120846E-10
  3.400000E+00     2     6  1.749392E+04 -1.282413E+03
  3.400000E+00     3     1 -6.242758E-11 -1.031028E-10
  3.400000E+00     3     2  1.199246E-11 -5.115523E-11
  3.400000E+00     3     3  4.586618E+04 -7.798650E+02
  3.400000E+00     3     4  4.215086E-10  6.632416E-10
  3.400000E+00     3     5 -5.503942E+05  9.358381E+03
  3.400000E+00     3     6  4.320996E-10  1.926365E-10
  3.400000E+00     4     1  1.428601E-10 -2.328587E-10
  3.400000E+00     4     2 -3.932082E+04  3.900943E+03
  3.400000E+00     4     3 -2.417073E-09  1.281596E-09
  3.400000E+00     4     4  1.024661E+06 -2.028785E+05
  3.400000E+00     4     5  5.004610E-08  2.888570E-08
  3.400000E+00     4     6 -4.718498E+05  4.681131E+04
  3.400000E+00     5     1  1.320619E+04  9.822933E+02
  3.400000E+00     5     2 -6.304805E-10 -1.902806E-09
  3.400000E+00     5     3 -5.503942E+05  9.358381E+03
  3.400000E+00     5     4  3.742803E-08 -4.914434E-08
  3.400000E+00     5     5  9.880100E+07 -1.782038E+06
  3.400000E+00     5     6 -1.466476E-07 -1.160391E-07
  3.400000E+00     6     1  4.063445E-11 -2.972307E-10
  3.400000E+00     6     2  1.749392E+04 -1.282413E+03
  3.400000E+00     6     3  1.102112E-09 -1.056406E-09
  3.400000E+00     6     4 -4.319466E+05  6.668043E+04
  3.400000E+00     6     5  9.083257E-08 -1.684718E-08
  3.400000E+00     6     6  3.391182E+06 -2.310057E+05
  3.500000E+00     1     1  2.374292E+02  9.259055E+01
  3.500000E+00     1     2 -5.410384E-13 -1.019141E-13
  3.500000E+00     1     3  9.841398E-12 -2.199012E-12
  3.500000E+00     1     4  2.858032E-11  8.080116E-12
  3.500000E+00     1     5  1.052593E+04  9.874848E+02
  3.500000E+00     1     6  1.237978E-11  2.948918E-11
  3.500000E+00     2     1 -1.606816E-11 -1.070673E-12
  3.500000E+00     2     2  1.473077E+03 -1.275230E+02
  3.500000E+00     2     3  4.383742E-11 -3.350705E-11
  3.500000E+00     2     4 -3.744590E+04  6.567548E+03
  3.500000E+00     2     5 -9.992410E-10 -3.073527E-10
  3.500000E+00     2     6  1.767693E+04 -1.530275E+03
  3.500000E+00     3     1  2.954531E-11 -4.947556E-14
  3.500000E+00     3     2  7.952200E-11  1.709039E-11
  3.500000E+00     3     3  4.517312E+04 -1.194045E+03
  3.500000E+00     3     4 -2.773240E-09 -3.324485E-09
  3.500000E+00     3     5 -5.420774E+05  1.432854E+04
  3.500000E+00     3     6 -6.967599E-10 -2.825363E-10
  3.500000E+00     4     1  4.483210E-10 -7.179900E-11
  3.500000E+00     4     2 -3.986931E+04  4.607869E+03
  3.500000E+00     4     3 -1.159127E-09  8.530444E-10
  3.500000E+00     4     4  1.078082E+06 -2.374389E+05
  3.500000E+00     4     5  2.343934E-08  1.858232E-09
  3.500000E+00     4     6 -4.784317E+05  5.529442E+04
  3.500000E+00     5     1  1.338940E+04  8.571002E+02
  3.500000E+00     5     2 -1.085856E-09  1.479014E-09
  3.500000E+00     5     3 -5.420774E+05  1.432854E+04
  3.500000E+00     5     4  1.079671E-07  1.225927E-08
  3.500000E+00     5     5  9.762805E+07 -2.597708E+06
  3.500000E+00     5     6 -1.000630E-07  1.176040E-07
  3.500000E+00     6     1  3.395219E-10 -5.536826E-10
  3.500000E+00     6     2  1.767693E+04 -1.530275E+03
  3.500000E+00     6     3 -4.831591E-10 -7.832520E-10
  3.500000E+00     6     4 -4.493508E+05  7.881057E+04
  3.500000E+00     6     5  2.410672E-08  4.191016E-09
  3.500000E+00     6     6  3.421507E+06 -2.855871E+05
  3.600000E+00     1     1  2.452939E+02  8.539459E+01
  3.600000E+00     1     2 -7.471166E-13  3.730407E-13
  3.600000E+00     1     3  7.954834E-12 -1.596668E-12
  3.600000E+00     1     4  2.587047E-11 -1.381840E-11
  3.600000E+00     1     5  1.122888E+04  1.446449E+03
  3.600000E+00     1     6 -1.038687E-11  1.489895E-11
  3.600000E+00     2     1 -2.716406E-12 -9.172741E-14
  3.600000E+00     2     2  1.524468E+03 -1.293497E+02
  3.600000E+00     2     3 -6.719791E-11 -3.505141E-11
  3.600000E+00     2     4 -4.003024E+04  6.617032E+03
  3.600000E+00     2     5  2.115806E-09 -1.967348E-09
  3.600000E+00     2     6  1.829362E+04 -1.552197E+03
  3.600000E+00     3     1  6.381027E-11  8.457030E-11
  3.600000E+00     3     2  2.829349E-11  6.192464E-11
  3.600000E+00     3     3  4.450211E+04 -1.417149E+03
  3.600000E+00     3     4 -1.776484E-09 -1.582842E-09
  3.600000E+00     3     5 -5.340254E+05  1.700579E+04
  3.600000E+00     3     6 -7.299269E-09 -2.171485E-09
  3.600000E+00     4     1  2.954776E-11  4.673176E-12
  3.600000E+00     4     2 -4.185018E+04  4.709882E+03
  3.600000E+00     4     3  2.112228E-09  9.676353E-10
  3.600000E+00     4     4  1.174762E+06 -2.409496E+05
  3.600000E+00     4     5 -5.529785E-08  6.638689E-08
  3.600000E+00     4     6 -5.022021E+05  5.651858E+04
  3.600000E+00     5     1  1.329033E+04  7.612438E+02
  3.600000E+00     5     2 -4.096072E-09  1.553175E-09
  3.600000E+00     5     3 -5.340254E+05  1.700579E+04
  3.600000E+00     5     4 -1.438769E-08 -3.844545E-08
  3.600000E+00     5     5  9.617005E+07 -3.170786E+06
  3.600000E+00     5     6  1.639031E-07  6.275513E-08
  3.600000E+00     6     1 -3.975264E-10  5.642357E-10
  3.600000E+00     6     2  1.829362E+04 -1.552197E+03
  3.600000E+00     6     3 -1.745366E-09 -2.933004E-09
  3.600000E+00     6     4 -4.803629E+05  7.940438E+04
  3.600000E+00     6     5  5.360727E-09 -5.810443E-08
  3.600000E+00     6     6  3.542656E+06 -2.950515E+05
  3.700000E+00     1     1  2.528730E+02  7.826708E+01
  3.700000E+00     1     2 -2.297694E-12 -1.441282E-13
  3.700000E+00     1     3  1.324579E-11  8.700453E-13
  3.700000E+00     1     4  8.988825E-11  5.974247E-12
  3.700000E+00     1     5  1.207543E+04  1.281776E+03
  3.700000E+00     1     6 -1.220941E-12 -3.682009E-11
  3.700000E+00     2     1  3.441120E-12 -5.910700E-12
  3.700000E+00     2     2  1.470019E+03 -1.434524E+02
  3.700000E+00     2     3 -3.490752E-11  8.611482E-12
  3.700000E+00     2     4 -3.916697E+04  7.093196E+03
  3.700000E+00     2     5 -7.925896E-10 -8.071181E-10
  3.700000E+00     2     6  1.764023E+04 -1.721428E+03
  3.700000E+00     3     1  1.442859E-10  6.200355E-11
  3.700000E+00     3     2 -5.570478E-11  1.232818E-11
  3.700000E+00     3     3  4.523915E+04 -1.402926E+03
  3.700000E+00     3     4  1.861495E-09 -9.575256E-10
  3.700000E+00     3     5 -5.428698E+05  1.683511E+04
  3.700000E+00     3     6 -1.136611E-09 -7.724007E-10
  3.700000E+00     4     1 -1.090564E-10  1.241782E-10
  3.700000E+00     4     2 -4.008085E+04  5.245973E+03
  3.700000E+00     4     3  9.475639E-10 -1.672252E-10
  3.700000E+00     4     4  1.149670E+06 -2.590870E+05
  3.700000E+00     4     5  2.070989E-08  2.566055E-08
  3.700000E+00     4     6 -4.809703E+05  6.295168E+04
  3.700000E+00     5     1  1.359410E+04  7.775600E+02
  3.700000E+00     5     2 -6.140964E-10  2.198058E-09
  3.700000E+00     5     3 -5.428698E+05  1.683511E+04
  3.700000E+00     5     4  1.385310E-07 -1.295098E-07
  3.700000E+00     5     5  9.757625E+07 -3.160370E+06
  3.700000E+00     5     6  1.601301E-07 -8.467841E-08
  3.700000E+00     6     1  2.553537E-10 -9.842697E-10
  3.700000E+00     6     2  1.764023E+04 -1.721428E+03
  3.700000E+00     6     3  2.806816E-10  7.352736E-10
  3.700000E+00     6     4 -4.700036E+05  8.511836E+04
  3.700000E+00     6     5  1.405348E-07 -2.502403E-08
  3.700000E+00     6     6  3.423395E+06 -3.369651E+05
  3.800000E+00     1     1  2.617586E+02  7.233969E+01
  3.800000E+00     1     2 -3.963650E-13  4.094477E-13
  3.800000E+00     1     3  8.580084E-12  3.201328E-13
  3.800000E+00     1     4  1.377108E-11 -2.992576E-11
  3.800000E+00     1     5  1.243867E+04  9.578460E+02
  3.800000E+00     1     6 -5.283643E-11 -7.748568E-12
  3.800000E+00     2     1 -6.711960E-13  2.453460E-11
  3.800000E+00     2     2  1.538121E+03 -1.485529E+02
  3.800000E+00     2     3  2.625112E-12 -6.526529E-12
  3.800000E+00     2     4 -4.211140E+04  7.508907E+03
  3.800000E+00     2     5 -1.163557E-09  6.781529E-10
  3.800000E+00     2     6  1.845746E+04 -1.782634E+03
  3.800000E+00     3     1  1.415615E-11  1.523415E-10
  3.800000E+00     3     2 -5.345633E-11 -1.557653E-11
  3.800000E+00     3     3  4.401480E+04 -1.324004E+03
  3.800000E+00     3     4  1.687383E-09 -5.565295E-10
  3.800000E+00     3     5 -5.281777E+05  1.588805E+04
  3.800000E+00     3     6 -6.043659E-10 -1.209315E-09
  3.800000E+00     4     1  7.535496E-13 -7.814376E-10
  3.800000E+00     4     2 -4.238764E+04  5.502062E+03
  3.800000E+00     4     3 -6.104706E-12  2.229749E-10
  3.800000E+00     4     4  1.250391E+06 -2.776815E+05
  3.800000E+00     4     5  2.736907E-08 -1.889951E-08
  3.800000E+00     4     6 -5.086517E+05  6.602475E+04
  3.800000E+00     5     1  1.346682E+04  5.825577E+02
  3.800000E+00     5     2 -2.468225E-10 -9.964559E-10
  3.800000E+00     5     3 -5.281777E+05  1.588805E+04
  3.800000E+00     5     4 -1.431501E-07  9.292147E-08
  3.800000E+00     5     5  9.516530E+07 -3.043530E+06
  3.800000E+00     5     6  1.989304E-07 -4.795429E-08
  3.800000E+00     6     1 -1.772299E-10  9.399454E-10
  3.800000E+00     6     2  1.845746E+04 -1.782634E+03
  3.800000E+00     6     3 -2.320065E-09 -4.600572E-10
  3.800000E+00     6     4 -5.053368E+05  9.010688E+04
  3.800000E+00     6     5  3.765723E-08  1.679962E-07
  3.800000E+00     6     6  3.579322E+06 -3.392570E+05
  3.900000E+00     1     1  2.678820E+02  6.582439E+01
  3.900000E+00     1     2 -8.999561E-13  4.884766E-13
  3.900000E+00     1     3  9.945491E-12  7.353313E-13
  3.900000E+00     1     4  4.752443E-11  2.930404E-12
  3.900000E+00     1     5  1.203253E+04  1.476808E+03
  3.900000E+00     1     6  2.796807E-11 -5.292201E-11
  3.900000E+00     2     1 -8.024454E-12  1.138237E-11
  3.900000E+00     2     2  1.514483E+03 -1.307625E+02
  3.900000E+00     2     3 -3.247761E-11 -8.196009E-11
  3.900000E+00     2     4 -4.254134E+04  6.386728E+03
  3.900000E+00     2     5 -4.926072E-10 -1.622650E-09
  3.900000E+00     2     6  1.817380E+04 -1.569150E+03
  3.900000E+00     3     1  1.132128E-10  4.945375E-11
  3.900000E+00     3     2 -4.493281E-11 -2.058620E-11
  3.900000E+00     3     3  4.520332E+04 -1.314332E+03
  3.900000E+00     3     4  1.728072E-09  2.216747E-09
  3.900000E+00     3     5 -5.424399E+05  1.577199E+04
  3.900000E+00     3     6  6.177253E-09  2.017502E-10
  3.900000E+00     4     1  1.553259E-10 -3.197133E-10
  3.900000E+00     4     2 -4.184151E+04  5.296447E+03
  3.900000E+00     4     3  1.125268E-09  2.121802E-09
  3.900000E+00     4     4  1.273539E+06 -2.549428E+05
  3.900000E+00     4     5  5.269014E-09  5.028792E-08
  3.900000E+00     4     6 -5.020982E+05  6.355737E+04
  3.900000E+00     5     1  1.332389E+04  6.681686E+02
  3.900000E+00     5     2 -6.762468E-09  2.977545E-09
  3.900000E+00     5     3 -5.424399E+05  1.577199E+04
  3.900000E+00     5     4  1.920317E-07 -3.132950E-09
  3.900000E+00     5     5  9.744326E+07 -3.013535E+06
  3.900000E+00     5     6 -1.731787E-07  1.298716E-07
  3.900000E+00     6     1 -3.312069E-10 -3.939374E-10
  3.900000E+00     6     2  1.817380E+04 -1.569150E+03
  3.900000E+00     6     3  1.216394E-10  1.752214E-09
  3.900000E+00     6     4 -5.104960E+05  7.664073E+04
  3.900000E+00     6     5 -1.225908E-07  1.564706E-07
  3.900000E+00     6     6  3.530713E+06 -3.059163E+05
  4.000000E+00     1     1  2.745599E+02  6.143831E+01
  4.000000E+00     1     2 -1.261425E-12  4.618458E-13
  4.000000E+00     1     3  7.590510E-12 -1.247117E-12
  4.000000E+00     1     4  4.734341E-11  2.024491E-11
  4.000000E+00     1     5  1.199388E+04  1.250823E+03
  4.000000E+00     1     6 -1.277836E-10 -7.657857E-11
  4.000000E+00     2     1  1.873020E-11  1.507515E-12
  4.000000E+00     2     2  1.610960E+03 -1.146899E+02
  4.000000E+00     2     3  1.238255E-10  1.245978E-10
  4.000000E+00     2     4 -4.698619E+04  5.809283E+03
  4.000000E+00     2     5 -8.504849E-10  6.380482E-10
  4.000000E+00     2     6  1.933152E+04 -1.376279E+03
  4.000000E+00     3     1  1.569139E-10 -1.174227E-10
  4.000000E+00     3     2 -7.223939E-11 -4.839000E-11
  4.000000E+00     3     3  4.481205E+04 -2.700906E+02
  4.000000E+00     3     4 -2.878014E-09  3.009776E-09
  4.000000E+00     3     5 -5.377446E+05  3.241088E+03
  4.000000E+00     3     6  7.932043E-09 -2.850507E-09
  4.000000E+00     4     1 -5.120500E-10  3.874447E-11
  4.000000E+00     4     2 -4.469108E+04  4.602952E+03
  4.000000E+00     4     3 -4.015597E-09 -2.985116E-09
  4.000000E+00     4     4  1.416914E+06 -2.292180E+05
  4.000000E+00     4     5  3.207748E-08 -1.598922E-08
  4.000000E+00     4     6 -5.362930E+05  5.523543E+04
  4.000000E+00     5     1  1.326184E+04  2.683688E+02
  4.000000E+00     5     2 -5.611409E-09  7.401074E-09
  4.000000E+00     5     3 -5.377446E+05  3.241088E+03
  4.000000E+00     5     4 -2.900107E-07 -1.748729E-07
  4.000000E+00     5     5  9.690297E+07 -9.552694E+05
  4.000000E+00     5     6 -2.034256E-08 -1.660108E-07
  4.000000E+00     6     1 -9.417458E-10 -9.044512E-10
  4.000000E+00     6     2  1.933152E+04 -1.376279E+03
  4.000000E+00     6     3  1.928981E-09 -2.249975E-10
  4.000000E+00     6     4 -5.638343E+05  6.971139E+04
  4.000000E+00     6     5  1.738778E-07 -2.897367E-08
  4.000000E+00     6     6  3.769627E+06 -2.560992E+05
