  6.000000E-01  0.000000E+00     1  3.819794E+02  1.346317E+02 -2.683585E+02  2.718308E+02
  6.000000E-01  0.000000E+00     2  6.645037E-12 -1.743401E+02 -6.612641E-12 -6.553572E-13
  6.000000E-01  0.000000E+00     3  9.414017E+02  6.869531E+01  3.420371E+02  8.770677E+02
  6.000000E-01  0.000000E+00     4  1.548733E-10 -1.493719E+02 -1.332673E-10 -7.890229E-11
  6.000000E-01  0.000000E+00     5  5.631017E+04  1.209665E+02 -2.897367E+04  4.828418E+04
  6.000000E-01  0.000000E+00     6  2.683478E-10  1.003361E+02 -4.814735E-11  2.639931E-10
  6.000000E-01  3.000000E+01     1  4.722596E+02  1.219509E+02 -2.499162E+02  4.007131E+02
  6.000000E-01  3.000000E+01     2  4.206964E+02  8.524875E+01  3.484630E+01  4.192508E+02
  6.000000E-01  3.000000E+01     3  1.276305E+03  6.414134E+01  5.566637E+02  1.148512E+03
  6.000000E-01  3.000000E+01     4  5.258015E+03 -9.527924E+01 -4.837888E+02 -5.235711E+03
  6.000000E-01  3.000000E+01     5  5.385950E+04  1.205024E+02 -2.733773E+04  4.640575E+04
  6.000000E-01  3.000000E+01     6  1.966075E+04 -1.813034E+00  1.965090E+04 -6.220294E+02
  6.000000E-01  6.000000E+01     1  4.867361E+02  1.096652E+02 -1.637978E+02  4.583473E+02
  6.000000E-01  6.000000E+01     2  1.031709E+03  8.728765E+01  4.882229E+01  1.030554E+03
  6.000000E-01  6.000000E+01     3  2.063102E+03  5.942380E+01  1.049466E+03  1.776234E+03
  6.000000E-01  6.000000E+01     4  1.423731E+04 -9.278536E+01 -6.918549E+02 -1.422049E+04
  6.000000E-01  6.000000E+01     5  3.721444E+04  1.196591E+02 -1.841511E+04  3.233880E+04
  6.000000E-01  6.000000E+01     6  2.139808E+04 -1.674060E+00  2.138895E+04 -6.251173E+02
  6.000000E-01  9.000000E+01     1  1.120975E-12  1.416612E+02 -8.792438E-13  6.953525E-13
  6.000000E-01  9.000000E+01     2  1.372250E+03  8.818144E+01  4.354780E+01  1.371559E+03
  6.000000E-01  9.000000E+01     3  2.513598E+03  5.808660E+01  1.328781E+03  2.133663E+03
  6.000000E-01  9.000000E+01     4  1.987690E+04 -9.181730E+01 -6.303470E+02 -1.986690E+04
  6.000000E-01  9.000000E+01     5  1.339671E-10  1.333358E+02 -9.193803E-11  9.744016E-11
  6.000000E-01  9.000000E+01     6  2.394396E-10 -1.445467E+02 -1.950447E-10 -1.388844E-10
  6.000000E-01  1.200000E+02     1  4.867361E+02 -7.033483E+01  1.637978E+02 -4.583473E+02
  6.000000E-01  1.200000E+02     2  1.031709E+03  8.728765E+01  4.882229E+01  1.030554E+03
  6.000000E-01  1.200000E+02     3  2.063102E+03  5.942380E+01  1.049466E+03  1.776234E+03
  6.000000E-01  1.200000E+02     4  1.423731E+04 -9.278536E+01 -6.918549E+02 -1.422049E+04
  6.000000E-01  1.200000E+02     5  3.721444E+04 -6.034094E+01  1.841511E+04 -3.233880E+04
  6.000000E-01  1.200000E+02     6  2.139808E+04  1.783259E+02 -2.138895E+04  6.251173E+02
  6.000000E-01  1.500000E+02     1  4.722596E+02 -5.804909E+01  2.499162E+02 -4.007131E+02
  6.000000E-01  1.500000E+02     2  4.206964E+02  8.524875E+01  3.484630E+01  4.192508E+02
  6.000000E-01  1.500000E+02     3  1.276305E+03  6.414134E+01  5.566637E+02  1.148512E+03
  6.000000E-01  1.500000E+02     4  5.258015E+03 -9.527924E+01 -4.837888E+02 -5.235711E+03
  6.000000E-01  1.500000E+02     5  5.385950E+04 -5.949756E+01  2.733773E+04 -4.640575E+04
  6.000000E-01  1.500000E+02     6  1.966075E+04  1.781870E+02 -1.965090E+04  6.220294E+02
  6.000000E-01  1.800000E+02     1  3.819794E+02 -4.536828E+01  2.683585E+02 -2.718308E+02
  6.000000E-01  1.800000E+02     2  2.660375E-12  5.909084E+01  1.366577E-12  2.282556E-12
  6.000000E-01  1.800000E+02     3  9.414017E+02  6.869531E+01  3.420371E+02  8.770677E+02
  6.000000E-01  1.800000E+02     4  2.699725E-11  6.583528E+01  1.105163E-11  2.463154E-11
  6.000000E-01  1.800000E+02     5  5.631017E+04 -5.903348E+01  2.897367E+04 -4.828418E+04
  6.000000E-01  1.800000E+02     6  2.171133E-10 -7.026295E+01  7.332002E-11 -2.043584E-10
  6.500000E-01  0.000000E+00     1  3.262325E+02  1.686883E+02 -3.198953E+02  6.398935E+01
  6.500000E-01  0.000000E+00     2  5.800858E-12  2.474265E+01  5.268321E-12  2.427910E-12
  6.500000E-01  0.000000E+00     3  5.799000E+02  9.762546E+01 -7.695094E+01  5.747718E+02
  6.500000E-01  0.000000E+00     4  1.958629E-10  7.487985E+01  5.108967E-11  1.890823E-10
  6.500000E-01  0.000000E+00     5  4.797816E+04  1.338690E+02 -3.324943E+04  3.458872E+04
  6.500000E-01  0.000000E+00     6  1.986942E-10  6.654049E+01  7.910035E-11  1.822705E-10
  6.500000E-01  3.000000E+01     1  4.120839E+02  1.383802E+02 -3.080611E+02  2.736997E+02
  6.500000E-01  3.000000E+01     2  3.294395E+02  8.513921E+01  2.791507E+01  3.282547E+02
  6.500000E-01  3.000000E+01     3  9.053048E+02  8.188616E+01  1.277751E+02  8.962424E+02
  6.500000E-01  3.000000E+01     4  3.507545E+03 -9.565516E+01 -3.456370E+02 -3.490474E+03
  6.500000E-01  3.000000E+01     5  4.839437E+04  1.332734E+02 -3.317339E+04  3.523551E+04
  6.500000E-01  3.000000E+01     6  2.247354E+04 -1.724649E+00  2.246336E+04 -6.763694E+02
  6.500000E-01  6.000000E+01     1  5.283823E+02  1.135135E+02 -2.108059E+02  4.845087E+02
  6.500000E-01  6.000000E+01     2  9.923576E+02  8.952466E+01  8.232736E+00  9.923234E+02
  6.500000E-01  6.000000E+01     3  1.801110E+03  6.893855E+01  6.472632E+02  1.680788E+03
  6.500000E-01  6.000000E+01     4  1.255475E+04 -9.047753E+01 -1.046361E+02 -1.255431E+04
  6.500000E-01  6.000000E+01     5  3.628060E+04  1.323924E+02 -2.446055E+04  2.679484E+04
  6.500000E-01  6.000000E+01     6  2.512634E+04 -9.707221E-01  2.512273E+04 -4.256775E+02
  6.500000E-01  9.000000E+01     1  1.892936E-12  2.286494E+01  1.744196E-12  7.355199E-13
  6.500000E-01  9.000000E+01     2  1.402823E+03  9.125044E+01 -3.061322E+01  1.402489E+03
  6.500000E-01  9.000000E+01     3  2.352868E+03  6.576096E+01  9.659568E+02  2.145441E+03
  6.500000E-01  9.000000E+01     4  1.916920E+04 -8.886745E+01  3.788887E+02 -1.916546E+04
  6.500000E-01  9.000000E+01     5  2.049418E-10 -1.041350E+02 -5.004832E-11 -1.987368E-10
  6.500000E-01  9.000000E+01     6  1.290960E-10  8.345760E+01  1.470898E-11  1.282553E-10
  6.500000E-01  1.200000E+02     1  5.283823E+02 -6.648653E+01  2.108059E+02 -4.845087E+02
  6.500000E-01  1.200000E+02     2  9.923576E+02  8.952466E+01  8.232736E+00  9.923234E+02
  6.500000E-01  1.200000E+02     3  1.801110E+03  6.893855E+01  6.472632E+02  1.680788E+03
  6.500000E-01  1.200000E+02     4  1.255475E+04 -9.047753E+01 -1.046361E+02 -1.255431E+04
  6.500000E-01  1.200000E+02     5  3.628060E+04 -4.760758E+01  2.446055E+04 -2.679484E+04
  6.500000E-01  1.200000E+02     6  2.512634E+04  1.790293E+02 -2.512273E+04  4.256775E+02
  6.500000E-01  1.500000E+02     1  4.120839E+02 -4.161979E+01  3.080611E+02 -2.736997E+02
  6.500000E-01  1.500000E+02     2  3.294395E+02  8.513921E+01  2.791507E+01  3.282547E+02
  6.500000E-01  1.500000E+02     3  9.053048E+02  8.188616E+01  1.277751E+02  8.962424E+02
  6.500000E-01  1.500000E+02     4  3.507545E+03 -9.565516E+01 -3.456370E+02 -3.490474E+03
  6.500000E-01  1.500000E+02     5  4.839437E+04 -4.672660E+01  3.317339E+04 -3.523551E+04
  6.500000E-01  1.500000E+02     6  2.247354E+04  1.782754E+02 -2.246336E+04  6.763694E+02
  6.500000E-01  1.800000E+02     1  3.262325E+02 -1.131171E+01  3.198953E+02 -6.398935E+01
  6.500000E-01  1.800000E+02     2  1.815957E-12 -4.517862E+01  1.280066E-12 -1.288072E-12
  6.500000E-01  1.800000E+02     3  5.799000E+02  9.762546E+01 -7.695094E+01  5.747718E+02
  6.500000E-01  1.800000E+02     4  4.244648E-11 -1.814476E+01  4.033573E-11 -1.321864E-11
  6.500000E-01  1.800000E+02     5  4.797816E+04 -4.613101E+01  3.324943E+04 -3.458872E+04
  6.500000E-01  1.800000E+02     6  4.366597E-11 -1.151201E+02 -1.853694E-11 -3.953605E-11
  7.750000E-01  0.000000E+00     1  5.446665E+02 -1.175726E+02 -2.521106E+02 -4.828062E+02
  7.750000E-01  0.000000E+00     2  1.956630E-12  1.750063E+02 -1.949203E-12  1.703184E-13
  7.750000E-01  0.000000E+00     3  4.560006E+02 -1.524348E+02 -4.042375E+02 -2.110179E+02
  7.750000E-01  0.000000E+00     4  9.086729E-11 -1.099389E+02 -3.098735E-11 -8.542042E-11
  7.750000E-01  0.000000E+00     5  2.335886E+04 -1.759682E+02 -2.330105E+04 -1.642355E+03
  7.750000E-01  0.000000E+00     6  1.754164E-10  1.001836E+02 -3.101430E-11  1.726529E-10
  7.750000E-01  3.000000E+01     1  3.573652E+02 -1.475680E+02 -3.016263E+02 -1.916545E+02
  7.750000E-01  3.000000E+01     2  2.044295E+01 -5.419594E+01  1.195943E+01 -1.657969E+01
  7.750000E-01  3.000000E+01     3  3.971457E+02  1.613967E+02 -3.763948E+02  1.266950E+02
  7.750000E-01  3.000000E+01     4  7.221630E+02  9.993234E+01 -1.245624E+02  7.113393E+02
  7.750000E-01  3.000000E+01     5  3.228271E+04  1.727458E+02 -3.202431E+04  4.076413E+03
  7.750000E-01  3.000000E+01     6  2.269361E+04  2.890747E-01  2.269332E+04  1.144957E+02
  7.750000E-01  6.000000E+01     1  4.855768E+02  1.168348E+02 -2.191990E+02  4.332859E+02
  7.750000E-01  6.000000E+01     2  7.400946E+02  1.016541E+02 -1.495014E+02  7.248375E+02
  7.750000E-01  6.000000E+01     3  1.147554E+03  9.683938E+01 -1.366582E+02  1.139388E+03
  7.750000E-01  6.000000E+01     4  6.874200E+03 -7.624865E+01  1.634058E+03 -6.677161E+03
  7.750000E-01  6.000000E+01     5  3.598931E+04  1.637618E+02 -3.455361E+04  1.006374E+04
  7.750000E-01  6.000000E+01     6  3.028245E+04  9.158425E+00  2.989641E+04  4.819902E+03
  7.750000E-01  9.000000E+01     1  1.212203E-12  7.408377E+01  3.324244E-13  1.165732E-12
  7.750000E-01  9.000000E+01     2  1.370155E+03  1.057798E+02 -3.726003E+02  1.318520E+03
  7.750000E-01  9.000000E+01     3  1.797048E+03  8.702736E+01  9.319322E+01  1.794630E+03
  7.750000E-01  9.000000E+01     4  1.602208E+04 -7.540979E+01  4.036028E+03 -1.550541E+04
  7.750000E-01  9.000000E+01     5  1.335361E-10  9.844170E+01 -1.960350E-11  1.320894E-10
  7.750000E-01  9.000000E+01     6  3.245404E-10 -1.113915E+02 -1.183723E-10 -3.021828E-10
  7.750000E-01  1.200000E+02     1  4.855768E+02 -6.316518E+01  2.191990E+02 -4.332859E+02
  7.750000E-01  1.200000E+02     2  7.400946E+02  1.016541E+02 -1.495014E+02  7.248375E+02
  7.750000E-01  1.200000E+02     3  1.147554E+03  9.683938E+01 -1.366582E+02  1.139388E+03
  7.750000E-01  1.200000E+02     4  6.874200E+03 -7.624865E+01  1.634058E+03 -6.677161E+03
  7.750000E-01  1.200000E+02     5  3.598931E+04 -1.623821E+01  3.455361E+04 -1.006374E+04
  7.750000E-01  1.200000E+02     6  3.028245E+04 -1.708416E+02 -2.989641E+04 -4.819902E+03
  7.750000E-01  1.500000E+02     1  3.573652E+02  3.243203E+01  3.016263E+02  1.916545E+02
  7.750000E-01  1.500000E+02     2  2.044295E+01 -5.419594E+01  1.195943E+01 -1.657969E+01
  7.750000E-01  1.500000E+02     3  3.971457E+02  1.613967E+02 -3.763948E+02  1.266950E+02
  7.750000E-01  1.500000E+02     4  7.221630E+02  9.993234E+01 -1.245624E+02  7.113393E+02
  7.750000E-01  1.500000E+02     5  3.228271E+04 -7.254238E+00  3.202431E+04 -4.076413E+03
  7.750000E-01  1.500000E+02     6  2.269361E+04 -1.797109E+02 -2.269332E+04 -1.144957E+02
  7.750000E-01  1.800000E+02     1  5.446665E+02  6.242745E+01  2.521106E+02  4.828062E+02
  7.750000E-01  1.800000E+02     2  2.726885E-12 -4.247131E+01  2.011392E-12 -1.841250E-12
  7.750000E-01  1.800000E+02     3  4.560006E+02 -1.524348E+02 -4.042375E+02 -2.110179E+02
  7.750000E-01  1.800000E+02     4  1.108212E-10 -9.674513E-01  1.108054E-10 -1.871151E-12
  7.750000E-01  1.800000E+02     5  2.335886E+04  4.031778E+00  2.330105E+04  1.642355E+03
  7.750000E-01  1.800000E+02     6  1.318607E-10 -9.083546E+01 -1.922671E-12 -1.318467E-10
  8.000000E-01  0.000000E+00     1  5.705292E+02 -1.089983E+02 -1.857301E+02 -5.394515E+02
  8.000000E-01  0.000000E+00     2  4.956534E-12  2.870357E+01  4.347457E-12  2.380515E-12
  8.000000E-01  0.000000E+00     3  4.800137E+02 -1.371722E+02 -3.520421E+02 -3.263120E+02
  8.000000E-01  0.000000E+00     4  1.341756E-10  8.698888E+01  7.048224E-12  1.339904E-10
  8.000000E-01  0.000000E+00     5  1.962187E+04 -1.584027E+02 -1.824429E+04 -7.222441E+03
  8.000000E-01  0.000000E+00     6  3.490683E-10 -1.228151E+01  3.410796E-10 -7.425208E-11
  8.000000E-01  3.000000E+01     1  3.880598E+02 -1.335717E+02 -2.674750E+02 -2.811539E+02
  8.000000E-01  3.000000E+01     2  8.849116E+01 -8.094866E+01  1.392138E+01 -8.738925E+01
  8.000000E-01  3.000000E+01     3  3.677967E+02 -1.779325E+02 -3.675573E+02 -1.326925E+01
  8.000000E-01  3.000000E+01     4  1.214719E+03  9.825500E+01 -1.744080E+02  1.202133E+03
  8.000000E-01  3.000000E+01     5  2.884117E+04 -1.774346E+02 -2.881227E+04 -1.290910E+03
  8.000000E-01  3.000000E+01     6  2.101889E+04  5.336483E-01  2.101798E+04  1.957655E+02
  8.000000E-01  6.000000E+01     1  4.409890E+02  1.184865E+02 -2.103302E+02  3.875984E+02
  8.000000E-01  6.000000E+01     2  6.757351E+02  1.051332E+02 -1.764097E+02  6.523017E+02
  8.000000E-01  6.000000E+01     3  1.032042E+03  1.030968E+02 -2.338581E+02  1.005197E+03
  8.000000E-01  6.000000E+01     4  5.744393E+03 -7.134503E+01  1.837450E+03 -5.442594E+03
  8.000000E-01  6.000000E+01     5  3.523940E+04  1.690361E+02 -3.459619E+04  6.702174E+03
  8.000000E-01  6.000000E+01     6  3.079524E+04  1.246794E+01  3.006899E+04  6.648485E+03
  8.000000E-01  9.000000E+01     1  7.744199E-13 -5.180484E+01  4.788564E-13 -6.086236E-13
  8.000000E-01  9.000000E+01     2  1.348425E+03  1.098410E+02 -4.576705E+02  1.268380E+03
  8.000000E-01  9.000000E+01     3  1.679642E+03  9.232141E+01 -6.803426E+01  1.678263E+03
  8.000000E-01  9.000000E+01     4  1.526812E+04 -7.178462E+01  4.772661E+03 -1.450301E+04
  8.000000E-01  9.000000E+01     5  2.674493E-10  1.380849E+02 -1.990187E-10  1.786636E-10
  8.000000E-01  9.000000E+01     6  8.476362E-11 -1.503095E+02 -7.363534E-11 -4.198460E-11
  8.000000E-01  1.200000E+02     1  4.409890E+02 -6.151354E+01  2.103302E+02 -3.875984E+02
  8.000000E-01  1.200000E+02     2  6.757351E+02  1.051332E+02 -1.764097E+02  6.523017E+02
  8.000000E-01  1.200000E+02     3  1.032042E+03  1.030968E+02 -2.338581E+02  1.005197E+03
  8.000000E-01  1.200000E+02     4  5.744393E+03 -7.134503E+01  1.837450E+03 -5.442594E+03
  8.000000E-01  1.200000E+02     5  3.523940E+04 -1.096386E+01  3.459619E+04 -6.702174E+03
  8.000000E-01  1.200000E+02     6  3.079524E+04 -1.675321E+02 -3.006899E+04 -6.648485E+03
  8.000000E-01  1.500000E+02     1  3.880598E+02  4.642826E+01  2.674750E+02  2.811539E+02
  8.000000E-01  1.500000E+02     2  8.849116E+01 -8.094866E+01  1.392138E+01 -8.738925E+01
  8.000000E-01  1.500000E+02     3  3.677967E+02 -1.779325E+02 -3.675573E+02 -1.326925E+01
  8.000000E-01  1.500000E+02     4  1.214719E+03  9.825500E+01 -1.744080E+02  1.202133E+03
  8.000000E-01  1.500000E+02     5  2.884117E+04  2.565374E+00  2.881227E+04  1.290910E+03
  8.000000E-01  1.500000E+02     6  2.101889E+04 -1.794664E+02 -2.101798E+04 -1.957655E+02
  8.000000E-01  1.800000E+02     1  5.705292E+02  7.100171E+01  1.857301E+02  5.394515E+02
  8.000000E-01  1.800000E+02     2  5.965116E-12  2.453288E+01  5.426604E-12  2.476808E-12
  8.000000E-01  1.800000E+02     3  4.800137E+02 -1.371722E+02 -3.520421E+02 -3.263120E+02
  8.000000E-01  1.800000E+02     4  1.500885E-10  8.086490E+01  2.382848E-11  1.481849E-10
  8.000000E-01  1.800000E+02     5  1.962187E+04  2.159733E+01  1.824429E+04  7.222441E+03
  8.000000E-01  1.800000E+02     6  2.331391E-10 -1.207367E+02 -1.191558E-10 -2.003890E-10
  1.000000E+00  0.000000E+00     1  5.002217E+02  5.188841E+00  4.981718E+02  4.523936E+01
  1.000000E+00  0.000000E+00     2  3.832582E-12 -6.264291E+01  1.761205E-12 -3.403945E-12
  1.000000E+00  0.000000E+00     3  2.934932E+02 -1.255982E+01  2.864698E+02 -6.382268E+01
  1.000000E+00  0.000000E+00     4  2.627367E-10 -4.069719E+01  1.991981E-10 -1.713204E-10
  1.000000E+00  0.000000E+00     5  1.625560E+04 -1.776909E+01  1.548011E+04 -4.960910E+03
  1.000000E+00  0.000000E+00     6  9.402164E-11  1.013689E+02 -1.853404E-11  9.217677E-11
  1.000000E+00  3.000000E+01     1  3.979403E+02 -4.950907E+01  2.583936E+02 -3.026371E+02
  1.000000E+00  3.000000E+01     2  2.252844E+02 -8.001913E+01  3.904615E+01 -2.218749E+02
  1.000000E+00  3.000000E+01     3  3.689135E+02 -5.806280E+01  1.951513E+02 -3.130704E+02
  1.000000E+00  3.000000E+01     4  8.935243E+02 -1.621450E+02 -8.504881E+02 -2.739628E+02
  1.000000E+00  3.000000E+01     5  9.719352E+03 -4.541053E+01  6.823200E+03 -6.921686E+03
  1.000000E+00  3.000000E+01     6  9.253514E+03  1.771911E+02 -9.242396E+03  4.534729E+02
  1.000000E+00  6.000000E+01     1  1.454988E+02  1.784247E+02 -1.454438E+02  3.999745E+00
  1.000000E+00  6.000000E+01     2  8.770087E+01  1.276184E+02 -5.353258E+01  6.946730E+01
  1.000000E+00  6.000000E+01     3  2.707797E+02  1.626719E+02 -2.584904E+02  8.064968E+01
  1.000000E+00  6.000000E+01     4  1.284397E+03  7.308157E+01  3.737724E+02  1.228808E+03
  1.000000E+00  6.000000E+01     5  2.046243E+04 -1.398576E+02 -1.564239E+04 -1.319192E+04
  1.000000E+00  6.000000E+01     6  2.674625E+04  3.843306E+01  2.095127E+04  1.662546E+04
  1.000000E+00  9.000000E+01     1  7.631506E-13  6.842840E+01  2.805827E-13  7.096986E-13
  1.000000E+00  9.000000E+01     2  1.192311E+03  1.560449E+02 -1.089610E+03  4.841026E+02
  1.000000E+00  9.000000E+01     3  9.960293E+02  1.468060E+02 -8.334990E+02  5.453015E+02
  1.000000E+00  9.000000E+01     4  9.362479E+03 -3.465764E+01  7.701244E+03 -5.324176E+03
  1.000000E+00  9.000000E+01     5  1.931594E-10  1.229830E+02 -1.051540E-10  1.620284E-10
  1.000000E+00  9.000000E+01     6  2.680610E-10 -1.738692E+02 -2.665279E-10 -2.862850E-11
  1.000000E+00  1.200000E+02     1  1.454988E+02 -1.575253E+00  1.454438E+02 -3.999745E+00
  1.000000E+00  1.200000E+02     2  8.770087E+01  1.276184E+02 -5.353258E+01  6.946730E+01
  1.000000E+00  1.200000E+02     3  2.707797E+02  1.626719E+02 -2.584904E+02  8.064968E+01
  1.000000E+00  1.200000E+02     4  1.284397E+03  7.308157E+01  3.737724E+02  1.228808E+03
  1.000000E+00  1.200000E+02     5  2.046243E+04  4.014242E+01  1.564239E+04  1.319192E+04
  1.000000E+00  1.200000E+02     6  2.674625E+04 -1.415669E+02 -2.095127E+04 -1.662546E+04
  1.000000E+00  1.500000E+02     1  3.979403E+02  1.304909E+02 -2.583936E+02  3.026371E+02
  1.000000E+00  1.500000E+02     2  2.252844E+02 -8.001913E+01  3.904615E+01 -2.218749E+02
  1.000000E+00  1.500000E+02     3  3.689135E+02 -5.806280E+01  1.951513E+02 -3.130704E+02
  1.000000E+00  1.500000E+02     4  8.935243E+02 -1.621450E+02 -8.504881E+02 -2.739628E+02
  1.000000E+00  1.500000E+02     5  9.719352E+03  1.345895E+02 -6.823200E+03  6.921686E+03
  1.000000E+00  1.500000E+02     6  9.253514E+03 -2.808932E+00  9.242396E+03 -4.534729E+02
  1.000000E+00  1.800000E+02     1  5.002217E+02 -1.748112E+02 -4.981718E+02 -4.523936E+01
  1.000000E+00  1.800000E+02     2  7.413537E-12 -4.770145E+01  4.989265E-12 -5.483409E-12
  1.000000E+00  1.800000E+02     3  2.934932E+02 -1.255982E+01  2.864698E+02 -6.382268E+01
  1.000000E+00  1.800000E+02     4  5.287515E-10 -7.716135E+00  5.239639E-10 -7.099296E-11
  1.000000E+00  1.800000E+02     5  1.625560E+04  1.622309E+02 -1.548011E+04  4.960910E+03
  1.000000E+00  1.800000E+02     6  1.978829E-10  1.160458E+02 -8.688827E-11  1.777866E-10
