  6.000000E-01  0.000000E+00     1  1.226767E-09 -1.227336E+01  1.198729E-09 -2.607813E-10
  6.000000E-01  0.000000E+00     2  2.778551E-23  1.087791E+02 -8.944700E-24  2.630641E-23
  6.000000E-01  0.000000E+00     3  2.881082E-09  8.846339E+01  7.725806E-11  2.880046E-09
  6.000000E-01  0.000000E+00     4  3.688086E-26 -9.632570E+01 -4.063541E-27 -3.665632E-26
  6.000000E-01  0.000000E+00     5  1.662673E-12  1.714553E+02 -1.644218E-12  2.470406E-13
  6.000000E-01  0.000000E+00     6  7.259432E-27 -2.236150E+01  6.713537E-27 -2.761844E-27
  6.000000E-01  3.000000E+01     1  1.721541E-09 -8.151007E+00  1.704150E-09 -2.440845E-10
  6.000000E-01  3.000000E+01     2  1.355260E-09 -2.212654E+00  1.354250E-09 -5.232455E-11
  6.000000E-01  3.000000E+01     3  3.906025E-09  8.390942E+01  4.144316E-10  3.883977E-09
  6.000000E-01  3.000000E+01     4  6.488575E-13 -2.442974E+00  6.482678E-13 -2.765756E-14
  6.000000E-01  3.000000E+01     5  1.598841E-12  1.719974E+02 -1.583271E-12  2.225867E-13
  6.000000E-01  3.000000E+01     6  3.799729E-13 -8.817660E+01  1.209034E-14 -3.797805E-13
  6.000000E-01  6.000000E+01     1  1.903913E-09 -4.887215E+00  1.896991E-09 -1.622031E-10
  6.000000E-01  6.000000E+01     2  3.341830E-09 -1.277623E+00  3.340999E-09 -7.451238E-11
  6.000000E-01  6.000000E+01     3  6.313952E-09  7.919188E+01  1.183996E-09  6.201947E-09
  6.000000E-01  6.000000E+01     4  1.769983E-12 -1.335832E+00  1.769502E-12 -4.126282E-14
  6.000000E-01  6.000000E+01     5  1.115863E-12  1.730170E+02 -1.107585E-12  1.356610E-13
  6.000000E-01  6.000000E+01     6  4.135495E-13 -8.803763E+01  1.416124E-14 -4.133070E-13
  6.000000E-01  9.000000E+01     1  3.867716E-24  2.764062E+01  3.426312E-24  1.794327E-24
  6.000000E-01  9.000000E+01     2  4.456065E-09 -9.662981E-01  4.455432E-09 -7.514835E-11
  6.000000E-01  9.000000E+01     3  7.692659E-09  7.785468E+01  1.618473E-09  7.520475E-09
  6.000000E-01  9.000000E+01     4  2.478256E-12 -9.999355E-01  2.477878E-12 -4.324874E-14
  6.000000E-01  9.000000E+01     5  6.150793E-27 -1.270470E+02 -3.705668E-27 -4.909204E-27
  6.000000E-01  9.000000E+01     6  1.044781E-27 -1.467817E+02 -8.740532E-28 -5.723625E-28
  6.000000E-01  1.200000E+02     1  1.903913E-09  1.751128E+02 -1.896991E-09  1.622031E-10
  6.000000E-01  1.200000E+02     2  3.341830E-09 -1.277623E+00  3.340999E-09 -7.451238E-11
  6.000000E-01  1.200000E+02     3  6.313952E-09  7.919188E+01  1.183996E-09  6.201947E-09
  6.000000E-01  1.200000E+02     4  1.769983E-12 -1.335832E+00  1.769502E-12 -4.126282E-14
  6.000000E-01  1.200000E+02     5  1.115863E-12 -6.983011E+00  1.107585E-12 -1.356610E-13
  6.000000E-01  1.200000E+02     6  4.135495E-13  9.196237E+01 -1.416124E-14  4.133070E-13
  6.000000E-01  1.500000E+02     1  1.721541E-09  1.718490E+02 -1.704150E-09  2.440845E-10
  6.000000E-01  1.500000E+02     2  1.355260E-09 -2.212654E+00  1.354250E-09 -5.232455E-11
  6.000000E-01  1.500000E+02     3  3.906025E-09  8.390942E+01  4.144316E-10  3.883977E-09
  6.000000E-01  1.500000E+02     4  6.488575E-13 -2.442974E+00  6.482678E-13 -2.765756E-14
  6.000000E-01  1.500000E+02     5  1.598841E-12 -8.002570E+00  1.583271E-12 -2.225867E-13
  6.000000E-01  1.500000E+02     6  3.799729E-13  9.182340E+01 -1.209034E-14  3.797805E-13
  6.000000E-01  1.800000E+02     1  1.226767E-09  1.677266E+02 -1.198729E-09  2.607813E-10
  6.000000E-01  1.800000E+02     2  1.527797E-23 -3.639458E+01  1.229800E-23 -9.065074E-24
  6.000000E-01  1.800000E+02     3  2.881082E-09  8.846339E+01  7.725806E-11  2.880046E-09
  6.000000E-01  1.800000E+02     4  1.632689E-26  1.050858E+02 -4.249326E-27  1.576422E-26
  6.000000E-01  1.800000E+02     5  1.662673E-12 -8.544667E+00  1.644218E-12 -2.470406E-13
  6.000000E-01  1.800000E+02     6  3.973364E-27 -1.779090E+02 -3.970719E-27 -1.449723E-28
  6.500000E-01  0.000000E+00     1  2.379837E-10 -1.199693E+02 -1.188813E-10 -2.061636E-10
  6.500000E-01  0.000000E+00     2  1.861678E-23 -8.959913E+00  1.838961E-23 -2.899441E-24
  6.500000E-01  0.000000E+00     3  1.856124E-09  9.968522E+01 -3.122653E-10  1.829669E-09
  6.500000E-01  0.000000E+00     4  4.146082E-26  1.450193E+02 -3.397071E-26  2.376953E-26
  6.500000E-01  0.000000E+00     5  1.651027E-12  1.612333E+02 -1.563252E-12  5.311596E-13
  6.500000E-01  0.000000E+00     6  2.551449E-27 -5.994534E+01  1.277832E-27 -2.208402E-27
  6.500000E-01  3.000000E+01     1  6.260648E-10 -2.177624E+01  5.813886E-10 -2.322592E-10
  6.500000E-01  3.000000E+01     2  9.031480E-10 -5.448198E+00  8.990680E-10 -8.575007E-11
  6.500000E-01  3.000000E+01     3  2.897669E-09  8.394591E+01  3.056092E-10  2.881508E-09
  6.500000E-01  3.000000E+01     4  6.003335E-13 -6.424045E+00  5.965641E-13 -6.716890E-14
  6.500000E-01  3.000000E+01     5  1.697205E-12  1.618701E+02 -1.612945E-12  5.281245E-13
  6.500000E-01  3.000000E+01     6  3.683889E-13 -8.600335E+01  2.567603E-14 -3.674931E-13
  6.500000E-01  6.000000E+01     1  1.391461E-09 -8.650455E+00  1.375632E-09 -2.092841E-10
  6.500000E-01  6.000000E+01     2  2.724321E-09 -3.955053E+00  2.717833E-09 -1.879070E-10
  6.500000E-01  6.000000E+01     3  5.764933E-09  7.099831E+01  1.877039E-09  5.450796E-09
  6.500000E-01  6.000000E+01     4  2.154980E-12 -4.107243E+00  2.149446E-12 -1.543473E-13
  6.500000E-01  6.000000E+01     5  1.315429E-12  1.631192E+02 -1.258748E-12  3.819759E-13
  6.500000E-01  6.000000E+01     6  4.118739E-13 -8.524942E+01  3.411067E-14 -4.104590E-13
  6.500000E-01  9.000000E+01     1  7.557140E-24 -1.189421E+02 -3.657097E-24 -6.613320E-24
  6.500000E-01  9.000000E+01     2  3.847757E-09 -3.686436E+00  3.839796E-09 -2.473957E-10
  6.500000E-01  9.000000E+01     3  7.530981E-09  6.782072E+01  2.842990E-09  6.973742E-09
  6.500000E-01  9.000000E+01     4  3.289029E-12 -3.620931E+00  3.282463E-12 -2.077190E-13
  6.500000E-01  9.000000E+01     5  4.223712E-27  1.716010E+02 -4.178412E-27  6.169398E-28
  6.500000E-01  9.000000E+01     6  5.344905E-27  1.556451E+02 -4.869253E-27  2.204174E-27
  6.500000E-01  1.200000E+02     1  1.391461E-09  1.713495E+02 -1.375632E-09  2.092841E-10
  6.500000E-01  1.200000E+02     2  2.724321E-09 -3.955053E+00  2.717833E-09 -1.879070E-10
  6.500000E-01  1.200000E+02     3  5.764933E-09  7.099831E+01  1.877039E-09  5.450796E-09
  6.500000E-01  1.200000E+02     4  2.154980E-12 -4.107243E+00  2.149446E-12 -1.543473E-13
  6.500000E-01  1.200000E+02     5  1.315429E-12 -1.688078E+01  1.258748E-12 -3.819759E-13
  6.500000E-01  1.200000E+02     6  4.118739E-13  9.475058E+01 -3.411067E-14  4.104590E-13
  6.500000E-01  1.500000E+02     1  6.260648E-10  1.582238E+02 -5.813886E-10  2.322592E-10
  6.500000E-01  1.500000E+02     2  9.031480E-10 -5.448198E+00  8.990680E-10 -8.575007E-11
  6.500000E-01  1.500000E+02     3  2.897669E-09  8.394591E+01  3.056092E-10  2.881508E-09
  6.500000E-01  1.500000E+02     4  6.003335E-13 -6.424045E+00  5.965641E-13 -6.716890E-14
  6.500000E-01  1.500000E+02     5  1.697205E-12 -1.812993E+01  1.612945E-12 -5.281245E-13
  6.500000E-01  1.500000E+02     6  3.683889E-13  9.399665E+01 -2.567603E-14  3.674931E-13
  6.500000E-01  1.800000E+02     1  2.379837E-10  6.003071E+01  1.188813E-10  2.061636E-10
  6.500000E-01  1.800000E+02     2  1.073955E-23 -5.733950E+01  5.795707E-24 -9.041445E-24
  6.500000E-01  1.800000E+02     3  1.856124E-09  9.968522E+01 -3.122653E-10  1.829669E-09
  6.500000E-01  1.800000E+02     4  2.472529E-26  6.304147E+01  1.120910E-26  2.203851E-26
  6.500000E-01  1.800000E+02     5  1.651027E-12 -1.876666E+01  1.563252E-12 -5.311596E-13
  6.500000E-01  1.800000E+02     6  1.771360E-27  1.576210E+02 -1.637951E-27  6.744134E-28
  7.750000E-01  0.000000E+00     1  1.431027E-09  1.730807E+02 -1.420605E-09  1.723973E-10
  7.750000E-01  0.000000E+00     2  6.074813E-23  1.565055E+02 -5.571202E-23  2.421790E-23
  7.750000E-01  0.000000E+00     3  1.083873E-09  1.605896E+02 -1.022268E-09  3.602065E-10
  7.750000E-01  0.000000E+00     4  1.173576E-25 -9.608301E+01 -1.243630E-26 -1.166969E-25
  7.750000E-01  0.000000E+00     5  5.843614E-13  1.515178E+02 -5.136334E-13  2.786735E-13
  7.750000E-01  0.000000E+00     6  2.166402E-27  7.166108E+01  6.816309E-28  2.056375E-27
  7.750000E-01  3.000000E+01     1  1.004269E-09  1.618455E+02 -9.542764E-10  3.129106E-10
  7.750000E-01  3.000000E+01     2  1.006833E-10 -1.331366E+01  9.797734E-11 -2.318553E-11
  7.750000E-01  3.000000E+01     3  9.439797E-10  1.144211E+02 -3.902782E-10  8.595235E-10
  7.750000E-01  3.000000E+01     4  3.094248E-13  1.046329E+02 -7.816835E-14  2.993884E-13
  7.750000E-01  3.000000E+01     5  8.626277E-13  1.381426E+02 -6.424921E-13  5.756131E-13
  7.750000E-01  3.000000E+01     6  2.744363E-13 -7.891911E+01  5.274521E-14 -2.693199E-13
  7.750000E-01  6.000000E+01     1  4.753758E-10  3.922547E+01  3.682563E-10  3.006152E-10
  7.750000E-01  6.000000E+01     2  2.330141E-10  6.867298E+01  8.474502E-11  2.170572E-10
  7.750000E-01  6.000000E+01     3  2.727633E-09  4.986374E+01  1.758253E-09  2.085313E-09
  7.750000E-01  6.000000E+01     4  3.396440E-12 -5.865219E+01  1.766937E-12 -2.900645E-12
  7.750000E-01  6.000000E+01     5  1.049746E-12  1.283611E+02 -6.514893E-13  8.231211E-13
  7.750000E-01  6.000000E+01     6  3.662091E-13 -7.004976E+01  1.249520E-13 -3.442326E-13
  7.750000E-01  9.000000E+01     1  1.002345E-23 -1.491069E+02 -8.601395E-24 -5.146420E-24
  7.750000E-01  9.000000E+01     2  6.824200E-10  1.329837E+02 -4.652676E-10  4.992225E-10
  7.750000E-01  9.000000E+01     3  4.271422E-09  4.005172E+01  3.269620E-09  2.748570E-09
  7.750000E-01  9.000000E+01     4  7.569618E-12 -6.082584E+01  3.689932E-12 -6.609352E-12
  7.750000E-01  9.000000E+01     5  1.470430E-26  1.295587E+02 -9.364706E-27  1.133661E-26
  7.750000E-01  9.000000E+01     6  3.829508E-27  1.686970E+02 -3.755233E-27  7.505736E-28
  7.750000E-01  1.200000E+02     1  4.753758E-10 -1.407745E+02 -3.682563E-10 -3.006152E-10
  7.750000E-01  1.200000E+02     2  2.330141E-10  6.867298E+01  8.474502E-11  2.170572E-10
  7.750000E-01  1.200000E+02     3  2.727633E-09  4.986374E+01  1.758253E-09  2.085313E-09
  7.750000E-01  1.200000E+02     4  3.396440E-12 -5.865219E+01  1.766937E-12 -2.900645E-12
  7.750000E-01  1.200000E+02     5  1.049746E-12 -5.163886E+01  6.514893E-13 -8.231211E-13
  7.750000E-01  1.200000E+02     6  3.662091E-13  1.099502E+02 -1.249520E-13  3.442326E-13
  7.750000E-01  1.500000E+02     1  1.004269E-09 -1.815450E+01  9.542764E-10 -3.129106E-10
  7.750000E-01  1.500000E+02     2  1.006833E-10 -1.331366E+01  9.797734E-11 -2.318553E-11
  7.750000E-01  1.500000E+02     3  9.439797E-10  1.144211E+02 -3.902782E-10  8.595235E-10
  7.750000E-01  1.500000E+02     4  3.094248E-13  1.046329E+02 -7.816835E-14  2.993884E-13
  7.750000E-01  1.500000E+02     5  8.626277E-13 -4.185738E+01  6.424921E-13 -5.756131E-13
  7.750000E-01  1.500000E+02     6  2.744363E-13  1.010809E+02 -5.274521E-14  2.693199E-13
  7.750000E-01  1.800000E+02     1  1.431027E-09 -6.919287E+00  1.420605E-09 -1.723973E-10
  7.750000E-01  1.800000E+02     2  4.939247E-23 -3.052202E+01  4.254836E-23 -2.508493E-23
  7.750000E-01  1.800000E+02     3  1.083873E-09  1.605896E+02 -1.022268E-09  3.602065E-10
  7.750000E-01  1.800000E+02     4  8.567900E-26  7.551662E+01  2.142825E-26  8.295614E-26
  7.750000E-01  1.800000E+02     5  5.843614E-13 -2.848219E+01  5.136334E-13 -2.786735E-13
  7.750000E-01  1.800000E+02     6  1.103643E-27 -1.326137E+02 -7.472240E-28 -8.122097E-28
  8.000000E-01  0.000000E+00     1  1.368125E-09  1.784583E+02 -1.367630E-09  3.680966E-11
  8.000000E-01  0.000000E+00     2  1.154712E-23 -4.750354E+01  7.800594E-24 -8.513910E-24
  8.000000E-01  0.000000E+00     3  1.012153E-09  1.687282E+02 -9.926292E-10  1.978386E-10
  8.000000E-01  0.000000E+00     4  1.717764E-26  6.758993E+01  6.548683E-27  1.588037E-26
  8.000000E-01  0.000000E+00     5  4.330720E-13  1.624066E+02 -4.128154E-13  1.309003E-13
  8.000000E-01  0.000000E+00     6  4.082851E-27 -8.251343E+01  5.319701E-28 -4.048046E-27
  8.000000E-01  3.000000E+01     1  1.049870E-09  1.655355E+02 -1.016591E-09  2.622370E-10
  8.000000E-01  3.000000E+01     2  1.487145E-10 -7.849385E+01  2.966452E-11 -1.457258E-10
  8.000000E-01  3.000000E+01     3  7.755328E-10  1.279680E+02 -4.771239E-10  6.113950E-10
  8.000000E-01  3.000000E+01     4  5.005646E-13  8.315333E+01  5.967364E-14  4.969950E-13
  8.000000E-01  3.000000E+01     5  6.714336E-13  1.394684E+02 -5.103217E-13  4.363426E-13
  8.000000E-01  3.000000E+01     6  2.429951E-13 -7.808734E+01  5.015914E-14 -2.377618E-13
  8.000000E-01  6.000000E+01     1  4.515641E-10  5.069856E+01  2.860208E-10  3.494313E-10
  8.000000E-01  6.000000E+01     2  7.813698E-10  8.191329E+01  1.099165E-10  7.736002E-10
  8.000000E-01  6.000000E+01     3  2.176154E-09  4.899725E+01  1.427765E-09  1.642296E-09
  8.000000E-01  6.000000E+01     4  2.576864E-12 -8.051092E+01  4.248209E-13 -2.541605E-12
  8.000000E-01  6.000000E+01     5  8.998246E-13  1.241649E+02 -5.053208E-13  7.445368E-13
  8.000000E-01  6.000000E+01     6  3.560175E-13 -6.615305E+01  1.439360E-13 -3.256238E-13
  8.000000E-01  9.000000E+01     1  1.100505E-23 -1.701566E+02 -1.084304E-23 -1.881384E-24
  8.000000E-01  9.000000E+01     2  1.974871E-09  1.013120E+02 -3.873748E-10  1.936506E-09
  8.000000E-01  9.000000E+01     3  3.541678E-09  3.822183E+01  2.782417E-09  2.191264E-09
  8.000000E-01  9.000000E+01     4  6.402423E-12 -8.436092E+01  6.291126E-13 -6.371439E-12
  8.000000E-01  9.000000E+01     5  1.321027E-26  1.146777E+02 -5.515470E-27  1.200378E-26
  8.000000E-01  9.000000E+01     6  3.349490E-27 -1.611051E+02 -3.169001E-27 -1.084674E-27
  8.000000E-01  1.200000E+02     1  4.515641E-10 -1.293014E+02 -2.860208E-10 -3.494313E-10
  8.000000E-01  1.200000E+02     2  7.813698E-10  8.191329E+01  1.099165E-10  7.736002E-10
  8.000000E-01  1.200000E+02     3  2.176154E-09  4.899725E+01  1.427765E-09  1.642296E-09
  8.000000E-01  1.200000E+02     4  2.576864E-12 -8.051092E+01  4.248209E-13 -2.541605E-12
  8.000000E-01  1.200000E+02     5  8.998246E-13 -5.583507E+01  5.053208E-13 -7.445368E-13
  8.000000E-01  1.200000E+02     6  3.560175E-13  1.138469E+02 -1.439360E-13  3.256238E-13
  8.000000E-01  1.500000E+02     1  1.049870E-09 -1.446452E+01  1.016591E-09 -2.622370E-10
  8.000000E-01  1.500000E+02     2  1.487145E-10 -7.849385E+01  2.966452E-11 -1.457258E-10
  8.000000E-01  1.500000E+02     3  7.755328E-10  1.279680E+02 -4.771239E-10  6.113950E-10
  8.000000E-01  1.500000E+02     4  5.005646E-13  8.315333E+01  5.967364E-14  4.969950E-13
  8.000000E-01  1.500000E+02     5  6.714336E-13 -4.053158E+01  5.103217E-13 -4.363426E-13
  8.000000E-01  1.500000E+02     6  2.429951E-13  1.019127E+02 -5.015914E-14  2.377618E-13
  8.000000E-01  1.800000E+02     1  1.368125E-09 -1.541740E+00  1.367630E-09 -3.680966E-11
  8.000000E-01  1.800000E+02     2  6.198751E-23 -3.185024E+01  5.265407E-23 -3.271086E-23
  8.000000E-01  1.800000E+02     3  1.012153E-09  1.687282E+02 -9.926292E-10  1.978386E-10
  8.000000E-01  1.800000E+02     4  1.028445E-25  7.264741E+01  3.067349E-26  9.816381E-26
  8.000000E-01  1.800000E+02     5  4.330720E-13 -1.759338E+01  4.128154E-13 -1.309003E-13
  8.000000E-01  1.800000E+02     6  2.900454E-27  1.654301E+02 -2.807180E-27  7.296394E-28
  1.000000E+00  0.000000E+00     1  8.245107E-10 -7.386850E+01  2.290844E-10 -7.920469E-10
  1.000000E+00  0.000000E+00     2  6.625198E-24  1.359788E+02 -4.764062E-24  4.604017E-24
  1.000000E+00  0.000000E+00     3  2.526067E-10 -9.325129E+01 -1.432666E-11 -2.522001E-10
  1.000000E+00  0.000000E+00     4  1.974740E-26 -1.306048E+02 -1.285235E-26 -1.499256E-26
  1.000000E+00  0.000000E+00     5  1.487285E-13 -8.963654E+01  9.434665E-16 -1.487255E-13
  1.000000E+00  0.000000E+00     6  7.828650E-28  4.552497E+01  5.484739E-28  5.586179E-28
  1.000000E+00  3.000000E+01     1  6.266139E-10 -1.279008E+02 -3.849265E-10 -4.944458E-10
  1.000000E+00  3.000000E+01     2  2.989902E-10 -1.472361E+02 -2.514233E-10 -1.618069E-10
  1.000000E+00  3.000000E+01     3  3.175201E-10 -1.387543E+02 -2.387399E-10 -2.093377E-10
  1.000000E+00  3.000000E+01     4  1.162474E-13  9.609884E+01 -1.235059E-14  1.155895E-13
  1.000000E+00  3.000000E+01     5  9.664295E-14 -1.173731E+02 -4.443474E-14 -8.582199E-14
  1.000000E+00  3.000000E+01     6  7.380362E-14  9.835188E+01 -1.072013E-14  7.302091E-14
  1.000000E+00  6.000000E+01     1  2.260374E-10  1.221656E+02 -1.203352E-10  1.913436E-10
  1.000000E+00  6.000000E+01     2  8.677834E-11  6.361667E+01  3.856208E-11  7.773960E-11
  1.000000E+00  6.000000E+01     3  2.330574E-10  8.198047E+01  3.251399E-11  2.307782E-10
  1.000000E+00  6.000000E+01     4  1.089892E-13 -1.882229E+01  1.031609E-13 -3.516361E-14
  1.000000E+00  6.000000E+01     5  1.866000E-13  1.409909E+02 -1.449968E-13  1.174542E-13
  1.000000E+00  6.000000E+01     6  2.133211E-13 -4.040613E+01  1.624374E-13 -1.382750E-13
  1.000000E+00  9.000000E+01     1  9.262085E-25  4.307517E+01  6.765567E-25  6.325608E-25
  1.000000E+00  9.000000E+01     2  1.940332E-09  8.933730E+01  2.244179E-11  1.940203E-09
  1.000000E+00  9.000000E+01     3  8.572724E-10  6.611454E+01  3.471177E-10  7.838528E-10
  1.000000E+00  9.000000E+01     4  9.225970E-13 -9.887039E+01 -1.422643E-13 -9.115624E-13
  1.000000E+00  9.000000E+01     5  2.921108E-27  1.977407E+01  2.748862E-27  9.882459E-28
  1.000000E+00  9.000000E+01     6  3.388722E-27  1.055838E+02 -9.103694E-28  3.264148E-27
  1.000000E+00  1.200000E+02     1  2.260374E-10 -5.783437E+01  1.203352E-10 -1.913436E-10
  1.000000E+00  1.200000E+02     2  8.677834E-11  6.361667E+01  3.856208E-11  7.773960E-11
  1.000000E+00  1.200000E+02     3  2.330574E-10  8.198047E+01  3.251399E-11  2.307782E-10
  1.000000E+00  1.200000E+02     4  1.089892E-13 -1.882229E+01  1.031609E-13 -3.516361E-14
  1.000000E+00  1.200000E+02     5  1.866000E-13 -3.900909E+01  1.449968E-13 -1.174542E-13
  1.000000E+00  1.200000E+02     6  2.133211E-13  1.395939E+02 -1.624374E-13  1.382750E-13
  1.000000E+00  1.500000E+02     1  6.266139E-10  5.209921E+01  3.849265E-10  4.944458E-10
  1.000000E+00  1.500000E+02     2  2.989902E-10 -1.472361E+02 -2.514233E-10 -1.618069E-10
  1.000000E+00  1.500000E+02     3  3.175201E-10 -1.387543E+02 -2.387399E-10 -2.093377E-10
  1.000000E+00  1.500000E+02     4  1.162474E-13  9.609884E+01 -1.235059E-14  1.155895E-13
  1.000000E+00  1.500000E+02     5  9.664295E-14  6.262693E+01  4.443474E-14  8.582199E-14
  1.000000E+00  1.500000E+02     6  7.380362E-14 -8.164812E+01  1.072013E-14 -7.302091E-14
  1.000000E+00  1.800000E+02     1  8.245107E-10  1.061315E+02 -2.290844E-10  7.920469E-10
  1.000000E+00  1.800000E+02     2  1.912416E-23 -1.782760E+02 -1.911551E-23 -5.753457E-25
  1.000000E+00  1.800000E+02     3  2.526067E-10 -9.325129E+01 -1.432666E-11 -2.522001E-10
  1.000000E+00  1.800000E+02     4  4.326837E-26 -8.657753E+01  2.583031E-27 -4.319121E-26
  1.000000E+00  1.800000E+02     5  1.487285E-13  9.036346E+01 -9.434665E-16  1.487255E-13
  1.000000E+00  1.800000E+02     6  1.635692E-27  2.775322E+01  1.447524E-27  7.616832E-28
