  6.000000E-01     1     1  6.613439E+03  3.258618E+03
  6.000000E-01     1     2  3.112690E-12  7.944399E-12
  6.000000E-01     1     3  1.263088E-11  1.920735E-11
  6.000000E-01     1     4  3.394500E-11  1.235848E-10
  6.000000E-01     1     5  1.650209E+05  3.278454E+05
  6.000000E-01     1     6  2.201953E-10  3.479209E-10
  6.000000E-01     2     1  2.131323E-12  8.654249E-12
  6.000000E-01     2     2  1.865424E+04  1.332012E+04
  6.000000E-01     2     3  9.270635E-12 -1.105413E-10
  6.000000E-01     2     4 -1.246470E+05 -1.866465E+05
  6.000000E-01     2     5  1.819941E-09 -3.224988E-09
  6.000000E-01     2     6 -2.407810E-11 -6.323813E-10
  6.000000E-01     3     1 -6.017749E-12 -2.952087E-11
  6.000000E-01     3     2  1.134943E-10  8.768416E-11
  6.000000E-01     3     3  1.006462E+05  5.786982E+04
  6.000000E-01     3     4 -1.107933E-09 -4.817512E-11
  6.000000E-01     3     5 -2.880740E-09 -2.029980E-09
  6.000000E-01     3     6 -3.394784E-10 -6.550491E-10
  6.000000E-01     4     1  2.254207E-10  1.832062E-10
  6.000000E-01     4     2 -1.271212E+05 -1.866676E+05
  6.000000E-01     4     3 -1.687598E-09 -2.070911E-09
  6.000000E-01     4     4  1.113713E+07  2.617187E+06
  6.000000E-01     4     5 -2.171697E-08 -1.026041E-07
  6.000000E-01     4     6 -8.185190E-09 -1.489761E-08
  6.000000E-01     5     1  1.691108E+05  3.289227E+05
  6.000000E-01     5     2  4.178813E-10 -5.138786E-10
  6.000000E-01     5     3 -2.846795E-09  2.819991E-09
  6.000000E-01     5     4  6.677750E-09 -7.321778E-09
  6.000000E-01     5     5  1.029119E+08  3.584488E+07
  6.000000E-01     5     6 -5.208693E-08 -7.621086E-09
  6.000000E-01     6     1 -5.694697E-10  7.979655E-10
  6.000000E-01     6     2  7.933278E-11 -1.727301E-10
  6.000000E-01     6     3  4.309269E-09 -2.483054E-09
  6.000000E-01     6     4 -2.029420E-08 -1.491100E-08
  6.000000E-01     6     5  5.149987E-08  1.354552E-07
  6.000000E-01     6     6  2.183446E+07  5.146816E+06
  6.500000E-01     1     1  6.481051E+03  3.602294E+03
  6.500000E-01     1     2  2.250223E-12 -6.817286E-12
  6.500000E-01     1     3 -8.625559E-12  3.590747E-11
  6.500000E-01     1     4  1.731110E-10 -1.981026E-11
  6.500000E-01     1     5  1.027006E+05  3.180983E+05
  6.500000E-01     1     6 -1.694695E-10 -3.669376E-12
  6.500000E-01     2     1 -6.716064E-12  4.428369E-12
  6.500000E-01     2     2  1.607688E+04  1.487537E+04
  6.500000E-01     2     3  1.376097E-10  3.105319E-11
  6.500000E-01     2     4 -8.212688E+04 -1.940668E+05
  6.500000E-01     2     5  6.150988E-10  4.280939E-10
  6.500000E-01     2     6  3.225556E-10  4.107080E-10
  6.500000E-01     3     1  9.787050E-12  1.047847E-11
  6.500000E-01     3     2  2.909496E-12  1.803291E-11
  6.500000E-01     3     3  9.546538E+04  5.006708E+04
  6.500000E-01     3     4  6.162630E-10 -1.340109E-09
  6.500000E-01     3     5 -2.449606E-09  4.564005E-10
  6.500000E-01     3     6  1.245019E-09  8.422092E-11
  6.500000E-01     4     1  9.242596E-11  3.614335E-10
  6.500000E-01     4     2 -8.463464E+04 -1.941073E+05
  6.500000E-01     4     3  4.759833E-09 -1.712765E-09
  6.500000E-01     4     4  1.052597E+07  2.537758E+06
  6.500000E-01     4     5  7.681211E-09 -4.621614E-08
  6.500000E-01     4     6  7.704820E-09 -2.289210E-09
  6.500000E-01     5     1  1.066788E+05  3.193148E+05
  6.500000E-01     5     2  3.881056E-10  9.127334E-10
  6.500000E-01     5     3 -2.289542E-09 -3.738328E-09
  6.500000E-01     5     4 -2.541714E-08  1.535809E-09
  6.500000E-01     5     5  9.650808E+07  3.443940E+07
  6.500000E-01     5     6 -4.497769E-08 -5.118212E-09
  6.500000E-01     6     1  1.281193E-09  4.027140E-10
  6.500000E-01     6     2  1.825406E-09  3.353548E-10
  6.500000E-01     6     3  2.887668E-11  7.626449E-09
  6.500000E-01     6     4  1.506630E-08  1.260972E-08
  6.500000E-01     6     5 -1.228392E-08  4.596715E-08
  6.500000E-01     6     6  2.196507E+07  8.126820E+06
  7.750000E-01     1     1  5.780935E+03  5.216215E+03
  7.750000E-01     1     2 -2.746674E-12 -3.101584E-12
  7.750000E-01     1     3  1.435848E-11  1.284599E-11
  7.750000E-01     1     4  5.153508E-11 -6.559926E-11
  7.750000E-01     1     5  1.407885E+04  2.454552E+05
  7.750000E-01     1     6 -1.195614E-09 -1.338657E-09
  7.750000E-01     2     1  1.460000E-11 -8.825032E-12
  7.750000E-01     2     2  1.025706E+04  1.514496E+04
  7.750000E-01     2     3  1.013221E-10 -4.201851E-11
  7.750000E-01     2     4 -3.744624E+03 -1.638409E+05
  7.750000E-01     2     5 -1.007685E-08 -2.719374E-09
  7.750000E-01     2     6 -2.955246E-10 -9.265597E-10
  7.750000E-01     3     1 -2.015795E-11 -3.398118E-11
  7.750000E-01     3     2  2.105236E-11  2.995107E-11
  7.750000E-01     3     3  9.065832E+04  3.238013E+04
  7.750000E-01     3     4  1.971848E-09  2.937843E-09
  7.750000E-01     3     5 -7.038527E-09  7.880850E-09
  7.750000E-01     3     6 -1.336568E-09 -1.464616E-09
  7.750000E-01     4     1  2.209360E-10 -6.171409E-10
  7.750000E-01     4     2 -6.279579E+03 -1.639271E+05
  7.750000E-01     4     3 -5.151440E-10 -3.126078E-09
  7.750000E-01     4     4  9.638943E+06  1.792000E+06
  7.750000E-01     4     5 -2.632494E-07  2.346265E-07
  7.750000E-01     4     6 -2.530452E-08 -2.271035E-08
  7.750000E-01     5     1  1.772789E+04  2.467787E+05
  7.750000E-01     5     2  1.431391E-09 -3.499312E-10
  7.750000E-01     5     3  4.681235E-09  5.009603E-10
  7.750000E-01     5     4  5.817428E-08  5.046960E-08
  7.750000E-01     5     5  8.521432E+07  2.650483E+07
  7.750000E-01     5     6  8.951989E-08 -8.491412E-08
  7.750000E-01     6     1 -4.691821E-10 -1.806480E-09
  7.750000E-01     6     2 -4.601742E-10 -1.957280E-09
  7.750000E-01     6     3 -2.514429E-09 -2.928647E-09
  7.750000E-01     6     4  1.015550E-08 -1.455999E-08
  7.750000E-01     6     5 -1.490916E-07 -4.251579E-08
  7.750000E-01     6     6  1.720562E+07  1.455432E+07
  8.000000E-01     1     1  5.378811E+03  5.520805E+03
  8.000000E-01     1     2 -1.059561E-12 -5.173028E-12
  8.000000E-01     1     3 -2.460960E-11  1.005768E-11
  8.000000E-01     1     4 -1.059805E-11 -1.686070E-10
  8.000000E-01     1     5  6.969934E+03  2.337010E+05
  8.000000E-01     1     6  5.040499E-10 -2.676133E-10
  8.000000E-01     2     1 -5.185118E-12 -3.072207E-11
  8.000000E-01     2     2  9.435449E+03  1.491420E+04
  8.000000E-01     2     3  1.322325E-10  7.040820E-12
  8.000000E-01     2     4  5.772427E+03 -1.550373E+05
  8.000000E-01     2     5 -7.093839E-09 -1.582397E-09
  8.000000E-01     2     6 -4.305663E-10  2.656257E-10
  8.000000E-01     3     1 -1.628883E-11 -4.361582E-11
  8.000000E-01     3     2  4.482079E-11 -6.644413E-11
  8.000000E-01     3     3  9.060475E+04  2.943874E+04
  8.000000E-01     3     4 -3.234813E-09 -2.380054E-09
  8.000000E-01     3     5 -1.001342E-08  1.182524E-08
  8.000000E-01     3     6  1.409463E-09 -1.084508E-09
  8.000000E-01     4     1 -6.394967E-10 -5.977371E-10
  8.000000E-01     4     2  3.226620E+03 -1.551476E+05
  8.000000E-01     4     3  2.388481E-09 -5.782738E-09
  8.000000E-01     4     4  9.562025E+06  1.634259E+06
  8.000000E-01     4     5 -1.770966E-07  1.562039E-07
  8.000000E-01     4     6  1.360395E-08 -5.777217E-09
  8.000000E-01     5     1  1.059048E+04  2.350053E+05
  8.000000E-01     5     2  8.422188E-10 -8.145845E-10
  8.000000E-01     5     3  2.488975E-09  1.216803E-09
  8.000000E-01     5     4  4.800143E-08  1.468501E-08
  8.000000E-01     5     5  8.384507E+07  2.449861E+07
  8.000000E-01     5     6 -1.267395E-07  9.847526E-08
  8.000000E-01     6     1  5.398264E-10 -1.469743E-09
  8.000000E-01     6     2 -8.280750E-11  1.922982E-10
  8.000000E-01     6     3  1.496931E-09  8.024849E-10
  8.000000E-01     6     4 -1.153670E-08 -2.681982E-08
  8.000000E-01     6     5  7.090772E-08  1.971451E-08
  8.000000E-01     6     6  1.565708E+07  1.505524E+07
  1.000000E+00     1     1  2.102904E+03  5.386733E+03
  1.000000E+00     1     2  2.464509E-11 -2.907277E-12
  1.000000E+00     1     3 -1.746230E-12 -2.386337E-11
  1.000000E+00     1     4  1.845431E-10 -6.309143E-10
  1.000000E+00     1     5 -5.224612E+04  1.544411E+05
  1.000000E+00     1     6  3.926888E-10  1.796487E-10
  1.000000E+00     2     1  2.861581E-13  1.404171E-12
  1.000000E+00     2     2  4.151511E+03  1.264211E+04
  1.000000E+00     2     3 -1.043319E-10 -4.945877E-12
  1.000000E+00     2     4  4.369762E+04 -8.606393E+04
  1.000000E+00     2     5  3.085460E-09  1.618911E-09
  1.000000E+00     2     6  5.293206E-10 -1.277616E-09
  1.000000E+00     3     1 -9.913492E-12  3.575512E-11
  1.000000E+00     3     2 -6.385851E-11  1.416372E-10
  1.000000E+00     3     3  9.452004E+04  1.273248E+04
  1.000000E+00     3     4  7.106389E-09 -1.940516E-09
  1.000000E+00     3     5  1.134237E-08  8.954326E-10
  1.000000E+00     3     6  2.035891E-09 -1.699323E-09
  1.000000E+00     4     1  2.381470E-10  4.920298E-10
  1.000000E+00     4     2  4.100694E+04 -8.663930E+04
  1.000000E+00     4     3 -2.777675E-09 -6.456481E-10
  1.000000E+00     4     4  9.483009E+06  6.768171E+05
  1.000000E+00     4     5  1.294605E-07 -9.465542E-08
  1.000000E+00     4     6 -4.416252E-08 -6.560901E-08
  1.000000E+00     5     1 -4.872457E+04  1.562331E+05
  1.000000E+00     5     2 -3.077148E-09 -8.964763E-10
  1.000000E+00     5     3  1.723322E-09 -4.827926E-10
  1.000000E+00     5     4 -5.675843E-08  9.426849E-08
  1.000000E+00     5     5  8.165500E+07  1.059229E+07
  1.000000E+00     5     6  8.863349E-08  7.092984E-08
  1.000000E+00     6     1  6.236312E-10 -6.207208E-10
  1.000000E+00     6     2 -1.721158E-09  1.587749E-09
  1.000000E+00     6     3  1.202002E-09  9.531859E-10
  1.000000E+00     6     4  7.578336E-08  2.406356E-08
  1.000000E+00     6     5  1.041664E-07 -2.055815E-08
  1.000000E+00     6     6  1.029948E+07  1.370201E+07
