  0.000   0.000    0.23042E-05   0.93973E-06   0.57714E-04  -0.26460E-05   0.23883E-05   0.39404E-06
 -1.000  -1.000    0.10117E-05   0.44494E-06   0.38572E-04  -0.26228E-05   0.24187E-05   0.37685E-06
  0.120   0.990    0.24501E-05   0.10088E-05   0.57237E-04  -0.26549E-05   0.24054E-05   0.40614E-06
  0.207   1.400    0.26500E-05   0.10912E-05   0.54924E-04  -0.26685E-05   0.24147E-05   0.40861E-06
  0.301   1.715    0.28897E-05   0.11802E-05   0.50550E-04  -0.26641E-05   0.24237E-05   0.41149E-06
  0.400   1.981    0.31127E-05   0.12889E-05   0.46069E-04  -0.26651E-05   0.24238E-05   0.41449E-06
  0.500   2.214    0.32952E-05   0.13983E-05   0.42186E-04  -0.26573E-05   0.24120E-05   0.41739E-06
  0.600   2.426    0.33815E-05   0.13618E-05   0.39089E-04  -0.26520E-05   0.24028E-05   0.41996E-06
  0.700   2.620    0.33381E-05   0.13696E-05   0.36599E-04  -0.26774E-05   0.23724E-05   0.42196E-06
  0.800   2.801    0.29704E-05   0.85820E-06   0.34797E-04  -0.26970E-05   0.23745E-05   0.42311E-06
  0.900   2.971    0.28648E-05   0.11830E-05   0.33348E-04  -0.26537E-05   0.23238E-05   0.42330E-06
  1.000   3.132    0.25492E-05   0.10672E-05   0.32209E-04  -0.26536E-05   0.22906E-05   0.41712E-06
  1.100   3.284    0.21281E-05   0.94509E-06   0.31510E-04  -0.26542E-05   0.22837E-05   0.41866E-06
  1.200   3.430    0.17131E-05   0.77046E-06   0.31015E-04  -0.26393E-05   0.22745E-05   0.42012E-06
  1.300   3.571    0.13456E-05   0.68147E-06   0.30788E-04  -0.26747E-05   0.22669E-05   0.42149E-06
  1.400   3.705    0.10125E-05   0.52073E-06   0.30631E-04  -0.26588E-05   0.23163E-05   0.42285E-06
  1.500   3.835    0.70121E-06   0.35339E-06   0.30683E-04  -0.26537E-05   0.23091E-05   0.42412E-06
  1.600   3.961    0.49455E-06   0.28566E-06   0.30750E-04  -0.26914E-05   0.23241E-05   0.42533E-06
  1.700   4.083    0.30757E-06   0.18631E-06   0.30846E-04  -0.26951E-05   0.23553E-05   0.42654E-06
  1.800   4.201    0.13504E-06   0.13579E-06   0.31268E-04  -0.27381E-05   0.23486E-05   0.42769E-06
  1.900   4.317    0.10742E-07   0.72226E-07   0.31228E-04  -0.27696E-05   0.23943E-05   0.42871E-06
  2.000   4.429   -0.49240E-07   0.68678E-07   0.31628E-04  -0.27127E-05   0.23982E-05   0.42995E-06
  2.100   4.538   -0.15567E-05  -0.32656E-05   0.32134E-04  -0.36033E-05   0.27678E-05   0.43090E-06
  2.200   4.645   -0.18150E-06  -0.39348E-07   0.32214E-04  -0.27946E-05   0.24333E-05   0.43219E-06
  2.300   4.749   -0.19854E-06  -0.14442E-06   0.32627E-04  -0.28625E-05   0.24374E-05   0.43315E-06
  2.400   4.851   -0.22017E-06  -0.74933E-07   0.32804E-04  -0.28035E-05   0.24495E-05   0.43416E-06
  2.500   4.951   -0.22516E-06  -0.10197E-06   0.33092E-04  -0.28849E-05   0.24330E-05   0.43522E-06
  2.600   5.049   -0.24154E-06  -0.14512E-06   0.33520E-04  -0.28284E-05   0.24605E-05   0.43623E-06
  2.700   5.146   -0.21566E-06  -0.10663E-06   0.33594E-04  -0.29423E-05   0.25171E-05   0.43724E-06
  2.800   5.240   -0.17391E-06  -0.79597E-07   0.33818E-04  -0.28782E-05   0.24932E-05   0.43817E-06
  2.900   5.333   -0.16381E-06  -0.12334E-06   0.34320E-04  -0.29197E-05   0.24702E-05   0.43909E-06
  3.000   5.424   -0.17093E-06  -0.14947E-06   0.34398E-04  -0.28772E-05   0.25088E-05   0.43995E-06
