  0.000   0.000   -0.45815E+02   0.14667E+01   0.69811E+00  -0.41152E+01   0.23291E+03   0.62986E-07
 -1.000  -1.000   -0.30537E+02   0.60418E+00   0.49623E+00  -0.42080E+01   0.23105E+03   0.55064E-07
  0.120   0.990   -0.46955E+02   0.15606E+01   0.69260E+00  -0.41244E+01   0.23567E+03   0.81951E-07
  0.207   1.400   -0.46316E+02   0.16917E+01   0.66685E+00  -0.41246E+01   0.23630E+03   0.83777E-07
  0.301   1.715   -0.45859E+02   0.18458E+01   0.62057E+00  -0.41233E+01   0.23697E+03   0.87394E-07
  0.400   1.981   -0.46334E+02   0.19985E+01   0.57227E+00  -0.41184E+01   0.23755E+03   0.95535E-07
  0.500   2.214   -0.48306E+02   0.21199E+01   0.53143E+00  -0.41099E+01   0.23800E+03   0.92257E-07
  0.600   2.426   -0.52060E+02   0.21886E+01   0.50148E+00  -0.40984E+01   0.23831E+03   0.10067E-06
  0.700   2.620   -0.57529E+02   0.21803E+01   0.47484E+00  -0.40859E+01   0.23851E+03   0.10066E-06
  0.800   2.801   -0.64254E+02   0.20858E+01   0.45312E+00  -0.40751E+01   0.23861E+03   0.12239E-06
  0.900   2.971   -0.71495E+02   0.19109E+01   0.44099E+00  -0.40661E+01   0.23862E+03   0.10958E-06
  1.000   3.132   -0.77536E+02   0.16764E+01   0.42945E+00  -0.40564E+01   0.23738E+03   0.13246E-06
  1.100   3.284   -0.83822E+02   0.14033E+01   0.42247E+00  -0.40576E+01   0.23797E+03   0.99337E-07
  1.200   3.430   -0.88673E+02   0.11217E+01   0.41782E+00  -0.40620E+01   0.23864E+03   0.10691E-06
  1.300   3.571   -0.91884E+02   0.85392E+00   0.41264E+00  -0.40677E+01   0.23933E+03   0.10706E-06
  1.400   3.705   -0.93526E+02   0.61376E+00   0.41359E+00  -0.40732E+01   0.23999E+03   0.11563E-06
  1.500   3.835   -0.93764E+02   0.40968E+00   0.41489E+00  -0.40766E+01   0.24056E+03   0.11539E-06
  1.600   3.961   -0.92862E+02   0.24097E+00   0.41339E+00  -0.40770E+01   0.24112E+03   0.10980E-06
  1.700   4.083   -0.91134E+02   0.10576E+00   0.41741E+00  -0.40747E+01   0.24157E+03   0.10375E-06
  1.800   4.201   -0.88755E+02   0.97048E-03   0.41316E+00  -0.40699E+01   0.24191E+03   0.11557E-06
  1.900   4.317   -0.85941E+02  -0.79235E-01   0.41442E+00  -0.40605E+01   0.24216E+03   0.13422E-06
  2.000   4.429   -0.82879E+02  -0.13717E+00   0.42128E+00  -0.40476E+01   0.24234E+03   0.11406E-06
  2.100   4.538   -0.79576E+02  -0.18508E+00   0.42234E+00  -0.40331E+01   0.24242E+03   0.58110E-06
  2.200   4.645   -0.76343E+02  -0.20952E+00   0.42626E+00  -0.40137E+01   0.24247E+03   0.12105E-06
  2.300   4.749   -0.72964E+02  -0.23128E+00   0.42331E+00  -0.39904E+01   0.24243E+03   0.11087E-06
  2.400   4.851   -0.69875E+02  -0.23832E+00   0.42701E+00  -0.39673E+01   0.24239E+03   0.12206E-06
  2.500   4.951   -0.66596E+02  -0.23771E+00   0.42759E+00  -0.39353E+01   0.24224E+03   0.13770E-06
  2.600   5.049   -0.63519E+02  -0.23298E+00   0.43071E+00  -0.39026E+01   0.24208E+03   0.15981E-06
  2.700   5.146   -0.60573E+02  -0.22721E+00   0.43383E+00  -0.38671E+01   0.24190E+03   0.14930E-06
  2.800   5.240   -0.57712E+02  -0.21101E+00   0.43750E+00  -0.38283E+01   0.24168E+03   0.10595E-06
  2.900   5.333   -0.55005E+02  -0.19471E+00   0.43544E+00  -0.37870E+01   0.24145E+03   0.13617E-06
  3.000   5.424   -0.52396E+02  -0.17657E+00   0.43818E+00  -0.37433E+01   0.24114E+03   0.15159E-06
