  0.000   0.000    0.00000E+00   0.00000E+00   0.00000E+00   0.00000E+00   0.00000E+00   0.00000E+00
 -1.000  -1.000    0.00000E+00   0.00000E+00   0.00000E+00   0.00000E+00   0.00000E+00   0.00000E+00
  0.120   0.990   -0.61101E-02  -0.24380E+00  -0.54937E+00   0.31091E-01  -0.62917E-03   0.18370E-11
  0.207   1.400   -0.44747E-01  -0.16412E+01  -0.11218E+01   0.18018E+00  -0.37162E-02   0.83492E-10
  0.301   1.715   -0.16916E+00  -0.56614E+01  -0.16557E+01   0.52578E+00  -0.11004E-01   0.41317E-09
  0.400   1.981   -0.42963E+00  -0.13010E+02  -0.20175E+01   0.99912E+00  -0.21070E-01   0.76997E-09
  0.500   2.214   -0.85677E+00  -0.23241E+02  -0.22363E+01   0.14267E+01  -0.29874E-01   0.15862E-08
  0.600   2.426   -0.14578E+01  -0.34885E+02  -0.23421E+01   0.16203E+01  -0.32737E-01   0.20827E-08
  0.700   2.620   -0.22036E+01  -0.45608E+02  -0.23656E+01   0.14473E+01  -0.25795E-01   0.33453E-08
  0.800   2.801   -0.30314E+01  -0.52709E+02  -0.23232E+01   0.88794E+00  -0.78495E-02   0.10479E-07
  0.900   2.971   -0.38563E+01  -0.53830E+02  -0.22634E+01   0.49328E-01   0.18801E-01  -0.76817E-08
  1.000   3.132   -0.45861E+01  -0.47862E+02  -0.21608E+01  -0.84527E+00   0.45930E-01   0.42083E-08
  1.100   3.284   -0.51716E+01  -0.34642E+02  -0.20564E+01  -0.16461E+01   0.75849E-01  -0.42891E-08
  1.200   3.430   -0.55716E+01  -0.15324E+02  -0.19310E+01  -0.21143E+01   0.98952E-01  -0.20415E-07
  1.300   3.571   -0.57848E+01   0.83619E+01  -0.18000E+01  -0.21290E+01   0.11138E+00  -0.13628E-06
  1.400   3.705   -0.58348E+01   0.34557E+02  -0.16827E+01  -0.16658E+01   0.11122E+00   0.17180E-07
  1.500   3.835   -0.57532E+01   0.61994E+02  -0.15577E+01  -0.71731E+00   0.97280E-01   0.28202E-07
  1.600   3.961   -0.55770E+01   0.89182E+02  -0.14514E+01   0.64095E+00   0.72606E-01   0.23293E-07
  1.700   4.083   -0.53393E+01   0.11518E+03  -0.13540E+01   0.23077E+01   0.38701E-01   0.50231E-07
  1.800   4.201   -0.50682E+01   0.13974E+03  -0.12499E+01   0.42341E+01  -0.31373E-02  -0.46617E-08
  1.900   4.317   -0.47643E+01   0.16258E+03  -0.11673E+01   0.63409E+01  -0.51878E-01   0.40091E-07
  2.000   4.429   -0.44601E+01   0.18337E+03  -0.10959E+01   0.85447E+01  -0.10465E+00   0.35469E-07
  2.100   4.538   -0.41560E+01   0.20231E+03  -0.10328E+01   0.10822E+02  -0.16041E+00   0.11287E-05
  2.200   4.645   -0.38583E+01   0.21947E+03  -0.97258E+00   0.13100E+02  -0.21960E+00   0.94644E-07
  2.300   4.749   -0.35641E+01   0.23473E+03  -0.90243E+00   0.15373E+02  -0.27945E+00  -0.61730E-07
  2.400   4.851   -0.32715E+01   0.24938E+03  -0.87934E+00   0.17651E+02  -0.34710E+00   0.24197E-06
  2.500   4.951   -0.30156E+01   0.26083E+03  -0.84009E+00   0.19742E+02  -0.40606E+00   0.29363E-06
  2.600   5.049   -0.27534E+01   0.27187E+03  -0.81000E+00   0.21830E+02  -0.47085E+00   0.79409E-06
  2.700   5.146   -0.25190E+01   0.28180E+03  -0.77369E+00   0.23830E+02  -0.52981E+00   0.56004E-06
  2.800   5.240   -0.22903E+01   0.29071E+03  -0.75453E+00   0.25752E+02  -0.59051E+00   0.55468E-06
  2.900   5.333   -0.20795E+01   0.29880E+03  -0.73151E+00   0.27584E+02  -0.64873E+00   0.94410E-06
  3.000   5.424   -0.18849E+01   0.30626E+03  -0.70624E+00   0.29324E+02  -0.70314E+00   0.11628E-05
