  0.000   0.000    0.00000E+00   0.00000E+00   0.00000E+00   0.00000E+00   0.00000E+00   0.00000E+00
 -1.000  -1.000    0.00000E+00   0.00000E+00   0.00000E+00   0.00000E+00   0.00000E+00   0.00000E+00
  0.120   0.990    0.17839E+01  -0.13398E-01  -0.17183E+00   0.30631E-02   0.23548E+00  -0.97663E-10
  0.207   1.400    0.13623E+02  -0.10156E+00  -0.36021E+00   0.23970E-01   0.15682E+01  -0.76409E-09
  0.301   1.715    0.53604E+02  -0.39908E+00  -0.55404E+00   0.96793E-01   0.53199E+01  -0.31265E-08
  0.400   1.981    0.14123E+03  -0.10512E+01  -0.71029E+00   0.26134E+00   0.11925E+02  -0.90379E-08
  0.500   2.214    0.29147E+03  -0.21572E+01  -0.83198E+00   0.55120E+00   0.20569E+02  -0.18451E-07
  0.600   2.426    0.51113E+03  -0.37229E+01  -0.93439E+00   0.98511E+00   0.29426E+02  -0.34976E-07
  0.700   2.620    0.79450E+03  -0.56046E+01  -0.10046E+01   0.15579E+01   0.36069E+02  -0.54687E-07
  0.800   2.801    0.11227E+04  -0.75236E+01  -0.10435E+01   0.22404E+01   0.38199E+02  -0.10002E-06
  0.900   2.971    0.14684E+04  -0.91702E+01  -0.10893E+01   0.29876E+01   0.34402E+02  -0.11196E-06
  1.000   3.132    0.18020E+04  -0.10295E+02  -0.11027E+01   0.37538E+01   0.25733E+02  -0.14738E-06
  1.100   3.284    0.21036E+04  -0.10825E+02  -0.11106E+01   0.44998E+01   0.98851E+01  -0.13609E-06
  1.200   3.430    0.23584E+04  -0.10806E+02  -0.11034E+01   0.51989E+01  -0.10239E+02  -0.16488E-06
  1.300   3.571    0.25613E+04  -0.10375E+02  -0.10843E+01   0.58341E+01  -0.32958E+02  -0.20952E-06
  1.400   3.705    0.27139E+04  -0.96904E+01  -0.10760E+01   0.63976E+01  -0.56729E+02  -0.18074E-06
  1.500   3.835    0.28219E+04  -0.88806E+01  -0.10583E+01   0.68879E+01  -0.80285E+02  -0.18447E-06
  1.600   3.961    0.28919E+04  -0.80445E+01  -0.10356E+01   0.73049E+01  -0.10300E+03  -0.17344E-06
  1.700   4.083    0.29313E+04  -0.72369E+01  -0.10195E+01   0.76572E+01  -0.12414E+03  -0.15134E-06
  1.800   4.201    0.29463E+04  -0.64990E+01  -0.98394E+00   0.79508E+01  -0.14345E+03  -0.18957E-06
  1.900   4.317    0.29426E+04  -0.58241E+01  -0.96377E+00   0.81907E+01  -0.16084E+03  -0.20934E-06
  2.000   4.429    0.29246E+04  -0.52367E+01  -0.95238E+00   0.83830E+01  -0.17631E+03  -0.17100E-06
  2.100   4.538    0.28957E+04  -0.47041E+01  -0.92819E+00   0.85374E+01  -0.18989E+03  -0.71537E-06
  2.200   4.645    0.28591E+04  -0.42450E+01  -0.90833E+00   0.86542E+01  -0.20174E+03  -0.16979E-06
  2.300   4.749    0.28162E+04  -0.38180E+01  -0.87212E+00   0.87377E+01  -0.21193E+03  -0.20148E-06
  2.400   4.851    0.27706E+04  -0.34612E+01  -0.85925E+00   0.88001E+01  -0.22072E+03  -0.15951E-06
  2.500   4.951    0.27203E+04  -0.31509E+01  -0.83572E+00   0.88229E+01  -0.22796E+03  -0.18309E-06
  2.600   5.049    0.26691E+04  -0.28606E+01  -0.81455E+00   0.88264E+01  -0.23402E+03  -0.13697E-06
  2.700   5.146    0.26168E+04  -0.25907E+01  -0.79041E+00   0.88053E+01  -0.23897E+03  -0.19000E-06
  2.800   5.240    0.25640E+04  -0.23571E+01  -0.77042E+00   0.87593E+01  -0.24287E+03  -0.18786E-06
  2.900   5.333    0.25113E+04  -0.21422E+01  -0.74332E+00   0.86873E+01  -0.24585E+03  -0.20254E-06
  3.000   5.424    0.24588E+04  -0.19450E+01  -0.71909E+00   0.85883E+01  -0.24785E+03  -0.21004E-06
