  0.000   0.000    0.00000E+00   0.00000E+00   0.00000E+00   0.00000E+00   0.00000E+00   0.00000E+00
 -1.000  -1.000    0.00000E+00   0.00000E+00   0.00000E+00   0.00000E+00   0.00000E+00   0.00000E+00
  0.120   0.990    0.24253E+00   0.75932E-02   0.11873E+00  -0.78688E-03   0.31009E-01  -0.59332E-11
  0.207   1.400    0.16319E+01   0.55572E-01   0.24211E+00  -0.46566E-02   0.17963E+00  -0.74492E-10
  0.301   1.715    0.56261E+01   0.20991E+00   0.35726E+00  -0.13819E-01   0.52407E+00  -0.32899E-09
  0.400   1.981    0.12920E+02   0.53257E+00   0.43416E+00  -0.26536E-01   0.99583E+00  -0.76634E-09
  0.500   2.214    0.23063E+02   0.10610E+01   0.47771E+00  -0.37816E-01   0.14223E+01  -0.16242E-08
  0.600   2.426    0.34582E+02   0.18033E+01   0.50416E+00  -0.41847E-01   0.16161E+01  -0.22657E-08
  0.700   2.620    0.45149E+02   0.27225E+01   0.50658E+00  -0.33875E-01   0.14453E+01  -0.31962E-08
  0.800   2.801    0.52074E+02   0.37412E+01   0.49156E+00  -0.12472E-01   0.89027E+00  -0.72872E-08
  0.900   2.971    0.53025E+02   0.47541E+01   0.48386E+00   0.19523E-01   0.57723E-01   0.12231E-08
  1.000   3.132    0.46905E+02   0.56500E+01   0.45760E+00   0.51970E-01  -0.83143E+00  -0.34055E-08
  1.100   3.284    0.33569E+02   0.63694E+01   0.43823E+00   0.87729E-01  -0.16264E+01   0.15162E-08
  1.200   3.430    0.14165E+02   0.68634E+01   0.40846E+00   0.11506E+00  -0.20905E+01   0.11883E-07
  1.300   3.571   -0.95647E+01   0.71311E+01   0.37780E+00   0.12942E+00  -0.21038E+01   0.66788E-07
  1.400   3.705   -0.35768E+02   0.72016E+01   0.35526E+00   0.12859E+00  -0.16426E+01  -0.28466E-08
  1.500   3.835   -0.63181E+02   0.71140E+01   0.32490E+00   0.11121E+00  -0.69913E+00  -0.43039E-08
  1.600   3.961   -0.90327E+02   0.69125E+01   0.30282E+00   0.81117E-01   0.65211E+00   0.50240E-08
  1.700   4.083   -0.11627E+03   0.66304E+01   0.28124E+00   0.39371E-01   0.23101E+01   0.36911E-08
  1.800   4.201   -0.14079E+03   0.63079E+01   0.25325E+00  -0.11727E-01   0.42263E+01   0.28401E-07
  1.900   4.317   -0.16356E+03   0.59442E+01   0.23854E+00  -0.71151E-01   0.63211E+01   0.20232E-07
  2.000   4.429   -0.18427E+03   0.55837E+01   0.22474E+00  -0.13478E+00   0.85114E+01   0.33830E-07
  2.100   4.538   -0.20318E+03   0.52226E+01   0.20951E+00  -0.20155E+00   0.10780E+02  -0.46773E-06
  2.200   4.645   -0.22024E+03   0.48573E+01   0.19618E+00  -0.27458E+00   0.13040E+02   0.43420E-07
  2.300   4.749   -0.23545E+03   0.45046E+01   0.17602E+00  -0.34639E+00   0.15302E+02   0.14870E-06
  2.400   4.851   -0.25005E+03   0.41598E+01   0.17271E+00  -0.42650E+00   0.17562E+02   0.48997E-07
  2.500   4.951   -0.26145E+03   0.38511E+01   0.16468E+00  -0.49714E+00   0.19640E+02   0.72497E-07
  2.600   5.049   -0.27243E+03   0.35433E+01   0.15712E+00  -0.57236E+00   0.21711E+02  -0.45602E-07
  2.700   5.146   -0.28234E+03   0.32549E+01   0.14485E+00  -0.64518E+00   0.23704E+02   0.96751E-07
  2.800   5.240   -0.29121E+03   0.29793E+01   0.14157E+00  -0.71804E+00   0.25613E+02   0.17634E-06
  2.900   5.333   -0.29927E+03   0.27247E+01   0.13411E+00  -0.78701E+00   0.27433E+02   0.14991E-06
  3.000   5.424   -0.30669E+03   0.24879E+01   0.12707E+00  -0.85249E+00   0.29163E+02   0.16421E-06
