  0.000   0.000    0.00000E+00   0.00000E+00   0.00000E+00   0.00000E+00   0.00000E+00   0.00000E+00
 -1.000  -1.000    0.00000E+00   0.00000E+00   0.00000E+00   0.00000E+00   0.00000E+00   0.00000E+00
  0.120   0.990    0.12080E-07   0.47941E-08   0.11090E-04   0.29526E-09   0.14320E-08   0.20161E-15
  0.207   1.400    0.88518E-07   0.35672E-07   0.22685E-04  -0.47066E-10   0.93962E-08   0.83165E-15
  0.301   1.715    0.33486E-06   0.13445E-06   0.33525E-04  -0.37390E-08   0.31040E-07   0.18927E-14
  0.400   1.981    0.84695E-06   0.34222E-06   0.41034E-04  -0.12107E-07   0.66946E-07   0.34076E-14
  0.500   2.214    0.16818E-05   0.68729E-06   0.45418E-04  -0.23503E-07   0.11058E-06   0.65868E-14
  0.600   2.426    0.28407E-05   0.11140E-05   0.47562E-04  -0.30149E-07   0.15066E-06   0.17912E-13
  0.700   2.620    0.42378E-05   0.16932E-05   0.47917E-04  -0.33412E-07   0.17353E-06   0.57585E-13
  0.800   2.801    0.55429E-05   0.17857E-05   0.47152E-04  -0.83338E-08   0.16349E-06   0.18164E-12
  0.900   2.971    0.71816E-05   0.28237E-05   0.45563E-04  -0.41274E-08   0.13530E-06   0.51254E-12
  1.000   3.132    0.85220E-05   0.33716E-05   0.43330E-04   0.22233E-07   0.81141E-07   0.13018E-11
  1.100   3.284    0.94741E-05   0.38632E-05   0.40648E-04   0.59360E-07  -0.23929E-08   0.30295E-11
  1.200   3.430    0.10085E-04   0.40548E-05   0.37824E-04   0.10022E-06  -0.96264E-07   0.65192E-11
  1.300   3.571    0.10401E-04   0.44107E-05   0.34869E-04   0.14376E-06  -0.19140E-06   0.13128E-10
  1.400   3.705    0.10672E-04   0.45069E-05   0.31945E-04   0.18286E-06  -0.28551E-06   0.24961E-10
  1.500   3.835    0.10401E-04   0.42697E-05   0.29148E-04   0.20902E-06  -0.36087E-06   0.45190E-10
  1.600   3.961    0.10278E-04   0.44275E-05   0.25974E-04   0.24146E-06  -0.43376E-06   0.78396E-10
  1.700   4.083    0.97793E-05   0.41524E-05   0.23628E-04   0.25262E-06  -0.48390E-06   0.13091E-09
  1.800   4.201    0.92790E-05   0.41786E-05   0.21329E-04   0.26885E-06  -0.52257E-06   0.21150E-09
  1.900   4.317    0.88111E-05   0.40765E-05   0.18984E-04   0.27079E-06  -0.55361E-06   0.33127E-09
  2.000   4.429    0.85287E-05   0.40208E-05   0.17087E-04   0.26596E-06  -0.58706E-06   0.50637E-09
  2.100   4.538    0.77699E-05   0.35869E-05   0.15373E-04   0.21799E-06  -0.57923E-06   0.75280E-09
  2.200   4.645    0.72534E-05   0.34342E-05   0.13629E-04   0.18489E-06  -0.58514E-06   0.10996E-08
  2.300   4.749    0.67154E-05   0.23612E-05   0.12190E-04   0.57196E-07  -0.57749E-06   0.15703E-08
  2.400   4.851    0.63175E-05   0.30956E-05   0.10924E-04   0.49033E-07  -0.58037E-06   0.21936E-08
  2.500   4.951    0.57580E-05   0.29889E-05   0.98452E-05  -0.49912E-07  -0.56368E-06   0.30198E-08
  2.600   5.049    0.56347E-05   0.31103E-05   0.87493E-05  -0.15068E-06  -0.58281E-06   0.40688E-08
  2.700   5.146    0.49882E-05   0.35736E-05   0.83001E-05  -0.25331E-06  -0.55095E-06   0.53949E-08
  2.800   5.240    0.49073E-05   0.32122E-05   0.77609E-05  -0.45898E-06  -0.56994E-06   0.70115E-08
  2.900   5.333    0.43171E-05   0.24578E-05   0.72807E-05  -0.74099E-06  -0.54171E-06   0.89450E-08
  3.000   5.424    0.39315E-05   0.21102E-05   0.69615E-05  -0.10114E-05  -0.52659E-06   0.11184E-07
