  0.000   0.000    0.00000E+00   0.00000E+00   0.00000E+00   0.00000E+00   0.00000E+00   0.00000E+00
 -1.000  -1.000    0.00000E+00   0.00000E+00   0.00000E+00   0.00000E+00   0.00000E+00   0.00000E+00
  0.120   0.990   -0.80792E-03  -0.48238E-02   0.38267E+03   0.32451E-01  -0.48975E-02   0.69986E-08
  0.207   1.400   -0.19508E-02  -0.11420E-01   0.77030E+03   0.13711E+00  -0.20640E-01   0.28552E-07
  0.301   1.715    0.17062E-02   0.11193E-01   0.11233E+04   0.31129E+00  -0.46699E-01   0.63494E-07
  0.400   1.981    0.18080E-01   0.10919E+00   0.13557E+04   0.51782E+00  -0.77426E-01   0.10514E-06
  0.500   2.214    0.52671E-01   0.31890E+00   0.14830E+04   0.73177E+00  -0.10913E+00   0.14414E-06
  0.600   2.426    0.11082E+00   0.66524E+00   0.15334E+04   0.94190E+00  -0.14012E+00   0.17487E-06
  0.700   2.620    0.18978E+00   0.11426E+01   0.15288E+04   0.11419E+01  -0.16949E+00   0.18364E-06
  0.800   2.801    0.28109E+00   0.17111E+01   0.14854E+04   0.13293E+01  -0.19755E+00   0.23618E-06
  0.900   2.971    0.39029E+00   0.23356E+01   0.14155E+04   0.15026E+01  -0.22364E+00   0.21940E-06
  1.000   3.132    0.48201E+00   0.29115E+01   0.13306E+04   0.16561E+01  -0.24705E+00   0.22850E-06
  1.100   3.284    0.57393E+00   0.34330E+01   0.12332E+04   0.17945E+01  -0.26842E+00   0.26356E-06
  1.200   3.430    0.63597E+00   0.38259E+01   0.11312E+04   0.19101E+01  -0.28703E+00   0.27761E-06
  1.300   3.571    0.67319E+00   0.40864E+01   0.10285E+04   0.19998E+01  -0.30108E+00   0.34367E-06
  1.400   3.705    0.70625E+00   0.42528E+01   0.92787E+03   0.20620E+01  -0.31201E+00   0.33833E-06
  1.500   3.835    0.70092E+00   0.42859E+01   0.83150E+03   0.20912E+01  -0.31852E+00   0.21986E-06
  1.600   3.961    0.70397E+00   0.42724E+01   0.74043E+03   0.20996E+01  -0.31977E+00   0.86062E-06
  1.700   4.083    0.68548E+00   0.41986E+01   0.65557E+03   0.20790E+01  -0.31815E+00   0.19567E-06
  1.800   4.201    0.63996E+00   0.40387E+01   0.57739E+03   0.20289E+01  -0.31000E+00   0.22003E-06
  1.900   4.317    0.61858E+00   0.38779E+01   0.50598E+03   0.19595E+01  -0.30025E+00  -0.62824E-05
  2.000   4.429    0.59487E+00   0.37080E+01   0.44124E+03   0.18724E+01  -0.28865E+00   0.23071E-06
  2.100   4.538    0.56592E+00   0.35295E+01   0.38305E+03   0.17713E+01  -0.27565E+00  -0.75890E-06
  2.200   4.645    0.51621E+00   0.33174E+01   0.33100E+03   0.16530E+01  -0.25534E+00  -0.26681E-05
  2.300   4.749    0.47010E+00   0.30607E+01   0.28511E+03   0.15272E+01  -0.23603E+00   0.67248E-06
  2.400   4.851    0.44402E+00   0.28966E+01   0.24370E+03   0.13938E+01  -0.21527E+00   0.58183E-06
  2.500   4.951    0.42164E+00   0.26949E+01   0.20867E+03   0.12654E+01  -0.19620E+00   0.74925E-06
  2.600   5.049    0.39872E+00   0.24966E+01   0.17772E+03   0.11343E+01  -0.17664E+00   0.14444E-05
  2.700   5.146    0.35048E+00   0.22588E+01   0.15090E+03   0.10077E+01  -0.15647E+00   0.15575E-05
  2.800   5.240    0.35851E+00   0.21188E+01   0.12801E+03   0.89345E+00  -0.14185E+00   0.13520E-05
  2.900   5.333    0.33592E+00   0.19324E+01   0.10837E+03   0.78339E+00  -0.12505E+00   0.18477E-05
  3.000   5.424    0.31268E+00   0.17470E+01   0.91735E+02   0.68297E+00  -0.11005E+00   0.21696E-05
