  0.000   0.000    0.00000E+00   0.00000E+00   0.00000E+00   0.00000E+00   0.00000E+00   0.00000E+00
 -1.000  -1.000    0.00000E+00   0.00000E+00   0.00000E+00   0.00000E+00   0.00000E+00   0.00000E+00
  0.120   0.990   -0.10769E-01   0.17817E+01  -0.80172E+00  -0.23498E+00  -0.24778E-02  -0.18678E-09
  0.207   1.400   -0.81664E-01   0.13606E+02  -0.16815E+01  -0.15641E+01  -0.19402E-01  -0.13150E-08
  0.301   1.715   -0.32109E+00   0.53537E+02  -0.25819E+01  -0.53025E+01  -0.78394E-01  -0.48331E-08
  0.400   1.981   -0.84633E+00   0.14106E+03  -0.33110E+01  -0.11877E+02  -0.21178E+00  -0.12272E-07
  0.500   2.214   -0.17380E+01   0.29111E+03  -0.38848E+01  -0.20467E+02  -0.44687E+00  -0.21321E-07
  0.600   2.426   -0.30019E+01   0.51051E+03  -0.43305E+01  -0.29243E+02  -0.79895E+00  -0.39374E-07
  0.700   2.620   -0.45228E+01   0.79356E+03  -0.46629E+01  -0.35777E+02  -0.12638E+01  -0.60737E-07
  0.800   2.801   -0.60753E+01   0.11214E+04  -0.48818E+01  -0.37778E+02  -0.18178E+01  -0.11272E-06
  0.900   2.971   -0.74092E+01   0.14669E+04  -0.50464E+01  -0.33838E+02  -0.24242E+01  -0.11543E-06
  1.000   3.132   -0.83200E+01   0.18003E+04  -0.51211E+01  -0.25022E+02  -0.30461E+01  -0.12600E-06
  1.100   3.284   -0.87453E+01   0.21018E+04  -0.51531E+01  -0.90323E+01  -0.36514E+01  -0.15204E-06
  1.200   3.430   -0.87235E+01   0.23566E+04  -0.51339E+01   0.11224E+02  -0.42188E+01  -0.16352E-06
  1.300   3.571   -0.83651E+01   0.25595E+04  -0.50872E+01   0.34066E+02  -0.47345E+01  -0.25105E-06
  1.400   3.705   -0.77989E+01   0.27123E+04  -0.50448E+01   0.57940E+02  -0.51921E+01  -0.11938E-06
  1.500   3.835   -0.71305E+01   0.28204E+04  -0.49656E+01   0.81589E+02  -0.55908E+01  -0.12180E-06
  1.600   3.961   -0.64419E+01   0.28906E+04  -0.49165E+01   0.10438E+03  -0.59300E+01  -0.11053E-06
  1.700   4.083   -0.57805E+01   0.29301E+04  -0.48595E+01   0.12558E+03  -0.62161E+01  -0.72907E-07
  1.800   4.201   -0.51776E+01   0.29453E+04  -0.47661E+01   0.14495E+03  -0.64554E+01  -0.80886E-07
  1.900   4.317   -0.46289E+01   0.29417E+04  -0.46962E+01   0.16238E+03  -0.66503E+01  -0.64045E-07
  2.000   4.429   -0.41476E+01   0.29237E+04  -0.46330E+01   0.17788E+03  -0.68072E+01  -0.79594E-08
  2.100   4.538   -0.37095E+01   0.28949E+04  -0.45656E+01   0.19149E+03  -0.69341E+01  -0.12836E-05
  2.200   4.645   -0.33447E+01   0.28584E+04  -0.44855E+01   0.20336E+03  -0.70281E+01   0.66008E-07
  2.300   4.749   -0.29933E+01   0.28157E+04  -0.43841E+01   0.21356E+03  -0.70971E+01  -0.27351E-07
  2.400   4.851   -0.27044E+01   0.27700E+04  -0.43309E+01   0.22236E+03  -0.71486E+01   0.20376E-06
  2.500   4.951   -0.24538E+01   0.27198E+04  -0.42474E+01   0.22960E+03  -0.71677E+01   0.23300E-06
  2.600   5.049   -0.22191E+01   0.26686E+04  -0.41648E+01   0.23567E+03  -0.71719E+01   0.50255E-06
  2.700   5.146   -0.19980E+01   0.26164E+04  -0.40803E+01   0.24060E+03  -0.71545E+01   0.45237E-06
  2.800   5.240   -0.18085E+01   0.25636E+04  -0.39842E+01   0.24449E+03  -0.71177E+01   0.55133E-06
  2.900   5.333   -0.16366E+01   0.25109E+04  -0.38865E+01   0.24746E+03  -0.70600E+01   0.75288E-06
  3.000   5.424   -0.14774E+01   0.24585E+04  -0.37758E+01   0.24944E+03  -0.69798E+01   0.91745E-06
