  0.000   0.000  -0.000000E+00  0.000000E+00
  0.000   0.000  -0.000000E+00  0.000000E+00
  0.000   0.000  -0.000000E+00  0.000000E+00
  0.000   0.000  -0.000000E+00  0.000000E+00
  0.000   0.000  -0.000000E+00  0.000000E+00
  0.000   0.000  -0.000000E+00  0.000000E+00
  0.000   0.000  -0.000000E+00  0.000000E+00
  0.000   0.000  -0.000000E+00  0.000000E+00
  0.000   0.000  -0.000000E+00  0.000000E+00
  0.000   0.000  -0.000000E+00  0.000000E+00
  0.000   0.000  -0.000000E+00  0.000000E+00
  0.000   0.000  -0.000000E+00  0.000000E+00
  0.000   0.000   0.000000E+00 -0.000000E+00
  0.000   0.000   0.000000E+00 -0.000000E+00
  0.000   0.000   0.000000E+00 -0.000000E+00
  0.000   0.000   0.000000E+00 -0.000000E+00
  0.000   0.000   0.000000E+00 -0.000000E+00
  0.000   0.000   0.000000E+00 -0.000000E+00
  0.000   0.000   0.000000E+00 -0.000000E+00
  0.000   0.000   0.000000E+00 -0.000000E+00
  0.000   0.000   0.000000E+00 -0.000000E+00
  0.000   0.000   0.000000E+00 -0.000000E+00
  0.000   0.000   0.000000E+00 -0.000000E+00
  0.000   0.000   0.000000E+00 -0.000000E+00
  0.000   0.000   0.000000E+00 -0.000000E+00
  0.000   0.000   0.000000E+00 -0.000000E+00
  0.000   0.000   0.000000E+00 -0.000000E+00
  0.000   0.000   0.000000E+00 -0.000000E+00
  0.000   0.000   0.000000E+00 -0.000000E+00
  0.000   0.000   0.000000E+00 -0.000000E+00
  0.000   0.000  -0.000000E+00  0.000000E+00
  0.000   0.000  -0.000000E+00  0.000000E+00
  0.000   0.000  -0.000000E+00  0.000000E+00
  0.000   0.000  -0.000000E+00  0.000000E+00
  0.000   0.000  -0.000000E+00  0.000000E+00
  0.000   0.000  -0.000000E+00  0.000000E+00
 -1.000  -1.000            NaN           NaN
 -1.000  -1.000            NaN           NaN
 -1.000  -1.000            NaN           NaN
 -1.000  -1.000            NaN           NaN
 -1.000  -1.000            NaN           NaN
 -1.000  -1.000            NaN           NaN
 -1.000  -1.000            NaN           NaN
 -1.000  -1.000            NaN           NaN
 -1.000  -1.000            NaN           NaN
 -1.000  -1.000            NaN           NaN
 -1.000  -1.000            NaN           NaN
 -1.000  -1.000            NaN           NaN
 -1.000  -1.000            NaN           NaN
 -1.000  -1.000            NaN           NaN
 -1.000  -1.000            NaN           NaN
 -1.000  -1.000            NaN           NaN
 -1.000  -1.000            NaN           NaN
 -1.000  -1.000            NaN           NaN
 -1.000  -1.000            NaN           NaN
 -1.000  -1.000            NaN           NaN
 -1.000  -1.000            NaN           NaN
 -1.000  -1.000            NaN           NaN
 -1.000  -1.000            NaN           NaN
 -1.000  -1.000            NaN           NaN
 -1.000  -1.000            NaN           NaN
 -1.000  -1.000            NaN           NaN
 -1.000  -1.000            NaN           NaN
 -1.000  -1.000            NaN           NaN
 -1.000  -1.000            NaN           NaN
 -1.000  -1.000            NaN           NaN
 -1.000  -1.000            NaN           NaN
 -1.000  -1.000            NaN           NaN
 -1.000  -1.000            NaN           NaN
 -1.000  -1.000            NaN           NaN
 -1.000  -1.000            NaN           NaN
 -1.000  -1.000            NaN           NaN
  0.120   0.990  -0.289805E-04 -0.800816E-03
  0.120   0.990  -0.300320E-04 -0.800164E-03
  0.120   0.990  -0.305036E-04 -0.799586E-03
  0.120   0.990  -0.303808E-04 -0.799164E-03
  0.120   0.990  -0.296670E-04 -0.798945E-03
  0.120   0.990  -0.283838E-04 -0.798935E-03
  0.120   0.990  -0.265698E-04 -0.799111E-03
  0.120   0.990  -0.242803E-04 -0.799433E-03
  0.120   0.990  -0.215850E-04 -0.799857E-03
  0.120   0.990  -0.185660E-04 -0.800346E-03
  0.120   0.990  -0.153152E-04 -0.800862E-03
  0.120   0.990  -0.119317E-04 -0.801367E-03
  0.120   0.990  -0.851840E-05 -0.801811E-03
  0.120   0.990  -0.517903E-05 -0.802138E-03
  0.120   0.990  -0.201493E-05 -0.802287E-03
  0.120   0.990   0.878019E-06 -0.802216E-03
  0.120   0.990   0.341217E-05 -0.801914E-03
  0.120   0.990   0.551076E-05 -0.801414E-03
  0.120   0.990   0.711017E-05 -0.800789E-03
  0.120   0.990   0.816179E-05 -0.800136E-03
  0.120   0.990   0.863354E-05 -0.799558E-03
  0.120   0.990   0.851083E-05 -0.799137E-03
  0.120   0.990   0.779714E-05 -0.798920E-03
  0.120   0.990   0.651388E-05 -0.798912E-03
  0.120   0.990   0.469993E-05 -0.799091E-03
  0.120   0.990   0.241038E-05 -0.799417E-03
  0.120   0.990  -0.285054E-06 -0.799846E-03
  0.120   0.990  -0.330424E-05 -0.800338E-03
  0.120   0.990  -0.655516E-05 -0.800859E-03
  0.120   0.990  -0.993879E-05 -0.801369E-03
  0.120   0.990  -0.133522E-04 -0.801819E-03
  0.120   0.990  -0.166916E-04 -0.802149E-03
  0.120   0.990  -0.198558E-04 -0.802303E-03
  0.120   0.990  -0.227487E-04 -0.802235E-03
  0.120   0.990  -0.252828E-04 -0.801937E-03
  0.120   0.990  -0.273812E-04 -0.801440E-03
  0.207   1.400  -0.610309E-04 -0.707393E-03
  0.207   1.400  -0.627373E-04 -0.705193E-03
  0.207   1.400  -0.635056E-04 -0.703379E-03
  0.207   1.400  -0.633111E-04 -0.702276E-03
  0.207   1.400  -0.621585E-04 -0.701978E-03
  0.207   1.400  -0.600817E-04 -0.702357E-03
  0.207   1.400  -0.571430E-04 -0.703154E-03
  0.207   1.400  -0.534319E-04 -0.704109E-03
  0.207   1.400  -0.490616E-04 -0.705071E-03
  0.207   1.400  -0.441662E-04 -0.706030E-03
  0.207   1.400  -0.388956E-04 -0.707067E-03
  0.207   1.400  -0.334110E-04 -0.708256E-03
  0.207   1.400  -0.278798E-04 -0.709557E-03
  0.207   1.400  -0.224699E-04 -0.710771E-03
  0.207   1.400  -0.173451E-04 -0.711588E-03
  0.207   1.400  -0.126599E-04 -0.711694E-03
  0.207   1.400  -0.855542E-05 -0.710913E-03
  0.207   1.400  -0.515519E-05 -0.709304E-03
  0.207   1.400  -0.256187E-05 -0.707166E-03
  0.207   1.400  -0.854281E-06 -0.704956E-03
  0.207   1.400  -0.850004E-07 -0.703141E-03
  0.207   1.400  -0.278612E-06 -0.702043E-03
  0.207   1.400  -0.143063E-05 -0.701758E-03
  0.207   1.400  -0.350725E-05 -0.702156E-03
  0.207   1.400  -0.644607E-05 -0.702978E-03
  0.207   1.400  -0.101578E-04 -0.703964E-03
  0.207   1.400  -0.145289E-04 -0.704960E-03
  0.207   1.400  -0.194254E-04 -0.705957E-03
  0.207   1.400  -0.246971E-04 -0.707035E-03
  0.207   1.400  -0.301827E-04 -0.708266E-03
  0.207   1.400  -0.357148E-04 -0.709608E-03
  0.207   1.400  -0.411253E-04 -0.710862E-03
  0.207   1.400  -0.462503E-04 -0.711715E-03
  0.207   1.400  -0.509353E-04 -0.711854E-03
  0.207   1.400  -0.550392E-04 -0.711102E-03
  0.207   1.400  -0.584386E-04 -0.709515E-03
  0.301   1.715  -0.982644E-04 -0.624590E-03
  0.301   1.715  -0.100583E-03 -0.618802E-03
  0.301   1.715  -0.101617E-03 -0.614440E-03
  0.301   1.715  -0.101331E-03 -0.612497E-03
  0.301   1.715  -0.997305E-04 -0.613036E-03
  0.301   1.715  -0.968598E-04 -0.615266E-03
  0.301   1.715  -0.928044E-04 -0.617971E-03
  0.301   1.715  -0.876877E-04 -0.620104E-03
  0.301   1.715  -0.816670E-04 -0.621245E-03
  0.301   1.715  -0.749285E-04 -0.621724E-03
  0.301   1.715  -0.676807E-04 -0.622364E-03
  0.301   1.715  -0.601470E-04 -0.623963E-03
  0.301   1.715  -0.525579E-04 -0.626785E-03
  0.301   1.715  -0.451441E-04 -0.630312E-03
  0.301   1.715  -0.381290E-04 -0.633387E-03
  0.301   1.715  -0.317225E-04 -0.634689E-03
  0.301   1.715  -0.261155E-04 -0.633337E-03
  0.301   1.715  -0.214750E-04 -0.629332E-03
  0.301   1.715  -0.179399E-04 -0.623629E-03
  0.301   1.715  -0.156176E-04 -0.617798E-03
  0.301   1.715  -0.145806E-04 -0.613424E-03
  0.301   1.715  -0.148640E-04 -0.611500E-03
  0.301   1.715  -0.164632E-04 -0.612089E-03
  0.301   1.715  -0.193333E-04 -0.614397E-03
  0.301   1.715  -0.233891E-04 -0.617207E-03
  0.301   1.715  -0.285075E-04 -0.619468E-03
  0.301   1.715  -0.345307E-04 -0.620755E-03
  0.301   1.715  -0.412722E-04 -0.621396E-03
  0.301   1.715  -0.485233E-04 -0.622209E-03
  0.301   1.715  -0.560602E-04 -0.623984E-03
  0.301   1.715  -0.636518E-04 -0.626982E-03
  0.301   1.715  -0.710673E-04 -0.630679E-03
  0.301   1.715  -0.780831E-04 -0.633913E-03
  0.301   1.715  -0.844890E-04 -0.635357E-03
  0.301   1.715  -0.900945E-04 -0.634129E-03
  0.301   1.715  -0.947325E-04 -0.630222E-03
  0.400   1.981  -0.133118E-03 -0.554541E-03
  0.400   1.981  -0.136026E-03 -0.541479E-03
  0.400   1.981  -0.137341E-03 -0.532416E-03
  0.400   1.981  -0.137018E-03 -0.529862E-03
  0.400   1.981  -0.135056E-03 -0.533607E-03
  0.400   1.981  -0.131508E-03 -0.540995E-03
  0.400   1.981  -0.126477E-03 -0.548271E-03
  0.400   1.981  -0.120117E-03 -0.552366E-03
  0.400   1.981  -0.112627E-03 -0.552293E-03
  0.400   1.981  -0.104240E-03 -0.549487E-03
  0.400   1.981  -0.952196E-04 -0.546957E-03
  0.400   1.981  -0.858470E-04 -0.547663E-03
  0.400   1.981  -0.764102E-04 -0.552912E-03
  0.400   1.981  -0.671955E-04 -0.561536E-03
  0.400   1.981  -0.584790E-04 -0.570273E-03
  0.400   1.981  -0.505186E-04 -0.575194E-03
  0.400   1.981  -0.435483E-04 -0.573513E-03
  0.400   1.981  -0.377727E-04 -0.564937E-03
  0.400   1.981  -0.333627E-04 -0.551932E-03
  0.400   1.981  -0.304521E-04 -0.538749E-03
  0.400   1.981  -0.291335E-04 -0.529649E-03
  0.400   1.981  -0.294546E-04 -0.527141E-03
  0.400   1.981  -0.314147E-04 -0.531016E-03
  0.400   1.981  -0.349620E-04 -0.538613E-03
  0.400   1.981  -0.399928E-04 -0.546169E-03
  0.400   1.981  -0.463538E-04 -0.550609E-03
  0.400   1.981  -0.538468E-04 -0.550934E-03
  0.400   1.981  -0.622364E-04 -0.548567E-03
  0.400   1.981  -0.712595E-04 -0.546503E-03
  0.400   1.981  -0.806350E-04 -0.547690E-03
  0.400   1.981  -0.900744E-04 -0.553418E-03
  0.400   1.981  -0.992909E-04 -0.562506E-03
  0.400   1.981  -0.108008E-03 -0.571678E-03
  0.400   1.981  -0.115968E-03 -0.576992E-03
  0.400   1.981  -0.122937E-03 -0.575648E-03
  0.400   1.981  -0.128711E-03 -0.567346E-03
  0.500   2.214  -0.162749E-03 -0.492647E-03
  0.500   2.214  -0.166207E-03 -0.466530E-03
  0.500   2.214  -0.167821E-03 -0.449559E-03
  0.500   2.214  -0.167526E-03 -0.447142E-03
  0.500   2.214  -0.165315E-03 -0.458347E-03
  0.500   2.214  -0.161239E-03 -0.476589E-03
  0.500   2.214  -0.155415E-03 -0.492865E-03
  0.500   2.214  -0.148022E-03 -0.500017E-03
  0.500   2.214  -0.139293E-03 -0.496012E-03
  0.500   2.214  -0.129511E-03 -0.484723E-03
  0.500   2.214  -0.118987E-03 -0.473860E-03
  0.500   2.214  -0.108054E-03 -0.471050E-03
  0.500   2.214  -0.970510E-04 -0.479944E-03
  0.500   2.214  -0.863117E-04 -0.498206E-03
  0.500   2.214  -0.761553E-04 -0.518366E-03
  0.500   2.214  -0.668782E-04 -0.531170E-03
  0.500   2.214  -0.587475E-04 -0.529867E-03
  0.500   2.214  -0.519961E-04 -0.513444E-03
  0.500   2.214  -0.468200E-04 -0.487284E-03
  0.500   2.214  -0.433749E-04 -0.460911E-03
  0.500   2.214  -0.417725E-04 -0.443856E-03
  0.500   2.214  -0.420756E-04 -0.441529E-03
  0.500   2.214  -0.442920E-04 -0.452995E-03
  0.500   2.214  -0.483687E-04 -0.471660E-03
  0.500   2.214  -0.541894E-04 -0.488510E-03
  0.500   2.214  -0.615757E-04 -0.496367E-03
  0.500   2.214  -0.702937E-04 -0.493178E-03
  0.500   2.214  -0.800641E-04 -0.482791E-03
  0.500   2.214  -0.905755E-04 -0.472888E-03
  0.500   2.214  -0.101497E-03 -0.471067E-03
  0.500   2.214  -0.112492E-03 -0.480950E-03
  0.500   2.214  -0.123226E-03 -0.500169E-03
  0.500   2.214  -0.133381E-03 -0.521229E-03
  0.500   2.214  -0.142662E-03 -0.534845E-03
  0.500   2.214  -0.150800E-03 -0.534243E-03
  0.500   2.214  -0.157561E-03 -0.518389E-03
  0.600   2.426  -0.186763E-03 -0.438549E-03
  0.600   2.426  -0.190457E-03 -0.390984E-03
  0.600   2.426  -0.192130E-03 -0.361534E-03
  0.600   2.426  -0.191704E-03 -0.360535E-03
  0.600   2.426  -0.189161E-03 -0.385643E-03
  0.600   2.426  -0.184549E-03 -0.423261E-03
  0.600   2.426  -0.177996E-03 -0.455119E-03
  0.600   2.426  -0.169704E-03 -0.466886E-03
  0.600   2.426  -0.159941E-03 -0.454786E-03
  0.600   2.426  -0.149031E-03 -0.427132E-03
  0.600   2.426  -0.137334E-03 -0.400096E-03
  0.600   2.426  -0.125228E-03 -0.389714E-03
  0.600   2.426  -0.113092E-03 -0.403944E-03
  0.600   2.426  -0.101299E-03 -0.438534E-03
  0.600   2.426  -0.901991E-04 -0.478692E-03
  0.600   2.426  -0.801103E-04 -0.505805E-03
  0.600   2.426  -0.713157E-04 -0.506098E-03
  0.600   2.426  -0.640572E-04 -0.477181E-03
  0.600   2.426  -0.585360E-04 -0.429418E-03
  0.600   2.426  -0.549126E-04 -0.381443E-03
  0.600   2.426  -0.533048E-04 -0.351874E-03
  0.600   2.426  -0.537823E-04 -0.351052E-03
  0.600   2.426  -0.563579E-04 -0.376624E-03
  0.600   2.426  -0.609776E-04 -0.414982E-03
  0.600   2.426  -0.675144E-04 -0.447832E-03
  0.600   2.426  -0.757683E-04 -0.460812E-03
  0.600   2.426  -0.854743E-04 -0.450108E-03
  0.600   2.426  -0.963161E-04 -0.423991E-03
  0.600   2.426  -0.107943E-03 -0.398586E-03
  0.600   2.426  -0.119984E-03 -0.389881E-03
  0.600   2.426  -0.132068E-03 -0.405783E-03
  0.600   2.426  -0.143829E-03 -0.441989E-03
  0.600   2.426  -0.154921E-03 -0.483659E-03
  0.600   2.426  -0.165026E-03 -0.512134E-03
  0.600   2.426  -0.173860E-03 -0.513598E-03
  0.600   2.426  -0.181175E-03 -0.485625E-03
  0.700   2.620  -0.204424E-03 -0.389512E-03
  0.700   2.620  -0.208537E-03 -0.309293E-03
  0.700   2.620  -0.210519E-03 -0.261372E-03
  0.700   2.620  -0.210263E-03 -0.263773E-03
  0.700   2.620  -0.207726E-03 -0.311759E-03
  0.700   2.620  -0.202940E-03 -0.380495E-03
  0.700   2.620  -0.196029E-03 -0.436935E-03
  0.700   2.620  -0.187210E-03 -0.455362E-03
  0.700   2.620  -0.176783E-03 -0.429309E-03
  0.700   2.620  -0.165109E-03 -0.374301E-03
  0.700   2.620  -0.152587E-03 -0.320147E-03
  0.700   2.620  -0.139635E-03 -0.296455E-03
  0.700   2.620  -0.126668E-03 -0.318205E-03
  0.700   2.620  -0.114086E-03 -0.378228E-03
  0.700   2.620  -0.102264E-03 -0.450154E-03
  0.700   2.620  -0.915366E-04 -0.500499E-03
  0.700   2.620  -0.821943E-04 -0.504257E-03
  0.700   2.620  -0.744812E-04 -0.456736E-03
  0.700   2.620  -0.685972E-04 -0.376079E-03
  0.700   2.620  -0.647036E-04 -0.295245E-03
  0.700   2.620  -0.629244E-04 -0.247139E-03
  0.700   2.620  -0.633407E-04 -0.249789E-03
  0.700   2.620  -0.659784E-04 -0.298451E-03
  0.700   2.620  -0.707922E-04 -0.368269E-03
  0.700   2.620  -0.776548E-04 -0.426162E-03
  0.700   2.620  -0.863548E-04 -0.446369E-03
  0.700   2.620  -0.966073E-04 -0.422367E-03
  0.700   2.620  -0.108072E-03 -0.369618E-03
  0.700   2.620  -0.120374E-03 -0.317864E-03
  0.700   2.620  -0.133124E-03 -0.296639E-03
  0.700   2.620  -0.145929E-03 -0.320852E-03
  0.700   2.620  -0.158410E-03 -0.383257E-03
  0.700   2.620  -0.170204E-03 -0.457415E-03
  0.700   2.620  -0.180980E-03 -0.509773E-03
  0.700   2.620  -0.190441E-03 -0.515265E-03
  0.700   2.620  -0.198330E-03 -0.469145E-03
  0.800   2.801  -0.214279E-03 -0.346273E-03
  0.800   2.801  -0.217594E-03 -0.218694E-03
  0.800   2.801  -0.218832E-03 -0.144319E-03
  0.800   2.801  -0.217891E-03 -0.152419E-03
  0.800   2.801  -0.214728E-03 -0.234634E-03
  0.800   2.801  -0.209381E-03 -0.349452E-03
  0.800   2.801  -0.201986E-03 -0.441969E-03
  0.800   2.801  -0.192783E-03 -0.469668E-03
  0.800   2.801  -0.182098E-03 -0.422179E-03
  0.800   2.801  -0.170315E-03 -0.325794E-03
  0.800   2.801  -0.157852E-03 -0.230637E-03
  0.800   2.801  -0.145134E-03 -0.186526E-03
  0.800   2.801  -0.132579E-03 -0.218944E-03
  0.800   2.801  -0.120585E-03 -0.316482E-03
  0.800   2.801  -0.109517E-03 -0.435688E-03
  0.800   2.801  -0.996960E-04 -0.521076E-03
  0.800   2.801  -0.913851E-04 -0.530972E-03
  0.800   2.801  -0.847861E-04 -0.457176E-03
  0.800   2.801  -0.800464E-04 -0.329207E-03
  0.800   2.801  -0.772711E-04 -0.201078E-03
  0.800   2.801  -0.765331E-04 -0.126691E-03
  0.800   2.801  -0.778726E-04 -0.135319E-03
  0.800   2.801  -0.812859E-04 -0.218586E-03
  0.800   2.801  -0.867055E-04 -0.334945E-03
  0.800   2.801  -0.939862E-04 -0.429443E-03
  0.800   2.801  -0.102903E-03 -0.459502E-03
  0.800   2.801  -0.113164E-03 -0.414677E-03
  0.800   2.801  -0.124435E-03 -0.321179E-03
  0.800   2.801  -0.136359E-03 -0.229047E-03
  0.800   2.801  -0.148576E-03 -0.188007E-03
  0.800   2.801  -0.160730E-03 -0.223451E-03
  0.800   2.801  -0.172471E-03 -0.323881E-03
  0.800   2.801  -0.183463E-03 -0.445759E-03
  0.800   2.801  -0.193398E-03 -0.533516E-03
  0.800   2.801  -0.201997E-03 -0.545408E-03
  0.800   2.801  -0.209024E-03 -0.473170E-03
  0.900   2.971  -0.223919E-03 -0.306694E-03
  0.900   2.971  -0.228577E-03 -0.114422E-03
  0.900   2.971  -0.231092E-03 -0.471806E-05
  0.900   2.971  -0.231268E-03 -0.224587E-04
  0.900   2.971  -0.228972E-03 -0.154017E-03
  0.900   2.971  -0.224172E-03 -0.334327E-03
  0.900   2.971  -0.216971E-03 -0.477722E-03
  0.900   2.971  -0.207614E-03 -0.518070E-03
  0.900   2.971  -0.196471E-03 -0.439558E-03
  0.900   2.971  -0.183991E-03 -0.283717E-03
  0.900   2.971  -0.170661E-03 -0.129387E-03
  0.900   2.971  -0.156976E-03 -0.549895E-04
  0.900   2.971  -0.143413E-03 -0.100964E-03
  0.900   2.971  -0.130420E-03 -0.250117E-03
  0.900   2.971  -0.118397E-03 -0.435135E-03
  0.900   2.971  -0.107682E-03 -0.569696E-03
  0.900   2.971  -0.985356E-04 -0.588707E-03
  0.900   2.971  -0.911421E-04 -0.478943E-03
  0.900   2.971  -0.856287E-04 -0.285762E-03
  0.900   2.971  -0.820894E-04 -0.925930E-04
  0.900   2.971  -0.806054E-04  0.173380E-04
  0.900   2.971  -0.812460E-04 -0.853785E-06
  0.900   2.971  -0.840491E-04 -0.133526E-03
  0.900   2.971  -0.889881E-04 -0.315577E-03
  0.900   2.971  -0.959449E-04 -0.461279E-03
  0.900   2.971  -0.104704E-03 -0.504432E-03
  0.900   2.971  -0.114967E-03 -0.429130E-03
  0.900   2.971  -0.126391E-03 -0.276809E-03
  0.900   2.971  -0.138611E-03 -0.126202E-03
  0.900   2.971  -0.151266E-03 -0.556222E-04
  0.900   2.971  -0.164003E-03 -0.105395E-03
  0.900   2.971  -0.176475E-03 -0.258218E-03
  0.900   2.971  -0.188347E-03 -0.446665E-03
  0.900   2.971  -0.199301E-03 -0.584313E-03
  0.900   2.971  -0.209050E-03 -0.605973E-03
  0.900   2.971  -0.217335E-03 -0.498337E-03
  1.000   3.132  -0.227166E-03 -0.269551E-03
  1.000   3.132  -0.232339E-03  0.893290E-05
  1.000   3.132  -0.235399E-03  0.165460E-03
  1.000   3.132  -0.236071E-03  0.134290E-03
  1.000   3.132  -0.234141E-03 -0.637905E-04
  1.000   3.132  -0.229524E-03 -0.332064E-03
  1.000   3.132  -0.222306E-03 -0.543569E-03
  1.000   3.132  -0.212758E-03 -0.600500E-03
  1.000   3.132  -0.201302E-03 -0.479761E-03
  1.000   3.132  -0.188453E-03 -0.243421E-03
  1.000   3.132  -0.174762E-03 -0.899782E-05
  1.000   3.132  -0.160778E-03  0.106549E-03
  1.000   3.132  -0.147023E-03  0.426179E-04
  1.000   3.132  -0.133980E-03 -0.175874E-03
  1.000   3.132  -0.122075E-03 -0.449600E-03
  1.000   3.132  -0.111645E-03 -0.650845E-03
  1.000   3.132  -0.102925E-03 -0.683014E-03
  1.000   3.132  -0.960464E-04 -0.526026E-03
  1.000   3.132  -0.910623E-04 -0.246387E-03
  1.000   3.132  -0.879935E-04  0.330686E-04
  1.000   3.132  -0.868652E-04  0.189822E-03
  1.000   3.132  -0.877179E-04  0.158126E-03
  1.000   3.132  -0.905845E-04 -0.412151E-04
  1.000   3.132  -0.954464E-04 -0.311440E-03
  1.000   3.132  -0.102195E-03 -0.525519E-03
  1.000   3.132  -0.110621E-03 -0.585565E-03
  1.000   3.132  -0.120436E-03 -0.468382E-03
  1.000   3.132  -0.131318E-03 -0.235932E-03
  1.000   3.132  -0.142942E-03 -0.561680E-05
  1.000   3.132  -0.155005E-03  0.105723E-03
  1.000   3.132  -0.167212E-03  0.376070E-04
  1.000   3.132  -0.179272E-03 -0.184926E-03
  1.000   3.132  -0.190887E-03 -0.462428E-03
  1.000   3.132  -0.201761E-03 -0.667072E-03
  1.000   3.132  -0.211609E-03 -0.702157E-03
  1.000   3.132  -0.220165E-03 -0.547507E-03
  1.100   3.284  -0.225699E-03 -0.234913E-03
  1.100   3.284  -0.231655E-03  0.154587E-03
  1.100   3.284  -0.235588E-03  0.370993E-03
  1.100   3.284  -0.237098E-03  0.321595E-03
  1.100   3.284  -0.235853E-03  0.365992E-04
  1.100   3.284  -0.231686E-03 -0.346123E-03
  1.100   3.284  -0.224655E-03 -0.646008E-03
  1.100   3.284  -0.215061E-03 -0.724132E-03
  1.100   3.284  -0.203393E-03 -0.547953E-03
  1.100   3.284  -0.190253E-03 -0.206272E-03
  1.100   3.284  -0.176277E-03  0.133008E-03
  1.100   3.284  -0.162085E-03  0.302716E-03
  1.100   3.284  -0.148265E-03  0.215969E-03
  1.100   3.284  -0.135353E-03 -0.923325E-04
  1.100   3.284  -0.123812E-03 -0.481344E-03
  1.100   3.284  -0.113984E-03 -0.769642E-03
  1.100   3.284  -0.106064E-03 -0.819677E-03
  1.100   3.284  -0.100093E-03 -0.602336E-03
  1.100   3.284  -0.960039E-04 -0.211459E-03
  1.100   3.284  -0.936950E-04  0.179030E-03
  1.100   3.284  -0.930954E-04  0.395663E-03
  1.100   3.284  -0.941948E-04  0.345726E-03
  1.100   3.284  -0.970186E-04  0.594420E-04
  1.100   3.284  -0.101568E-03 -0.325268E-03
  1.100   3.284  -0.107764E-03 -0.627769E-03
  1.100   3.284  -0.115423E-03 -0.709049E-03
  1.100   3.284  -0.124289E-03 -0.536466E-03
  1.100   3.284  -0.134079E-03 -0.198712E-03
  1.100   3.284  -0.144537E-03  0.136422E-03
  1.100   3.284  -0.155443E-03  0.301887E-03
  1.100   3.284  -0.166599E-03  0.210916E-03
  1.100   3.284  -0.177799E-03 -0.101469E-03
  1.100   3.284  -0.188810E-03 -0.494303E-03
  1.100   3.284  -0.199377E-03 -0.786046E-03
  1.100   3.284  -0.209236E-03 -0.839041E-03
  1.100   3.284  -0.218110E-03 -0.624078E-03
  1.200   3.430  -0.221453E-03 -0.202739E-03
  1.200   3.430  -0.228254E-03  0.326042E-03
  1.200   3.430  -0.233112E-03  0.617125E-03
  1.200   3.430  -0.235470E-03  0.543876E-03
  1.200   3.430  -0.234864E-03  0.148560E-03
  1.200   3.430  -0.231046E-03 -0.378923E-03
  1.200   3.430  -0.224066E-03 -0.790347E-03
  1.200   3.430  -0.214277E-03 -0.894869E-03
  1.200   3.430  -0.202261E-03 -0.647986E-03
  1.200   3.430  -0.188718E-03 -0.172315E-03
  1.200   3.430  -0.174372E-03  0.300416E-03
  1.200   3.430  -0.159922E-03  0.539414E-03
  1.200   3.430  -0.146031E-03  0.424500E-03
  1.200   3.430  -0.133320E-03  0.314827E-05
  1.200   3.430  -0.122322E-03 -0.531429E-03
  1.200   3.430  -0.113415E-03 -0.930051E-03
  1.200   3.430  -0.106758E-03 -0.100341E-02
  1.200   3.430  -0.102280E-03 -0.710837E-03
  1.200   3.430  -0.997377E-04 -0.180530E-03
  1.200   3.430  -0.988326E-04  0.349107E-03
  1.200   3.430  -0.993243E-04  0.640319E-03
  1.200   3.430  -0.101095E-03  0.566470E-03
  1.200   3.430  -0.104132E-03  0.169846E-03
  1.200   3.430  -0.108453E-03 -0.359597E-03
  1.200   3.430  -0.114020E-03 -0.773560E-03
  1.200   3.430  -0.120701E-03 -0.881111E-03
  1.200   3.430  -0.128292E-03 -0.637648E-03
  1.200   3.430  -0.136581E-03 -0.165685E-03
  1.200   3.430  -0.145407E-03  0.303153E-03
  1.200   3.430  -0.154672E-03  0.538178E-03
  1.200   3.430  -0.164308E-03  0.419320E-03
  1.200   3.430  -0.174231E-03 -0.583678E-05
  1.200   3.430  -0.184305E-03 -0.543970E-03
  1.200   3.430  -0.194338E-03 -0.945791E-03
  1.200   3.430  -0.204083E-03 -0.102189E-02
  1.200   3.430  -0.213243E-03 -0.731498E-03
  1.300   3.571  -0.214856E-03 -0.172236E-03
  1.300   3.571  -0.223237E-03  0.527196E-03
  1.300   3.571  -0.229661E-03  0.909259E-03
  1.300   3.571  -0.233342E-03  0.805666E-03
  1.300   3.571  -0.233648E-03  0.273749E-03
  1.300   3.571  -0.230267E-03 -0.432408E-03
  1.300   3.571  -0.223288E-03 -0.981258E-03
  1.300   3.571  -0.213183E-03 -0.111797E-02
  1.300   3.571  -0.200674E-03 -0.783230E-03
  1.300   3.571  -0.186578E-03 -0.141350E-03
  1.300   3.571  -0.171697E-03  0.497026E-03
  1.300   3.571  -0.156786E-03  0.822426E-03
  1.300   3.571  -0.142578E-03  0.673539E-03
  1.300   3.571  -0.129791E-03  0.113344E-03
  1.300   3.571  -0.119075E-03 -0.600481E-03
  1.300   3.571  -0.110896E-03 -0.113536E-02
  1.300   3.571  -0.105417E-03 -0.123817E-02
  1.300   3.571  -0.102454E-03 -0.853760E-03
  1.300   3.571  -0.101553E-03 -0.152527E-03
  1.300   3.571  -0.102152E-03  0.547671E-03
  1.300   3.571  -0.103780E-03  0.929843E-03
  1.300   3.571  -0.106174E-03  0.825700E-03
  1.300   3.571  -0.109278E-03  0.292600E-03
  1.300   3.571  -0.113149E-03 -0.415319E-03
  1.300   3.571  -0.117824E-03 -0.966440E-03
  1.300   3.571  -0.123246E-03 -0.110585E-02
  1.300   3.571  -0.129273E-03 -0.774126E-03
  1.300   3.571  -0.135763E-03 -0.135512E-03
  1.300   3.571  -0.142649E-03  0.499442E-03
  1.300   3.571  -0.149969E-03  0.821349E-03
  1.300   3.571  -0.157827E-03  0.668987E-03
  1.300   3.571  -0.166318E-03  0.105430E-03
  1.300   3.571  -0.175463E-03 -0.611550E-03
  1.300   3.571  -0.185174E-03 -0.114928E-02
  1.300   3.571  -0.195237E-03 -0.125454E-02
  1.300   3.571  -0.205300E-03 -0.872080E-03
  1.400   3.705  -0.207457E-03 -0.144207E-03
  1.400   3.705  -0.217711E-03  0.760873E-03
  1.400   3.705  -0.225922E-03  0.125213E-02
  1.400   3.705  -0.230978E-03  0.111106E-02
  1.400   3.705  -0.232050E-03  0.413486E-03
  1.400   3.705  -0.228789E-03 -0.508805E-03
  1.400   3.705  -0.221404E-03 -0.122362E-02
  1.400   3.705  -0.210559E-03 -0.139874E-02
  1.400   3.705  -0.197163E-03 -0.956782E-03
  1.400   3.705  -0.182151E-03 -0.112569E-03
  1.400   3.705  -0.166370E-03  0.727473E-03
  1.400   3.705  -0.150606E-03  0.115835E-02
  1.400   3.705  -0.135670E-03  0.968927E-03
  1.400   3.705  -0.122448E-03  0.241054E-03
  1.400   3.705  -0.111810E-03 -0.689650E-03
  1.400   3.705  -0.104403E-03 -0.138986E-02
  1.400   3.705  -0.100434E-03 -0.152918E-02
  1.400   3.705  -0.995677E-04 -0.103466E-02
  1.400   3.705  -0.101018E-03 -0.127567E-03
  1.400   3.705  -0.103815E-03  0.778065E-03
  1.400   3.705  -0.107119E-03  0.126931E-02
  1.400   3.705  -0.110453E-03  0.112766E-02
  1.400   3.705  -0.113736E-03  0.428970E-03
  1.400   3.705  -0.117146E-03 -0.494917E-03
  1.400   3.705  -0.120903E-03 -0.121173E-02
  1.400   3.705  -0.125107E-03 -0.138918E-02
  1.400   3.705  -0.129704E-03 -0.949788E-03
  1.400   3.705  -0.134575E-03 -0.108312E-03
  1.400   3.705  -0.139668E-03  0.728891E-03
  1.400   3.705  -0.145079E-03  0.115689E-02
  1.400   3.705  -0.151040E-03  0.964614E-03
  1.400   3.705  -0.157852E-03  0.233983E-03
  1.400   3.705  -0.165774E-03 -0.699305E-03
  1.400   3.705  -0.174932E-03 -0.140185E-02
  1.400   3.705  -0.185234E-03 -0.154316E-02
  1.400   3.705  -0.196305E-03 -0.105021E-02
  1.500   3.835  -0.197389E-03 -0.117981E-03
  1.500   3.835  -0.209817E-03  0.103080E-02
  1.500   3.835  -0.219937E-03  0.165092E-02
  1.500   3.835  -0.226229E-03  0.146439E-02
  1.500   3.835  -0.227712E-03  0.569399E-03
  1.500   3.835  -0.224165E-03 -0.609917E-03
  1.500   3.835  -0.216113E-03 -0.152193E-02
  1.500   3.835  -0.204570E-03 -0.174248E-02
  1.500   3.835  -0.190666E-03 -0.117245E-02
  1.500   3.835  -0.175351E-03 -0.866309E-04
  1.500   3.835  -0.159318E-03  0.994319E-03
  1.500   3.835  -0.143177E-03  0.155145E-02
  1.500   3.835  -0.127707E-03  0.131443E-02
  1.500   3.835  -0.113988E-03  0.387678E-03
  1.500   3.835  -0.103271E-03 -0.800609E-03
  1.500   3.835  -0.966012E-04 -0.169763E-02
  1.500   3.835  -0.944007E-04 -0.188111E-02
  1.500   3.835  -0.962211E-04 -0.125657E-02
  1.500   3.835  -0.100837E-03 -0.105494E-03
  1.500   3.835  -0.106651E-03  0.104359E-02
  1.500   3.835  -0.112233E-03  0.166356E-02
  1.500   3.835  -0.116747E-03  0.147646E-02
  1.500   3.835  -0.120080E-03  0.580477E-03
  1.500   3.835  -0.122653E-03 -0.600172E-03
  1.500   3.835  -0.125045E-03 -0.151380E-02
  1.500   3.835  -0.127656E-03 -0.173615E-02
  1.500   3.835  -0.130567E-03 -0.116807E-02
  1.500   3.835  -0.133630E-03 -0.842704E-04
  1.500   3.835  -0.136688E-03  0.994617E-03
  1.500   3.835  -0.139781E-03  0.154968E-02
  1.500   3.835  -0.143245E-03  0.131062E-02
  1.500   3.835  -0.147654E-03  0.381897E-03
  1.500   3.835  -0.153662E-03 -0.808233E-03
  1.500   3.835  -0.161777E-03 -0.170691E-02
  1.500   3.835  -0.172136E-03 -0.189179E-02
  1.500   3.835  -0.184337E-03 -0.126834E-02
  1.600   3.961  -0.184895E-03 -0.917668E-04
  1.600   3.961  -0.200525E-03  0.134184E-02
  1.600   3.961  -0.213287E-03  0.211191E-02
  1.600   3.961  -0.221052E-03  0.187106E-02
  1.600   3.961  -0.222698E-03  0.744113E-03
  1.600   3.961  -0.218348E-03 -0.736504E-03
  1.600   3.961  -0.209153E-03 -0.187958E-02
  1.600   3.961  -0.196725E-03 -0.215320E-02
  1.600   3.961  -0.182474E-03 -0.143241E-02
  1.600   3.961  -0.167202E-03 -0.621389E-04
  1.600   3.961  -0.151152E-03  0.130259E-02
  1.600   3.961  -0.134473E-03  0.200878E-02
  1.600   3.961  -0.117791E-03  0.171671E-02
  1.600   3.961  -0.102498E-03  0.557563E-03
  1.600   3.961  -0.905329E-04 -0.932117E-03
  1.600   3.961  -0.837018E-04 -0.205992E-02
  1.600   3.961  -0.828847E-04 -0.229589E-02
  1.600   3.961  -0.875343E-04 -0.151984E-02
  1.600   3.961  -0.957560E-04 -0.834914E-04
  1.600   3.961  -0.104959E-03  0.135021E-02
  1.600   3.961  -0.112787E-03  0.212007E-02
  1.600   3.961  -0.117907E-03  0.187869E-02
  1.600   3.961  -0.120298E-03  0.750950E-03
  1.600   3.961  -0.120963E-03 -0.730687E-03
  1.600   3.961  -0.121251E-03 -0.187494E-02
  1.600   3.961  -0.122167E-03 -0.214983E-02
  1.600   3.961  -0.123991E-03 -0.143035E-02
  1.600   3.961  -0.126344E-03 -0.613813E-04
  1.600   3.961  -0.128590E-03  0.130205E-02
  1.600   3.961  -0.130327E-03  0.200696E-02
  1.600   3.961  -0.131753E-03  0.171364E-02
  1.600   3.961  -0.133725E-03  0.553284E-03
  1.600   3.961  -0.137525E-03 -0.937524E-03
  1.600   3.961  -0.144389E-03 -0.206634E-02
  1.600   3.961  -0.154974E-03 -0.230315E-02
  1.600   3.961  -0.168953E-03 -0.152774E-02
  1.700   4.083  -0.173775E-03 -0.707835E-04
  1.700   4.083  -0.193463E-03  0.169154E-02
  1.700   4.083  -0.209204E-03  0.263420E-02
  1.700   4.083  -0.217952E-03  0.232994E-02
  1.700   4.083  -0.218560E-03  0.935014E-03
  1.700   4.083  -0.211982E-03 -0.893154E-03
  1.700   4.083  -0.200640E-03 -0.230265E-02
  1.700   4.083  -0.187239E-03 -0.263718E-02
  1.700   4.083  -0.173588E-03 -0.174140E-02
  1.700   4.083  -0.160014E-03 -0.410979E-04
  1.700   4.083  -0.145682E-03  0.165283E-02
  1.700   4.083  -0.129634E-03  0.253183E-02
  1.700   4.083  -0.111972E-03  0.217622E-02
  1.700   4.083  -0.944724E-04  0.748614E-03
  1.700   4.083  -0.802280E-04 -0.108934E-02
  1.700   4.083  -0.724387E-04 -0.248442E-02
  1.700   4.083  -0.729371E-04 -0.278225E-02
  1.700   4.083  -0.811987E-04 -0.183221E-02
  1.700   4.083  -0.943583E-04 -0.667659E-04
  1.700   4.083  -0.108258E-03  0.169542E-02
  1.700   4.083  -0.119050E-03  0.263777E-02
  1.700   4.083  -0.124620E-03  0.233304E-02
  1.700   4.083  -0.125175E-03  0.937489E-03
  1.700   4.083  -0.122790E-03 -0.891399E-03
  1.700   4.083  -0.120191E-03 -0.230165E-02
  1.700   4.083  -0.119418E-03 -0.263693E-02
  1.700   4.083  -0.120999E-03 -0.174184E-02
  1.700   4.083  -0.123958E-03 -0.421353E-04
  1.700   4.083  -0.126560E-03  0.165126E-02
  1.700   4.083  -0.127381E-03  0.252977E-02
  1.700   4.083  -0.126191E-03  0.217372E-02
  1.700   4.083  -0.124276E-03  0.745698E-03
  1.700   4.083  -0.124054E-03 -0.109263E-02
  1.700   4.083  -0.128138E-03 -0.248804E-02
  1.700   4.083  -0.138209E-03 -0.278611E-02
  1.700   4.083  -0.154141E-03 -0.183621E-02
  1.800   4.201  -0.163166E-03 -0.494401E-04
  1.800   4.201  -0.188816E-03  0.208878E-02
  1.800   4.201  -0.208210E-03  0.322787E-02
  1.800   4.201  -0.216961E-03  0.284960E-02
  1.800   4.201  -0.214216E-03  0.114704E-02
  1.800   4.201  -0.202708E-03 -0.107930E-02
  1.800   4.201  -0.187299E-03 -0.279424E-02
  1.800   4.201  -0.172663E-03 -0.319914E-02
  1.800   4.201  -0.161189E-03 -0.210299E-02
  1.800   4.201  -0.152126E-03 -0.237111E-04
  1.800   4.201  -0.142426E-03  0.204857E-02
  1.800   4.201  -0.128859E-03  0.312642E-02
  1.800   4.201  -0.110316E-03  0.269882E-02
  1.800   4.201  -0.890311E-04  0.964995E-03
  1.800   4.201  -0.700271E-04 -0.127044E-02
  1.800   4.201  -0.589973E-04 -0.297109E-02
  1.800   4.201  -0.596384E-04 -0.334023E-02
  1.800   4.201  -0.717595E-04 -0.219157E-02
  1.800   4.201  -0.911140E-04 -0.495402E-04
  1.800   4.201  -0.111069E-03  0.208834E-02
  1.800   4.201  -0.125344E-03  0.322702E-02
  1.800   4.201  -0.130534E-03  0.284830E-02
  1.800   4.201  -0.127262E-03  0.114527E-02
  1.800   4.201  -0.119476E-03 -0.108153E-02
  1.800   4.201  -0.112314E-03 -0.279685E-02
  1.800   4.201  -0.109628E-03 -0.320200E-02
  1.800   4.201  -0.112335E-03 -0.210592E-02
  1.800   4.201  -0.118304E-03 -0.265349E-04
  1.800   4.201  -0.123703E-03  0.204599E-02
  1.800   4.201  -0.125106E-03  0.312417E-02
  1.800   4.201  -0.121353E-03  0.269695E-02
  1.800   4.201  -0.114351E-03  0.963491E-03
  1.800   4.201  -0.108448E-03 -0.127159E-02
  1.800   4.201  -0.108628E-03 -0.297191E-02
  1.800   4.201  -0.118310E-03 -0.334075E-02
  1.800   4.201  -0.137653E-03 -0.219179E-02
  1.900   4.317  -0.150376E-03 -0.307426E-04
  1.900   4.317  -0.184975E-03  0.253360E-02
  1.900   4.317  -0.209560E-03  0.389488E-02
  1.900   4.317  -0.217536E-03  0.343243E-02
  1.900   4.317  -0.208621E-03  0.138206E-02
  1.900   4.317  -0.188617E-03 -0.129395E-02
  1.900   4.317  -0.166517E-03 -0.335413E-02
  1.900   4.317  -0.150255E-03 -0.383887E-02
  1.900   4.317  -0.143067E-03 -0.251573E-02
  1.900   4.317  -0.142222E-03 -0.643968E-05
  1.900   4.317  -0.140800E-03  0.249502E-02
  1.900   4.317  -0.131659E-03  0.379771E-02
  1.900   4.317  -0.111619E-03  0.328780E-02
  1.900   4.317  -0.836962E-04  0.120703E-02
  1.900   4.317  -0.561992E-04 -0.147823E-02
  1.900   4.317  -0.390578E-04 -0.352524E-02
  1.900   4.317  -0.391444E-04 -0.397625E-02
  1.900   4.317  -0.568663E-04 -0.260339E-02
  1.900   4.317  -0.856934E-04 -0.345918E-04
  1.900   4.317  -0.114880E-03  0.252922E-02
  1.900   4.317  -0.134116E-03  0.389003E-02
  1.900   4.317  -0.137919E-03  0.342717E-02
  1.900   4.317  -0.127731E-03  0.137647E-02
  1.900   4.317  -0.110794E-03 -0.129974E-02
  1.900   4.317  -0.964455E-04 -0.335996E-02
  1.900   4.317  -0.916736E-04 -0.384451E-02
  1.900   4.317  -0.980296E-04 -0.252091E-02
  1.900   4.317  -0.111260E-03 -0.109145E-04
  1.900   4.317  -0.123686E-03  0.249146E-02
  1.900   4.317  -0.128132E-03  0.379520E-02
  1.900   4.317  -0.121550E-03  0.328639E-02
  1.900   4.317  -0.106712E-03  0.120671E-02
  1.900   4.317  -0.912124E-04 -0.147752E-02
  1.900   4.317  -0.841880E-04 -0.352359E-02
  1.900   4.317  -0.922075E-04 -0.397376E-02
  1.900   4.317  -0.116131E-03 -0.260017E-02
  2.000   4.429  -0.139711E-03 -0.126808E-04
  2.000   4.429  -0.188164E-03  0.303071E-02
  2.000   4.429  -0.220426E-03  0.464072E-02
  2.000   4.429  -0.226364E-03  0.408245E-02
  2.000   4.429  -0.206737E-03  0.164121E-02
  2.000   4.429  -0.172475E-03 -0.153928E-02
  2.000   4.429  -0.139385E-03 -0.398738E-02
  2.000   4.429  -0.120688E-03 -0.456296E-02
  2.000   4.429  -0.120873E-03 -0.298556E-02
  2.000   4.429  -0.133816E-03  0.732918E-05
  2.000   4.429  -0.146143E-03  0.299163E-02
  2.000   4.429  -0.144266E-03  0.454673E-02
  2.000   4.429  -0.121638E-03  0.394400E-02
  2.000   4.429  -0.826068E-04  0.147435E-02
  2.000   4.429  -0.408894E-04 -0.171458E-02
  2.000   4.429  -0.133492E-04 -0.414994E-02
  2.000   4.429  -0.120351E-04 -0.469348E-02
  2.000   4.429  -0.383119E-04 -0.306922E-02
  2.000   4.429  -0.819056E-04 -0.205332E-04
  2.000   4.429  -0.125354E-03  0.302210E-02
  2.000   4.429  -0.151792E-03  0.463160E-02
  2.000   4.429  -0.152407E-03  0.407305E-02
  2.000   4.429  -0.130090E-03  0.163174E-02
  2.000   4.429  -0.976295E-04 -0.154861E-02
  2.000   4.429  -0.714209E-04 -0.399636E-02
  2.000   4.429  -0.637515E-04 -0.457131E-02
  2.000   4.429  -0.772819E-04 -0.299298E-02
  2.000   4.429  -0.104198E-03  0.113119E-05
  2.000   4.429  -0.130271E-03  0.298691E-02
  2.000   4.429  -0.141822E-03  0.454367E-02
  2.000   4.429  -0.132358E-03  0.394271E-02
  2.000   4.429  -0.105842E-03  0.147487E-02
  2.000   4.429  -0.751297E-04 -0.171228E-02
  2.000   4.429  -0.562562E-04 -0.414595E-02
  2.000   4.429  -0.611281E-04 -0.468797E-02
  2.000   4.429  -0.919135E-04 -0.306240E-02
  2.100   4.538  -0.127547E-03  0.139624E-05
  2.100   4.538  -0.197508E-03  0.357874E-02
  2.100   4.538  -0.241170E-03  0.546527E-02
  2.100   4.538  -0.242897E-03  0.479997E-02
  2.100   4.538  -0.205321E-03  0.192498E-02
  2.100   4.538  -0.147775E-03 -0.181465E-02
  2.100   4.538  -0.970889E-04 -0.469342E-02
  2.100   4.538  -0.749793E-04 -0.537076E-02
  2.100   4.538  -0.878855E-04 -0.351093E-02
  2.100   4.538  -0.124116E-03  0.208496E-04
  2.100   4.538  -0.159772E-03  0.354307E-02
  2.100   4.538  -0.170709E-03  0.537807E-02
  2.100   4.538  -0.144748E-03  0.467060E-02
  2.100   4.538  -0.881821E-04  0.176817E-02
  2.100   4.538  -0.233227E-04 -0.198025E-02
  2.100   4.538   0.217798E-04 -0.484785E-02
  2.100   4.538   0.265664E-04 -0.549585E-02
  2.100   4.538  -0.121581E-04 -0.359275E-02
  2.100   4.538  -0.784121E-04 -0.929038E-05
  2.100   4.538  -0.144179E-03  0.356721E-02
  2.100   4.538  -0.182159E-03  0.545329E-02
  2.100   4.538  -0.178142E-03  0.478788E-02
  2.100   4.538  -0.137174E-03  0.191307E-02
  2.100   4.538  -0.807319E-04 -0.182614E-02
  2.100   4.538  -0.363432E-04 -0.470422E-02
  2.100   4.538  -0.246619E-04 -0.538061E-02
  2.100   4.538  -0.500612E-04 -0.351949E-02
  2.100   4.538  -0.990135E-04  0.138872E-04
  2.100   4.538  -0.146834E-03  0.353799E-02
  2.100   4.538  -0.169524E-03  0.537508E-02
  2.100   4.538  -0.155188E-03  0.466982E-02
  2.100   4.538  -0.109800E-03  0.176967E-02
  2.100   4.538  -0.546902E-04 -0.197650E-02
  2.100   4.538  -0.169001E-04 -0.484196E-02
  2.100   4.538  -0.167717E-04 -0.548803E-02
  2.100   4.538  -0.584291E-04 -0.358331E-02
  2.200   4.645  -0.115257E-03  0.152011E-04
  2.200   4.645  -0.218586E-03  0.418244E-02
  2.200   4.645  -0.279746E-03  0.637301E-02
  2.200   4.645  -0.274627E-03  0.558812E-02
  2.200   4.645  -0.208862E-03  0.223507E-02
  2.200   4.645  -0.114893E-03 -0.211966E-02
  2.200   4.645  -0.366702E-04 -0.547330E-02
  2.200   4.645  -0.904697E-05 -0.626479E-02
  2.200   4.645  -0.414236E-04 -0.409483E-02
  2.200   4.645  -0.113429E-03  0.319738E-04
  2.200   4.645  -0.184849E-03  0.414834E-02
  2.200   4.645  -0.215208E-03  0.629128E-02
  2.200   4.645  -0.183649E-03  0.546721E-02
  2.200   4.645  -0.994908E-04  0.208846E-02
  2.200   4.645   0.166386E-05 -0.227461E-02
  2.200   4.645   0.744731E-04 -0.561797E-02
  2.200   4.645   0.852050E-04 -0.638231E-02
  2.200   4.645   0.277923E-04 -0.417246E-02
  2.200   4.645  -0.730084E-04  0.179138E-05
  2.200   4.645  -0.172887E-03  0.416801E-02
  2.200   4.645  -0.228403E-03  0.635811E-02
  2.200   4.645  -0.216952E-03  0.557326E-02
  2.200   4.645  -0.146883E-03  0.222062E-02
  2.200   4.645  -0.531144E-04 -0.213338E-02
  2.200   4.645   0.195372E-04 -0.548602E-02
  2.200   4.645   0.373546E-04 -0.627623E-02
  2.200   4.645  -0.679648E-05 -0.410467E-02
  2.200   4.645  -0.905838E-04  0.240475E-04
  2.200   4.645  -0.173073E-03  0.414261E-02
  2.200   4.645  -0.214138E-03  0.628799E-02
  2.200   4.645  -0.193363E-03  0.546652E-02
  2.200   4.645  -0.119728E-03  0.209047E-02
  2.200   4.645  -0.276526E-04 -0.226989E-02
  2.200   4.645   0.387595E-04 -0.561061E-02
  2.200   4.645   0.460765E-04 -0.637253E-02
  2.200   4.645  -0.128503E-04 -0.416063E-02
  2.300   4.749  -0.105034E-03  0.260932E-04
  2.300   4.749  -0.258164E-03  0.484355E-02
  2.300   4.749  -0.344853E-03  0.736810E-02
  2.300   4.749  -0.328407E-03  0.645120E-02
  2.300   4.749  -0.219217E-03  0.257453E-02
  2.300   4.749  -0.696643E-04 -0.245304E-02
  2.300   4.749   0.504233E-04 -0.632785E-02
  2.300   4.749   0.864370E-04 -0.724734E-02
  2.300   4.749   0.246256E-04 -0.473915E-02
  2.300   4.749  -0.101427E-03  0.409706E-04
  2.300   4.749  -0.226798E-03  0.480979E-02
  2.300   4.749  -0.286319E-03  0.728874E-02
  2.300   4.749  -0.246004E-03  0.633415E-02
  2.300   4.749  -0.119743E-03  0.243261E-02
  2.300   4.749   0.367583E-04 -0.260315E-02
  2.300   4.749   0.151946E-03 -0.646812E-02
  2.300   4.749   0.172027E-03 -0.736146E-02
  2.300   4.749   0.863971E-04 -0.481498E-02
  2.300   4.749  -0.670846E-04  0.105817E-04
  2.300   4.749  -0.219524E-03  0.482714E-02
  2.300   4.749  -0.302960E-03  0.735145E-02
  2.300   4.749  -0.281842E-03  0.643494E-02
  2.300   4.749  -0.169188E-03  0.255917E-02
  2.300   4.749  -0.199714E-04 -0.246710E-02
  2.300   4.749   0.949868E-04 -0.634030E-02
  2.300   4.749   0.122186E-03 -0.725788E-02
  2.300   4.749   0.501597E-04 -0.474754E-02
  2.300   4.749  -0.856544E-04  0.349708E-04
  2.300   4.749  -0.219952E-03  0.480633E-02
  2.300   4.749  -0.288383E-03  0.728791E-02
  2.300   4.749  -0.257758E-03  0.633596E-02
  2.300   4.749  -0.141628E-03  0.243706E-02
  2.300   4.749   0.586197E-05 -0.259609E-02
  2.300   4.749   0.114969E-03 -0.645852E-02
  2.300   4.749   0.132679E-03 -0.734950E-02
  2.300   4.749   0.474634E-04 -0.480100E-02
  2.400   4.851  -0.942097E-04  0.370151E-04
  2.400   4.851  -0.322589E-03  0.555056E-02
  2.400   4.851  -0.449295E-03  0.842950E-02
  2.400   4.851  -0.418828E-03  0.736763E-02
  2.400   4.851  -0.248106E-03  0.293071E-02
  2.400   4.851  -0.183161E-04 -0.281388E-02
  2.400   4.851   0.163059E-03 -0.724526E-02
  2.400   4.851   0.212479E-03 -0.830326E-02
  2.400   4.851   0.109538E-03 -0.543313E-02
  2.400   4.851  -0.933696E-04  0.498835E-04
  2.400   4.851  -0.295812E-03  0.552067E-02
  2.400   4.851  -0.397064E-03  0.835922E-02
  2.400   4.851  -0.344190E-03  0.726343E-02
  2.400   4.851  -0.157541E-03  0.280366E-02
  2.400   4.851   0.784438E-04 -0.294886E-02
  2.400   4.851   0.254748E-03 -0.737183E-02
  2.400   4.851   0.288952E-03 -0.840687E-02
  2.400   4.851   0.164088E-03 -0.550319E-02
  2.400   4.851  -0.631051E-04  0.194277E-04
  2.400   4.851  -0.288501E-03  0.553190E-02
  2.400   4.851  -0.409181E-03  0.841052E-02
  2.400   4.851  -0.371410E-03  0.734896E-02
  2.400   4.851  -0.195383E-03  0.291279E-02
  2.400   4.851   0.347413E-04 -0.283077E-02
  2.400   4.851   0.210576E-03 -0.726087E-02
  2.400   4.851   0.250212E-03 -0.831732E-02
  2.400   4.851   0.136218E-03 -0.544527E-02
  2.400   4.851  -0.766469E-04  0.400998E-04
  2.400   4.851  -0.287416E-03  0.551368E-02
  2.400   4.851  -0.396345E-03  0.835539E-02
  2.400   4.851  -0.351597E-03  0.726302E-02
  2.400   4.851  -0.173480E-03  0.280680E-02
  2.400   4.851   0.548998E-04 -0.294216E-02
  2.400   4.851   0.226127E-03 -0.736173E-02
  2.400   4.851   0.258339E-03 -0.839368E-02
  2.400   4.851   0.133426E-03 -0.548746E-02
  2.500   4.951  -0.838328E-04  0.455057E-04
  2.500   4.951  -0.418816E-03  0.632791E-02
  2.500   4.951  -0.601607E-03  0.959642E-02
  2.500   4.951  -0.550041E-03  0.837363E-02
  2.500   4.951  -0.290619E-03  0.332201E-02
  2.500   4.951   0.541244E-04 -0.320782E-02
  2.500   4.951   0.322866E-03 -0.825096E-02
  2.500   4.951   0.390854E-03 -0.946488E-02
  2.500   4.951   0.228436E-03 -0.619959E-02
  2.500   4.951  -0.847872E-04  0.568638E-04
  2.500   4.951  -0.397341E-03  0.630020E-02
  2.500   4.951  -0.557515E-03  0.953165E-02
  2.500   4.951  -0.485361E-03  0.827736E-02
  2.500   4.951  -0.210791E-03  0.320420E-02
  2.500   4.951   0.140204E-03 -0.333332E-02
  2.500   4.951   0.404543E-03 -0.836887E-02
  2.500   4.951   0.458520E-03 -0.956171E-02
  2.500   4.951   0.275963E-03 -0.626585E-02
  2.500   4.951  -0.591619E-04  0.264674E-04
  2.500   4.951  -0.391837E-03  0.630761E-02
  2.500   4.951  -0.568511E-03  0.957583E-02
  2.500   4.951  -0.508879E-03  0.835356E-02
  2.500   4.951  -0.243074E-03  0.330301E-02
  2.500   4.951   0.102998E-03 -0.322544E-02
  2.500   4.951   0.366926E-03 -0.826704E-02
  2.500   4.951   0.425707E-03 -0.947926E-02
  2.500   4.951   0.252923E-03 -0.621202E-02
  2.500   4.951  -0.693094E-04  0.467502E-04
  2.500   4.951  -0.389092E-03  0.629281E-02
  2.500   4.951  -0.555978E-03  0.952735E-02
  2.500   4.951  -0.491325E-03  0.827648E-02
  2.500   4.951  -0.224948E-03  0.320696E-02
  2.500   4.951   0.118777E-03 -0.332679E-02
  2.500   4.951   0.378692E-03 -0.835858E-02
  2.500   4.951   0.431767E-03 -0.954791E-02
  2.500   4.951   0.250514E-03 -0.624903E-02
  2.600   5.049  -0.762968E-04  0.517097E-04
  2.600   5.049  -0.558423E-03  0.713814E-02
  2.600   5.049  -0.818232E-03  0.108103E-01
  2.600   5.049  -0.737169E-03  0.941662E-02
  2.600   5.049  -0.355188E-03  0.372738E-02
  2.600   5.049   0.148179E-03 -0.361364E-02
  2.600   5.049   0.537596E-03 -0.929176E-02
  2.600   5.049   0.631725E-03 -0.106723E-01
  2.600   5.049   0.388227E-03 -0.699913E-02
  2.600   5.049  -0.759498E-04  0.640132E-04
  2.600   5.049  -0.539265E-03  0.711279E-02
  2.600   5.049  -0.780015E-03  0.107489E-01
  2.600   5.049  -0.681107E-03  0.932395E-02
  2.600   5.049  -0.285426E-03  0.361283E-02
  2.600   5.049   0.224155E-03 -0.373655E-02
  2.600   5.049   0.610378E-03 -0.940783E-02
  2.600   5.049   0.692645E-03 -0.107682E-01
  2.600   5.049   0.431768E-03 -0.706566E-02
  2.600   5.049  -0.512756E-04  0.317270E-04
  2.600   5.049  -0.531748E-03  0.711652E-02
  2.600   5.049  -0.786481E-03  0.107879E-01
  2.600   5.049  -0.698408E-03  0.939410E-02
  2.600   5.049  -0.310936E-03  0.370541E-02
  2.600   5.049   0.193076E-03 -0.363458E-02
  2.600   5.049   0.577301E-03 -0.931123E-02
  2.600   5.049   0.662388E-03 -0.106898E-01
  2.600   5.049   0.409499E-03 -0.701407E-02
  2.600   5.049  -0.618610E-04  0.522358E-04
  2.600   5.049  -0.530057E-03  0.710468E-02
  2.600   5.049  -0.775275E-03  0.107447E-01
  2.600   5.049  -0.682394E-03  0.932385E-02
  2.600   5.049  -0.294623E-03  0.361670E-02
  2.600   5.049   0.206796E-03 -0.372888E-02
  2.600   5.049   0.586976E-03 -0.939655E-02
  2.600   5.049   0.666697E-03 -0.107536E-01
  2.600   5.049   0.406092E-03 -0.704806E-02
  2.700   5.146  -0.665118E-04  0.614304E-04
  2.700   5.146  -0.745910E-03  0.799769E-02
  2.700   5.146  -0.111051E-02  0.120907E-01
  2.700   5.146  -0.992282E-03  0.105094E-01
  2.700   5.146  -0.448420E-03  0.414607E-02
  2.700   5.146   0.265772E-03 -0.404739E-02
  2.700   5.146   0.816005E-03 -0.103955E-01
  2.700   5.146   0.944956E-03 -0.119564E-01
  2.700   5.146   0.592987E-03 -0.785377E-02
  2.700   5.146  -0.730374E-04  0.674282E-04
  2.700   5.146  -0.737545E-03  0.797394E-02
  2.700   5.146  -0.108487E-02  0.120389E-01
  2.700   5.146  -0.948332E-03  0.104335E-01
  2.700   5.146  -0.388841E-03  0.405360E-02
  2.700   5.146   0.333670E-03 -0.414566E-02
  2.700   5.146   0.882014E-03 -0.104877E-01
  2.700   5.146   0.999504E-03 -0.120327E-01
  2.700   5.146   0.630341E-03 -0.790779E-02
  2.700   5.146  -0.536816E-04  0.387284E-04
  2.700   5.146  -0.733298E-03  0.797198E-02
  2.700   5.146  -0.109152E-02  0.120639E-01
  2.700   5.146  -0.962286E-03  0.104833E-01
  2.700   5.146  -0.407702E-03  0.412195E-02
  2.700   5.146   0.311868E-03 -0.406891E-02
  2.700   5.146   0.860005E-03 -0.104143E-01
  2.700   5.146   0.981249E-03 -0.119728E-01
  2.700   5.146   0.620042E-03 -0.786803E-02
  2.700   5.146  -0.536145E-04  0.551255E-04
  2.700   5.146  -0.723951E-03  0.796359E-02
  2.700   5.146  -0.107741E-02  0.120307E-01
  2.700   5.146  -0.949194E-03  0.104279E-01
  2.700   5.146  -0.399787E-03  0.405126E-02
  2.700   5.146   0.313771E-03 -0.414379E-02
  2.700   5.146   0.857638E-03 -0.104807E-01
  2.700   5.146   0.976467E-03 -0.120201E-01
  2.700   5.146   0.612580E-03 -0.788968E-02
  2.800   5.240  -0.599436E-04  0.666338E-04
  2.800   5.240  -0.999557E-03  0.887755E-02
  2.800   5.240  -0.150167E-02  0.133993E-01
  2.800   5.240  -0.133380E-02  0.116235E-01
  2.800   5.240  -0.576335E-03  0.457735E-02
  2.800   5.240   0.415662E-03 -0.447616E-02
  2.800   5.240   0.117826E-02 -0.115062E-01
  2.800   5.240   0.135493E-02 -0.132600E-01
  2.800   5.240   0.863628E-03 -0.872652E-02
  2.800   5.240  -0.637019E-04  0.708703E-04
  2.800   5.240  -0.989301E-03  0.885306E-02
  2.800   5.240  -0.147567E-02  0.133474E-01
  2.800   5.240  -0.129182E-02  0.115473E-01
  2.800   5.240  -0.521659E-03  0.448391E-02
  2.800   5.240   0.475810E-03 -0.457586E-02
  2.800   5.240   0.123461E-02 -0.115997E-01
  2.800   5.240   0.139950E-02 -0.133370E-01
  2.800   5.240   0.892390E-03 -0.878090E-02
  2.800   5.240  -0.502555E-04  0.418600E-04
  2.800   5.240  -0.987679E-03  0.885075E-02
  2.800   5.240  -0.148173E-02  0.133724E-01
  2.800   5.240  -0.130253E-02  0.115979E-01
  2.800   5.240  -0.535454E-03  0.455400E-02
  2.800   5.240   0.459875E-03 -0.449712E-02
  2.800   5.240   0.121816E-02 -0.115250E-01
  2.800   5.240   0.138540E-02 -0.132771E-01
  2.800   5.240   0.883915E-03 -0.874200E-02
  2.800   5.240  -0.512156E-04  0.572227E-04
  2.800   5.240  -0.982082E-03  0.884171E-02
  2.800   5.240  -0.147321E-02  0.133389E-01
  2.800   5.240  -0.129542E-02  0.115425E-01
  2.800   5.240  -0.532359E-03  0.448345E-02
  2.800   5.240   0.459206E-03 -0.457124E-02
  2.800   5.240   0.121577E-02 -0.115895E-01
  2.800   5.240   0.138271E-02 -0.133211E-01
  2.800   5.240   0.879919E-03 -0.875994E-02
  2.900   5.333  -0.542083E-04  0.678685E-04
  2.900   5.333  -0.131951E-02  0.976525E-02
  2.900   5.333  -0.199310E-02  0.147134E-01
  2.900   5.333  -0.176187E-02  0.127329E-01
  2.900   5.333  -0.735648E-03  0.500115E-02
  2.900   5.333   0.605208E-03 -0.490811E-02
  2.900   5.333   0.163399E-02 -0.126218E-01
  2.900   5.333   0.186951E-02 -0.145770E-01
  2.900   5.333   0.120143E-02 -0.961373E-02
  2.900   5.333  -0.563743E-04  0.727636E-04
  2.900   5.333  -0.131191E-02  0.974329E-02
  2.900   5.333  -0.197365E-02  0.146654E-01
  2.900   5.333  -0.172921E-02  0.126615E-01
  2.900   5.333  -0.691566E-03  0.491266E-02
  2.900   5.333   0.654795E-03 -0.500301E-02
  2.900   5.333   0.168072E-02 -0.127108E-01
  2.900   5.333   0.190595E-02 -0.146501E-01
  2.900   5.333   0.122397E-02 -0.966518E-02
  2.900   5.333  -0.468833E-04  0.451691E-04
  2.900   5.333  -0.131181E-02  0.974066E-02
  2.900   5.333  -0.197897E-02  0.146886E-01
  2.900   5.333  -0.173754E-02  0.127095E-01
  2.900   5.333  -0.702323E-03  0.497993E-02
  2.900   5.333   0.641533E-03 -0.492694E-02
  2.900   5.333   0.166586E-02 -0.126384E-01
  2.900   5.333   0.189220E-02 -0.145917E-01
  2.900   5.333   0.121499E-02 -0.962654E-02
  2.900   5.333  -0.485832E-04  0.621586E-04
  2.900   5.333  -0.130673E-02  0.973529E-02
  2.900   5.333  -0.197071E-02  0.146604E-01
  2.900   5.333  -0.173074E-02  0.126597E-01
  2.900   5.333  -0.699895E-03  0.491451E-02
  2.900   5.333   0.639894E-03 -0.499715E-02
  2.900   5.333   0.166267E-02 -0.127005E-01
  2.900   5.333   0.188957E-02 -0.146351E-01
  2.900   5.333   0.121246E-02 -0.964589E-02
  3.000   5.424  -0.485918E-04  0.704557E-04
  3.000   5.424  -0.171168E-02  0.106397E-01
  3.000   5.424  -0.259537E-02  0.159963E-01
  3.000   5.424  -0.228811E-02  0.138047E-01
  3.000   5.424  -0.935418E-03  0.540728E-02
  3.000   5.424   0.829917E-03 -0.532325E-02
  3.000   5.424   0.218306E-02 -0.137008E-01
  3.000   5.424   0.249094E-02 -0.158641E-01
  3.000   5.424   0.160859E-02 -0.104887E-01
  3.000   5.424  -0.504995E-04  0.730629E-04
  3.000   5.424  -0.170661E-02  0.106185E-01
  3.000   5.424  -0.258082E-02  0.159520E-01
  3.000   5.424  -0.226194E-02  0.137391E-01
  3.000   5.424  -0.898650E-03  0.532606E-02
  3.000   5.424   0.871896E-03 -0.541019E-02
  3.000   5.424   0.222225E-02 -0.137819E-01
  3.000   5.424   0.252031E-02 -0.159302E-01
  3.000   5.424   0.162510E-02 -0.105351E-01
  3.000   5.424  -0.453197E-04  0.477126E-04
  3.000   5.424  -0.170858E-02  0.106150E-01
  3.000   5.424  -0.258584E-02  0.159717E-01
  3.000   5.424  -0.226791E-02  0.137818E-01
  3.000   5.424  -0.905657E-03  0.538711E-02
  3.000   5.424   0.862943E-03 -0.534064E-02
  3.000   5.424   0.221151E-02 -0.137158E-01
  3.000   5.424   0.251002E-02 -0.158772E-01
  3.000   5.424   0.161870E-02 -0.104999E-01
  3.000   5.424  -0.454096E-04  0.638446E-04
  3.000   5.424  -0.170298E-02  0.106117E-01
  3.000   5.424  -0.257832E-02  0.159478E-01
  3.000   5.424  -0.226320E-02  0.137377E-01
  3.000   5.424  -0.906403E-03  0.532781E-02
  3.000   5.424   0.857767E-03 -0.540476E-02
  3.000   5.424   0.220540E-02 -0.137722E-01
  3.000   5.424   0.250594E-02 -0.159157E-01
  3.000   5.424   0.161666E-02 -0.105159E-01
