  0.000   0.000   0.000000E+00  0.000000E+00
  0.000   0.000   0.000000E+00  0.000000E+00
  0.000   0.000   0.000000E+00  0.000000E+00
  0.000   0.000   0.000000E+00  0.000000E+00
  0.000   0.000   0.000000E+00  0.000000E+00
  0.000   0.000   0.000000E+00  0.000000E+00
  0.000   0.000   0.000000E+00  0.000000E+00
  0.000   0.000   0.000000E+00  0.000000E+00
  0.000   0.000   0.000000E+00  0.000000E+00
  0.000   0.000   0.000000E+00  0.000000E+00
  0.000   0.000   0.000000E+00  0.000000E+00
  0.000   0.000   0.000000E+00  0.000000E+00
  0.000   0.000   0.000000E+00  0.000000E+00
  0.000   0.000   0.000000E+00  0.000000E+00
  0.000   0.000   0.000000E+00  0.000000E+00
  0.000   0.000   0.000000E+00  0.000000E+00
  0.000   0.000   0.000000E+00  0.000000E+00
  0.000   0.000   0.000000E+00  0.000000E+00
  0.000   0.000   0.000000E+00  0.000000E+00
  0.000   0.000   0.000000E+00  0.000000E+00
  0.000   0.000   0.000000E+00  0.000000E+00
  0.000   0.000   0.000000E+00  0.000000E+00
  0.000   0.000   0.000000E+00  0.000000E+00
  0.000   0.000   0.000000E+00  0.000000E+00
  0.000   0.000   0.000000E+00  0.000000E+00
  0.000   0.000   0.000000E+00  0.000000E+00
  0.000   0.000   0.000000E+00  0.000000E+00
  0.000   0.000   0.000000E+00  0.000000E+00
  0.000   0.000   0.000000E+00  0.000000E+00
  0.000   0.000   0.000000E+00  0.000000E+00
  0.000   0.000   0.000000E+00  0.000000E+00
  0.000   0.000   0.000000E+00  0.000000E+00
  0.000   0.000   0.000000E+00  0.000000E+00
  0.000   0.000   0.000000E+00  0.000000E+00
  0.000   0.000   0.000000E+00  0.000000E+00
  0.000   0.000   0.000000E+00  0.000000E+00
 -1.000  -1.000            NaN           NaN
 -1.000  -1.000            NaN           NaN
 -1.000  -1.000            NaN           NaN
 -1.000  -1.000            NaN           NaN
 -1.000  -1.000            NaN           NaN
 -1.000  -1.000            NaN           NaN
 -1.000  -1.000            NaN           NaN
 -1.000  -1.000            NaN           NaN
 -1.000  -1.000            NaN           NaN
 -1.000  -1.000            NaN           NaN
 -1.000  -1.000            NaN           NaN
 -1.000  -1.000            NaN           NaN
 -1.000  -1.000            NaN           NaN
 -1.000  -1.000            NaN           NaN
 -1.000  -1.000            NaN           NaN
 -1.000  -1.000            NaN           NaN
 -1.000  -1.000            NaN           NaN
 -1.000  -1.000            NaN           NaN
 -1.000  -1.000            NaN           NaN
 -1.000  -1.000            NaN           NaN
 -1.000  -1.000            NaN           NaN
 -1.000  -1.000            NaN           NaN
 -1.000  -1.000            NaN           NaN
 -1.000  -1.000            NaN           NaN
 -1.000  -1.000            NaN           NaN
 -1.000  -1.000            NaN           NaN
 -1.000  -1.000            NaN           NaN
 -1.000  -1.000            NaN           NaN
 -1.000  -1.000            NaN           NaN
 -1.000  -1.000            NaN           NaN
 -1.000  -1.000            NaN           NaN
 -1.000  -1.000            NaN           NaN
 -1.000  -1.000            NaN           NaN
 -1.000  -1.000            NaN           NaN
 -1.000  -1.000            NaN           NaN
 -1.000  -1.000            NaN           NaN
  0.120   0.990   0.989708E+01  0.396990E+02
  0.120   0.990   0.719283E+02  0.397557E+02
  0.120   0.990   0.131791E+03  0.398077E+02
  0.120   0.990   0.187668E+03  0.398530E+02
  0.120   0.990   0.237862E+03  0.398902E+02
  0.120   0.990   0.280850E+03  0.399183E+02
  0.120   0.990   0.315323E+03  0.399371E+02
  0.120   0.990   0.340233E+03  0.399469E+02
  0.120   0.990   0.354822E+03  0.399483E+02
  0.120   0.990   0.358644E+03  0.399422E+02
  0.120   0.990   0.351582E+03  0.399296E+02
  0.120   0.990   0.333851E+03  0.399116E+02
  0.120   0.990   0.305989E+03  0.398891E+02
  0.120   0.990   0.268845E+03  0.398627E+02
  0.120   0.990   0.223549E+03  0.398332E+02
  0.120   0.990   0.171480E+03  0.398006E+02
  0.120   0.990   0.114220E+03  0.397654E+02
  0.120   0.990   0.535094E+02  0.397276E+02
  0.120   0.990  -0.880751E+01  0.396875E+02
  0.120   0.990  -0.708388E+02  0.396453E+02
  0.120   0.990  -0.130701E+03  0.396018E+02
  0.120   0.990  -0.186578E+03  0.395578E+02
  0.120   0.990  -0.236773E+03  0.395146E+02
  0.120   0.990  -0.279760E+03  0.394738E+02
  0.120   0.990  -0.314234E+03  0.394372E+02
  0.120   0.990  -0.339144E+03  0.394068E+02
  0.120   0.990  -0.353733E+03  0.393844E+02
  0.120   0.990  -0.357555E+03  0.393716E+02
  0.120   0.990  -0.350493E+03  0.393697E+02
  0.120   0.990  -0.332761E+03  0.393794E+02
  0.120   0.990  -0.304900E+03  0.394007E+02
  0.120   0.990  -0.267756E+03  0.394330E+02
  0.120   0.990  -0.222460E+03  0.394752E+02
  0.120   0.990  -0.170390E+03  0.395253E+02
  0.120   0.990  -0.113130E+03  0.395811E+02
  0.120   0.990  -0.524198E+02  0.396399E+02
  0.207   1.400   0.167707E+02  0.351000E+02
  0.207   1.400   0.108587E+03  0.355060E+02
  0.207   1.400   0.197155E+03  0.358903E+02
  0.207   1.400   0.279792E+03  0.362401E+02
  0.207   1.400   0.353991E+03  0.365445E+02
  0.207   1.400   0.417501E+03  0.367949E+02
  0.207   1.400   0.468388E+03  0.369854E+02
  0.207   1.400   0.505098E+03  0.371125E+02
  0.207   1.400   0.526507E+03  0.371751E+02
  0.207   1.400   0.531957E+03  0.371739E+02
  0.207   1.400   0.521275E+03  0.371114E+02
  0.207   1.400   0.494786E+03  0.369911E+02
  0.207   1.400   0.453296E+03  0.368178E+02
  0.207   1.400   0.398075E+03  0.365968E+02
  0.207   1.400   0.330809E+03  0.363340E+02
  0.207   1.400   0.253551E+03  0.360360E+02
  0.207   1.400   0.168653E+03  0.357096E+02
  0.207   1.400   0.786963E+02  0.353623E+02
  0.207   1.400  -0.135886E+02  0.350019E+02
  0.207   1.400  -0.105405E+03  0.346371E+02
  0.207   1.400  -0.193973E+03  0.342770E+02
  0.207   1.400  -0.276610E+03  0.339313E+02
  0.207   1.400  -0.350809E+03  0.336102E+02
  0.207   1.400  -0.414319E+03  0.333244E+02
  0.207   1.400  -0.465206E+03  0.330840E+02
  0.207   1.400  -0.501916E+03  0.328988E+02
  0.207   1.400  -0.523326E+03  0.327772E+02
  0.207   1.400  -0.528775E+03  0.327254E+02
  0.207   1.400  -0.518093E+03  0.327475E+02
  0.207   1.400  -0.491604E+03  0.328446E+02
  0.207   1.400  -0.450114E+03  0.330146E+02
  0.207   1.400  -0.394893E+03  0.332525E+02
  0.207   1.400  -0.327627E+03  0.335502E+02
  0.207   1.400  -0.250369E+03  0.338971E+02
  0.207   1.400  -0.165471E+03  0.342806E+02
  0.207   1.400  -0.755142E+02  0.346866E+02
  0.301   1.715   0.238231E+02  0.311874E+02
  0.301   1.715   0.137789E+03  0.327377E+02
  0.301   1.715   0.247664E+03  0.342192E+02
  0.301   1.715   0.350136E+03  0.355842E+02
  0.301   1.715   0.442109E+03  0.367908E+02
  0.301   1.715   0.520790E+03  0.378034E+02
  0.301   1.715   0.583779E+03  0.385948E+02
  0.301   1.715   0.629139E+03  0.391454E+02
  0.301   1.715   0.655465E+03  0.394440E+02
  0.301   1.715   0.661931E+03  0.394869E+02
  0.301   1.715   0.648324E+03  0.392775E+02
  0.301   1.715   0.615054E+03  0.388256E+02
  0.301   1.715   0.563142E+03  0.381467E+02
  0.301   1.715   0.494188E+03  0.372618E+02
  0.301   1.715   0.410313E+03  0.361962E+02
  0.301   1.715   0.314094E+03  0.349795E+02
  0.301   1.715   0.208470E+03  0.336448E+02
  0.301   1.715   0.966538E+02  0.322277E+02
  0.301   1.715  -0.179672E+02  0.307661E+02
  0.301   1.715  -0.131933E+03  0.292993E+02
  0.301   1.715  -0.241808E+03  0.278675E+02
  0.301   1.715  -0.344281E+03  0.265117E+02
  0.301   1.715  -0.436253E+03  0.252721E+02
  0.301   1.715  -0.514935E+03  0.241881E+02
  0.301   1.715  -0.577924E+03  0.232961E+02
  0.301   1.715  -0.623284E+03  0.226284E+02
  0.301   1.715  -0.649610E+03  0.222109E+02
  0.301   1.715  -0.656077E+03  0.220621E+02
  0.301   1.715  -0.642469E+03  0.221912E+02
  0.301   1.715  -0.609199E+03  0.225976E+02
  0.301   1.715  -0.557287E+03  0.232704E+02
  0.301   1.715  -0.488332E+03  0.241891E+02
  0.301   1.715  -0.404458E+03  0.253238E+02
  0.301   1.715  -0.308238E+03  0.266372E+02
  0.301   1.715  -0.202614E+03  0.280852E+02
  0.301   1.715  -0.907979E+02  0.296191E+02
  0.400   1.981   0.303360E+02  0.280299E+02
  0.400   1.981   0.157123E+03  0.319036E+02
  0.400   1.981   0.279283E+03  0.356178E+02
  0.400   1.981   0.393164E+03  0.390558E+02
  0.400   1.981   0.495342E+03  0.421115E+02
  0.400   1.981   0.582719E+03  0.446939E+02
  0.400   1.981   0.652615E+03  0.467294E+02
  0.400   1.981   0.702854E+03  0.481636E+02
  0.400   1.981   0.731846E+03  0.489615E+02
  0.400   1.981   0.738652E+03  0.491075E+02
  0.400   1.981   0.723029E+03  0.486046E+02
  0.400   1.981   0.685442E+03  0.474736E+02
  0.400   1.981   0.627060E+03  0.457521E+02
  0.400   1.981   0.549706E+03  0.434932E+02
  0.400   1.981   0.455797E+03  0.407641E+02
  0.400   1.981   0.348243E+03  0.376440E+02
  0.400   1.981   0.230352E+03  0.342220E+02
  0.400   1.981   0.105713E+03  0.305944E+02
  0.400   1.981  -0.219128E+02  0.268622E+02
  0.400   1.981  -0.148700E+03  0.231296E+02
  0.400   1.981  -0.270861E+03  0.195014E+02
  0.400   1.981  -0.384741E+03  0.160822E+02
  0.400   1.981  -0.486920E+03  0.129741E+02
  0.400   1.981  -0.574298E+03  0.102739E+02
  0.400   1.981  -0.644194E+03  0.807068E+01
  0.400   1.981  -0.694433E+03  0.644108E+01
  0.400   1.981  -0.723425E+03  0.544561E+01
  0.400   1.981  -0.730232E+03  0.512476E+01
  0.400   1.981  -0.714608E+03  0.549620E+01
  0.400   1.981  -0.677021E+03  0.655335E+01
  0.400   1.981  -0.618638E+03  0.826541E+01
  0.400   1.981  -0.541285E+03  0.105788E+02
  0.400   1.981  -0.447374E+03  0.134193E+02
  0.400   1.981  -0.339820E+03  0.166955E+02
  0.400   1.981  -0.221929E+03  0.203014E+02
  0.400   1.981  -0.972899E+02  0.241206E+02
  0.500   2.214   0.359216E+02  0.256935E+02
  0.500   2.214   0.165748E+03  0.330683E+02
  0.500   2.214   0.290743E+03  0.401501E+02
  0.500   2.214   0.407221E+03  0.467186E+02
  0.500   2.214   0.511713E+03  0.525719E+02
  0.500   2.214   0.601053E+03  0.575338E+02
  0.500   2.214   0.672475E+03  0.614591E+02
  0.500   2.214   0.723706E+03  0.642372E+02
  0.500   2.214   0.753071E+03  0.657947E+02
  0.500   2.214   0.759566E+03  0.660954E+02
  0.500   2.214   0.742923E+03  0.651404E+02
  0.500   2.214   0.703635E+03  0.629670E+02
  0.500   2.214   0.642947E+03  0.596472E+02
  0.500   2.214   0.562800E+03  0.552852E+02
  0.500   2.214   0.465754E+03  0.500144E+02
  0.500   2.214   0.354870E+03  0.439922E+02
  0.500   2.214   0.233592E+03  0.373946E+02
  0.500   2.214   0.105616E+03  0.304109E+02
  0.500   2.214  -0.252213E+02  0.232378E+02
  0.500   2.214  -0.155048E+03  0.160760E+02
  0.500   2.214  -0.280043E+03  0.912650E+01
  0.500   2.214  -0.396522E+03  0.258875E+01
  0.500   2.214  -0.501015E+03 -0.334290E+01
  0.500   2.214  -0.590356E+03 -0.848344E+01
  0.500   2.214  -0.661779E+03 -0.126635E+02
  0.500   2.214  -0.713011E+03 -0.157374E+02
  0.500   2.214  -0.742376E+03 -0.175913E+02
  0.500   2.214  -0.748871E+03 -0.181510E+02
  0.500   2.214  -0.732227E+03 -0.173872E+02
  0.500   2.214  -0.692939E+03 -0.153179E+02
  0.500   2.214  -0.632250E+03 -0.120075E+02
  0.500   2.214  -0.552102E+03 -0.756278E+01
  0.500   2.214  -0.455055E+03 -0.212779E+01
  0.500   2.214  -0.344171E+03  0.412273E+01
  0.500   2.214  -0.222892E+03  0.109897E+02
  0.500   2.214  -0.949159E+02  0.182561E+02
  0.600   2.426   0.404452E+02  0.239441E+02
  0.600   2.426   0.164235E+03  0.356019E+02
  0.600   2.426   0.283306E+03  0.468069E+02
  0.600   2.426   0.394232E+03  0.572164E+02
  0.600   2.426   0.493757E+03  0.665119E+02
  0.600   2.426   0.578868E+03  0.744102E+02
  0.600   2.426   0.646885E+03  0.806733E+02
  0.600   2.426   0.695568E+03  0.851161E+02
  0.600   2.426   0.723231E+03  0.876119E+02
  0.600   2.426   0.728850E+03  0.880950E+02
  0.600   2.426   0.712136E+03  0.865620E+02
  0.600   2.426   0.673578E+03  0.830716E+02
  0.600   2.426   0.614435E+03  0.777420E+02
  0.600   2.426   0.536673E+03  0.707465E+02
  0.600   2.426   0.442867E+03  0.623068E+02
  0.600   2.426   0.336059E+03  0.526826E+02
  0.600   2.426   0.219620E+03  0.421611E+02
  0.600   2.426   0.971047E+02  0.310460E+02
  0.600   2.426  -0.278571E+02  0.196486E+02
  0.600   2.426  -0.151648E+03  0.828279E+01
  0.600   2.426  -0.270720E+03 -0.273839E+01
  0.600   2.426  -0.381647E+03 -0.131039E+02
  0.600   2.426  -0.481173E+03 -0.225078E+02
  0.600   2.426  -0.566286E+03 -0.306553E+02
  0.600   2.426  -0.634303E+03 -0.372734E+02
  0.600   2.426  -0.682986E+03 -0.421253E+02
  0.600   2.426  -0.710650E+03 -0.450259E+02
  0.600   2.426  -0.716268E+03 -0.458562E+02
  0.600   2.426  -0.699553E+03 -0.445727E+02
  0.600   2.426  -0.660994E+03 -0.412112E+02
  0.600   2.426  -0.601849E+03 -0.358841E+02
  0.600   2.426  -0.524087E+03 -0.287715E+02
  0.600   2.426  -0.430279E+03 -0.201107E+02
  0.600   2.426  -0.323471E+03 -0.101833E+02
  0.600   2.426  -0.207031E+03  0.696019E+00
  0.600   2.426  -0.845162E+02  0.121893E+02
  0.700   2.620   0.437869E+02  0.226575E+02
  0.700   2.620   0.153633E+03  0.386806E+02
  0.700   2.620   0.259163E+03  0.540962E+02
  0.700   2.620   0.357468E+03  0.684440E+02
  0.700   2.620   0.445736E+03  0.812876E+02
  0.700   2.620   0.521293E+03  0.922293E+02
  0.700   2.620   0.581689E+03  0.100926E+03
  0.700   2.620   0.624816E+03  0.107104E+03
  0.700   2.620   0.649044E+03  0.110571E+03
  0.700   2.620   0.653352E+03  0.111222E+03
  0.700   2.620   0.637429E+03  0.109048E+03
  0.700   2.620   0.601735E+03  0.104132E+03
  0.700   2.620   0.547490E+03  0.966508E+02
  0.700   2.620   0.476610E+03  0.868617E+02
  0.700   2.620   0.391579E+03  0.750926E+02
  0.700   2.620   0.295283E+03  0.617210E+02
  0.700   2.620   0.190842E+03  0.471548E+02
  0.700   2.620   0.814527E+02  0.318138E+02
  0.700   2.620  -0.297120E+02  0.161174E+02
  0.700   2.620  -0.139560E+03  0.480589E+00
  0.700   2.620  -0.245093E+03 -0.146848E+02
  0.700   2.620  -0.343400E+03 -0.289654E+02
  0.700   2.620  -0.431668E+03 -0.419455E+02
  0.700   2.620  -0.507226E+03 -0.532136E+02
  0.700   2.620  -0.567622E+03 -0.623789E+02
  0.700   2.620  -0.610749E+03 -0.690952E+02
  0.700   2.620  -0.634975E+03 -0.730894E+02
  0.700   2.620  -0.639280E+03 -0.741857E+02
  0.700   2.620  -0.623354E+03 -0.723235E+02
  0.700   2.620  -0.587657E+03 -0.675622E+02
  0.700   2.620  -0.533410E+03 -0.600752E+02
  0.700   2.620  -0.462528E+03 -0.501344E+02
  0.700   2.620  -0.377497E+03 -0.380878E+02
  0.700   2.620  -0.281202E+03 -0.243383E+02
  0.700   2.620  -0.176762E+03 -0.932357E+01
  0.700   2.620  -0.673753E+02  0.649816E+01
  0.800   2.801   0.458968E+02  0.215980E+02
  0.800   2.801   0.135450E+03  0.412543E+02
  0.800   2.801   0.221335E+03  0.601927E+02
  0.800   2.801   0.301375E+03  0.778707E+02
  0.800   2.801   0.373385E+03  0.937558E+02
  0.800   2.801   0.435177E+03  0.107343E+03
  0.800   2.801   0.484643E+03  0.118182E+03
  0.800   2.801   0.519876E+03  0.125898E+03
  0.800   2.801   0.539345E+03  0.130220E+03
  0.800   2.801   0.542048E+03  0.130995E+03
  0.800   2.801   0.527650E+03  0.128202E+03
  0.800   2.801   0.496553E+03  0.121954E+03
  0.800   2.801   0.449902E+03  0.112495E+03
  0.800   2.801   0.389503E+03  0.100181E+03
  0.800   2.801   0.317674E+03  0.854593E+02
  0.800   2.801   0.237042E+03  0.688323E+02
  0.800   2.801   0.150337E+03  0.508224E+02
  0.800   2.801   0.602257E+02  0.319440E+02
  0.800   2.801  -0.307802E+02  0.126886E+02
  0.800   2.801  -0.120341E+03 -0.647398E+01
  0.800   2.801  -0.206232E+03 -0.250804E+02
  0.800   2.801  -0.286276E+03 -0.426549E+02
  0.800   2.801  -0.358286E+03 -0.586979E+02
  0.800   2.801  -0.420077E+03 -0.726902E+02
  0.800   2.801  -0.469538E+03 -0.841176E+02
  0.800   2.801  -0.504765E+03 -0.925102E+02
  0.800   2.801  -0.524226E+03 -0.974896E+02
  0.800   2.801  -0.526921E+03 -0.988113E+02
  0.800   2.801  -0.512514E+03 -0.963928E+02
  0.800   2.801  -0.481410E+03 -0.903230E+02
  0.800   2.801  -0.434754E+03 -0.808500E+02
  0.800   2.801  -0.374355E+03 -0.683533E+02
  0.800   2.801  -0.302528E+03 -0.533058E+02
  0.800   2.801  -0.221901E+03 -0.362354E+02
  0.800   2.801  -0.135203E+03 -0.176931E+02
  0.800   2.801  -0.451007E+02  0.176749E+01
  0.900   2.971   0.469315E+02  0.208115E+02
  0.900   2.971   0.111651E+03  0.427204E+02
  0.900   2.971   0.173538E+03  0.638765E+02
  0.900   2.971   0.231307E+03  0.837171E+02
  0.900   2.971   0.283531E+03  0.101656E+03
  0.900   2.971   0.328614E+03  0.117102E+03
  0.900   2.971   0.364857E+03  0.129498E+03
  0.900   2.971   0.390604E+03  0.138359E+03
  0.900   2.971   0.404441E+03  0.143321E+03
  0.900   2.971   0.405394E+03  0.144169E+03
  0.900   2.971   0.393091E+03  0.140865E+03
  0.900   2.971   0.367858E+03  0.133550E+03
  0.900   2.971   0.330735E+03  0.122546E+03
  0.900   2.971   0.283382E+03  0.108321E+03
  0.900   2.971   0.227902E+03  0.914531E+02
  0.900   2.971   0.166596E+03  0.725694E+02
  0.900   2.971   0.101717E+03  0.522901E+02
  0.900   2.971   0.352812E+02  0.311837E+02
  0.900   2.971  -0.310128E+02  0.975153E+01
  0.900   2.971  -0.957445E+02 -0.115573E+02
  0.900   2.971  -0.157640E+03 -0.323052E+02
  0.900   2.971  -0.215410E+03 -0.520190E+02
  0.900   2.971  -0.267629E+03 -0.701585E+02
  0.900   2.971  -0.312703E+03 -0.861154E+02
  0.900   2.971  -0.348932E+03 -0.992487E+02
  0.900   2.971  -0.374661E+03 -0.108948E+03
  0.900   2.971  -0.388480E+03 -0.114709E+03
  0.900   2.971  -0.389416E+03 -0.116202E+03
  0.900   2.971  -0.377099E+03 -0.113318E+03
  0.900   2.971  -0.351858E+03 -0.106180E+03
  0.900   2.971  -0.314733E+03 -0.951268E+02
  0.900   2.971  -0.267384E+03 -0.806641E+02
  0.900   2.971  -0.211915E+03 -0.634043E+02
  0.900   2.971  -0.150624E+03 -0.440018E+02
  0.900   2.971  -0.857633E+02 -0.231013E+02
  0.900   2.971  -0.193461E+02 -0.130892E+01
  1.000   3.132   0.468977E+02  0.197285E+02
  1.000   3.132   0.844047E+02  0.423560E+02
  1.000   3.132   0.120031E+03  0.643007E+02
  1.000   3.132   0.153471E+03  0.850516E+02
  1.000   3.132   0.184129E+03  0.104012E+03
  1.000   3.132   0.211048E+03  0.120521E+03
  1.000   3.132   0.232966E+03  0.133904E+03
  1.000   3.132   0.248493E+03  0.143546E+03
  1.000   3.132   0.256340E+03  0.148963E+03
  1.000   3.132   0.255554E+03  0.149859E+03
  1.000   3.132   0.245718E+03  0.146169E+03
  1.000   3.132   0.227065E+03  0.138068E+03
  1.000   3.132   0.200511E+03  0.125968E+03
  1.000   3.132   0.167553E+03  0.110475E+03
  1.000   3.132   0.130059E+03  0.923192E+02
  1.000   3.132   0.899832E+02  0.722639E+02
  1.000   3.132   0.490610E+02  0.510132E+02
  1.000   3.132   0.859709E+01  0.291458E+02
  1.000   3.132  -0.306049E+02  0.709814E+01
  1.000   3.132  -0.681423E+02 -0.147950E+02
  1.000   3.132  -0.103789E+03 -0.362177E+02
  1.000   3.132  -0.137237E+03 -0.567797E+02
  1.000   3.132  -0.167890E+03 -0.759517E+02
  1.000   3.132  -0.194790E+03 -0.930553E+02
  1.000   3.132  -0.216678E+03 -0.107315E+03
  1.000   3.132  -0.232168E+03 -0.117954E+03
  1.000   3.132  -0.239975E+03 -0.124316E+03
  1.000   3.132  -0.239152E+03 -0.125963E+03
  1.000   3.132  -0.229284E+03 -0.122749E+03
  1.000   3.132  -0.210611E+03 -0.114839E+03
  1.000   3.132  -0.184049E+03 -0.102676E+03
  1.000   3.132  -0.151097E+03 -0.869198E+02
  1.000   3.132  -0.113623E+03 -0.683397E+02
  1.000   3.132  -0.735772E+02 -0.477216E+02
  1.000   3.132  -0.326920E+02 -0.257833E+02
  1.000   3.132   0.773266E+01 -0.313240E+01
  1.100   3.284   0.461648E+02  0.185962E+02
  1.100   3.284   0.558591E+02  0.405730E+02
  1.100   3.284   0.646687E+02  0.620380E+02
  1.100   3.284   0.732983E+02  0.826067E+02
  1.100   3.284   0.820040E+02  0.101716E+03
  1.100   3.284   0.904725E+02  0.118643E+03
  1.100   3.284   0.978829E+02  0.132581E+03
  1.100   3.284   0.103107E+03  0.142754E+03
  1.100   3.284   0.104977E+03  0.148528E+03
  1.100   3.284   0.102559E+03  0.149501E+03
  1.100   3.284   0.953764E+02  0.145565E+03
  1.100   3.284   0.835578E+02  0.136930E+03
  1.100   3.284   0.678803E+02  0.124117E+03
  1.100   3.284   0.496706E+02  0.107892E+03
  1.100   3.284   0.305678E+02  0.891689E+02
  1.100   3.284   0.121816E+02  0.688647E+02
  1.100   3.284  -0.426385E+01  0.477627E+02
  1.100   3.284  -0.181836E+02  0.264124E+02
  1.100   3.284  -0.296910E+02  0.511292E+01
  1.100   3.284  -0.394352E+02 -0.160105E+02
  1.100   3.284  -0.482758E+02 -0.368602E+02
  1.100   3.284  -0.569134E+02 -0.572056E+02
  1.100   3.284  -0.656025E+02 -0.765714E+02
  1.100   3.284  -0.740315E+02 -0.942152E+02
  1.100   3.284  -0.813840E+02 -0.109203E+03
  1.100   3.284  -0.865391E+02 -0.120558E+03
  1.100   3.284  -0.883383E+02 -0.127428E+03
  1.100   3.284  -0.858558E+02 -0.129242E+03
  1.100   3.284  -0.786227E+02 -0.125805E+03
  1.100   3.284  -0.667751E+02 -0.117330E+03
  1.100   3.284  -0.510924E+02 -0.104395E+03
  1.100   3.284  -0.329016E+02 -0.878418E+02
  1.100   3.284  -0.138392E+02 -0.686354E+02
  1.100   3.284   0.449031E+01 -0.477118E+02
  1.100   3.284   0.208692E+02 -0.258546E+02
  1.100   3.284   0.347203E+02 -0.363012E+01
  1.200   3.430   0.448326E+02  0.170739E+02
  1.200   3.430   0.276451E+02  0.376318E+02
  1.200   3.430   0.105526E+02  0.579485E+02
  1.200   3.430  -0.475228E+01  0.778250E+02
  1.200   3.430  -0.171906E+02  0.967538E+02
  1.200   3.430  -0.264576E+02  0.113936E+03
  1.200   3.430  -0.329564E+02  0.128396E+03
  1.200   3.430  -0.375670E+02  0.139148E+03
  1.200   3.430  -0.413420E+02  0.145365E+03
  1.200   3.430  -0.452049E+02  0.146504E+03
  1.200   3.430  -0.496982E+02  0.142400E+03
  1.200   3.430  -0.548094E+02  0.133304E+03
  1.200   3.430  -0.599099E+02  0.119864E+03
  1.200   3.430  -0.638435E+02  0.103050E+03
  1.200   3.430  -0.651873E+02  0.840055E+02
  1.200   3.430  -0.626454E+02  0.638451E+02
  1.200   3.430  -0.554694E+02  0.434485E+02
  1.200   3.430  -0.437579E+02  0.233169E+02
  1.200   3.430  -0.285114E+02  0.355327E+01
  1.200   3.430  -0.114066E+02 -0.160117E+02
  1.200   3.430   0.563405E+01 -0.355871E+02
  1.200   3.430   0.209251E+02 -0.551692E+02
  1.200   3.430   0.333907E+02 -0.743667E+02
  1.200   3.430   0.427235E+02 -0.923644E+02
  1.200   3.430   0.493185E+02 -0.108034E+03
  1.200   3.430   0.540435E+02 -0.120143E+03
  1.200   3.430   0.579360E+02 -0.127601E+03
  1.200   3.430   0.619042E+02 -0.129668E+03
  1.200   3.430   0.664776E+02 -0.126087E+03
  1.200   3.430   0.716346E+02 -0.117126E+03
  1.200   3.430   0.767418E+02 -0.103522E+03
  1.200   3.430   0.806438E+02 -0.863443E+02
  1.200   3.430   0.819221E+02 -0.667957E+02
  1.200   3.430   0.792886E+02 -0.459989E+02
  1.200   3.430   0.720052E+02 -0.248118E+02
  1.200   3.430   0.601823E+02 -0.373251E+01
  1.300   3.571   0.431558E+02  0.152486E+02
  1.300   3.571   0.110759E+01  0.343109E+02
  1.300   3.571  -0.399351E+02  0.534856E+02
  1.300   3.571  -0.773571E+02  0.727999E+02
  1.300   3.571  -0.109317E+03  0.918037E+02
  1.300   3.571  -0.134939E+03  0.109588E+03
  1.300   3.571  -0.154243E+03  0.124951E+03
  1.300   3.571  -0.167874E+03  0.136636E+03
  1.300   3.571  -0.176775E+03  0.143566E+03
  1.300   3.571  -0.181856E+03  0.145025E+03
  1.300   3.571  -0.183732E+03  0.140772E+03
  1.300   3.571  -0.182519E+03  0.131100E+03
  1.300   3.571  -0.177749E+03  0.116815E+03
  1.300   3.571  -0.168438E+03  0.991383E+02
  1.300   3.571  -0.153363E+03  0.795043E+02
  1.300   3.571  -0.131504E+03  0.592855E+02
  1.300   3.571  -0.102529E+03  0.394981E+02
  1.300   3.571  -0.671541E+02  0.205964E+02
  1.300   3.571  -0.271932E+02  0.244760E+01
  1.300   3.571   0.147210E+02 -0.154803E+02
  1.300   3.571   0.556742E+02 -0.337739E+02
  1.300   3.571   0.930646E+02 -0.527039E+02
  1.300   3.571   0.125056E+03 -0.719702E+02
  1.300   3.571   0.150772E+03 -0.906530E+02
  1.300   3.571   0.170218E+03 -0.107371E+03
  1.300   3.571   0.184022E+03 -0.120574E+03
  1.300   3.571   0.193102E+03 -0.128877E+03
  1.300   3.571   0.198346E+03 -0.131332E+03
  1.300   3.571   0.200348E+03 -0.127607E+03
  1.300   3.571   0.199211E+03 -0.118035E+03
  1.300   3.571   0.194459E+03 -0.103545E+03
  1.300   3.571   0.185110E+03 -0.854828E+02
  1.300   3.571   0.169945E+03 -0.653525E+02
  1.300   3.571   0.147955E+03 -0.445173E+02
  1.300   3.571   0.118822E+03 -0.239408E+02
  1.300   3.571   0.832777E+02 -0.404557E+01
  1.400   3.705   0.413448E+02  0.133711E+02
  1.400   3.705  -0.229746E+02  0.315001E+02
  1.400   3.705  -0.854751E+02  0.501552E+02
  1.400   3.705  -0.142708E+03  0.696203E+02
  1.400   3.705  -0.192145E+03  0.894894E+02
  1.400   3.705  -0.232404E+03  0.108691E+03
  1.400   3.705  -0.263154E+03  0.125720E+03
  1.400   3.705  -0.284825E+03  0.138975E+03
  1.400   3.705  -0.298246E+03  0.147067E+03
  1.400   3.705  -0.304317E+03  0.149058E+03
  1.400   3.705  -0.303722E+03  0.144615E+03
  1.400   3.705  -0.296720E+03  0.134073E+03
  1.400   3.705  -0.283013E+03  0.118428E+03
  1.400   3.705  -0.261796E+03  0.992069E+02
  1.400   3.705  -0.232025E+03  0.782150E+02
  1.400   3.705  -0.192906E+03  0.571631E+02
  1.400   3.705  -0.144458E+03  0.372655E+02
  1.400   3.705  -0.879263E+02  0.189517E+02
  1.400   3.705  -0.258468E+02  0.182854E+01
  1.400   3.705   0.382882E+02 -0.150548E+02
  1.400   3.705   0.100667E+03 -0.327215E+02
  1.400   3.705   0.157860E+03 -0.517468E+02
  1.400   3.705   0.207348E+03 -0.719079E+02
  1.400   3.705   0.247743E+03 -0.921233E+02
  1.400   3.705   0.278698E+03 -0.110677E+03
  1.400   3.705   0.300613E+03 -0.125619E+03
  1.400   3.705   0.314286E+03 -0.135200E+03
  1.400   3.705   0.320582E+03 -0.138223E+03
  1.400   3.705   0.320157E+03 -0.134263E+03
  1.400   3.705   0.313253E+03 -0.123732E+03
  1.400   3.705   0.299564E+03 -0.107790E+03
  1.400   3.705   0.278286E+03 -0.881253E+02
  1.400   3.705   0.248385E+03 -0.666249E+02
  1.400   3.705   0.209081E+03 -0.449749E+02
  1.400   3.705   0.160413E+03 -0.243027E+02
  1.400   3.705   0.103647E+03 -0.497222E+01
  1.500   3.835   0.394264E+02  0.112493E+02
  1.500   3.835  -0.442980E+02  0.293977E+02
  1.500   3.835  -0.125526E+03  0.485255E+02
  1.500   3.835  -0.200093E+03  0.691729E+02
  1.500   3.835  -0.264879E+03  0.909430E+02
  1.500   3.835  -0.318045E+03  0.112541E+03
  1.500   3.835  -0.358929E+03  0.132092E+03
  1.500   3.835  -0.387732E+03  0.147588E+03
  1.500   3.835  -0.405142E+03  0.157284E+03
  1.500   3.835  -0.412017E+03  0.159999E+03
  1.500   3.835  -0.409108E+03  0.155289E+03
  1.500   3.835  -0.396824E+03  0.143536E+03
  1.500   3.835  -0.375074E+03  0.125938E+03
  1.500   3.835  -0.343256E+03  0.104371E+03
  1.500   3.835  -0.300519E+03  0.810709E+02
  1.500   3.835  -0.246279E+03  0.581631E+02
  1.500   3.835  -0.180847E+03  0.371282E+02
  1.500   3.835  -0.105906E+03  0.184117E+02
  1.500   3.835  -0.245954E+02  0.136374E+01
  1.500   3.835   0.588697E+02 -0.154103E+02
  1.500   3.835   0.139917E+03 -0.333996E+02
  1.500   3.835   0.214412E+03 -0.534932E+02
  1.500   3.835   0.279247E+03 -0.755215E+02
  1.500   3.835   0.332581E+03 -0.981895E+02
  1.500   3.835   0.373729E+03 -0.119384E+03
  1.500   3.835   0.402852E+03 -0.136695E+03
  1.500   3.835   0.420597E+03 -0.147967E+03
  1.500   3.835   0.427774E+03 -0.151730E+03
  1.500   3.835   0.425098E+03 -0.147458E+03
  1.500   3.835   0.412957E+03 -0.135641E+03
  1.500   3.835   0.391246E+03 -0.117691E+03
  1.500   3.835   0.359366E+03 -0.956807E+02
  1.500   3.835   0.316475E+03 -0.719327E+02
  1.500   3.835   0.262005E+03 -0.485210E+02
  1.500   3.835   0.196290E+03 -0.267921E+02
  1.500   3.835   0.121040E+03 -0.707978E+01
  1.600   3.961   0.375372E+02  0.921086E+01
  1.600   3.961  -0.624912E+02  0.286164E+02
  1.600   3.961  -0.159492E+03  0.494981E+02
  1.600   3.961  -0.248718E+03  0.726558E+02
  1.600   3.961  -0.326556E+03  0.976590E+02
  1.600   3.961  -0.390772E+03  0.122910E+03
  1.600   3.961  -0.440391E+03  0.146075E+03
  1.600   3.961  -0.475367E+03  0.164659E+03
  1.600   3.961  -0.496219E+03  0.176507E+03
  1.600   3.961  -0.503731E+03  0.180161E+03
  1.600   3.961  -0.498706E+03  0.175054E+03
  1.600   3.961  -0.481721E+03  0.161617E+03
  1.600   3.961  -0.452917E+03  0.141278E+03
  1.600   3.961  -0.411927E+03  0.116311E+03
  1.600   3.961  -0.358100E+03  0.894665E+02
  1.600   3.961  -0.291041E+03  0.633761E+02
  1.600   3.961  -0.211294E+03  0.398686E+02
  1.600   3.961  -0.120881E+03  0.194489E+02
  1.600   3.961  -0.234180E+02  0.120704E+01
  1.600   3.961   0.763002E+02 -0.167325E+02
  1.600   3.961   0.173088E+03 -0.363611E+02
  1.600   3.961   0.262234E+03 -0.588854E+02
  1.600   3.961   0.340142E+03 -0.841443E+02
  1.600   3.961   0.404574E+03 -0.110547E+03
  1.600   3.961   0.454526E+03 -0.135485E+03
  1.600   3.961   0.489902E+03 -0.156008E+03
  1.600   3.961   0.511164E+03 -0.169495E+03
  1.600   3.961   0.519041E+03 -0.174172E+03
  1.600   3.961   0.514291E+03 -0.169404E+03
  1.600   3.961   0.497465E+03 -0.155773E+03
  1.600   3.961   0.468692E+03 -0.134979E+03
  1.600   3.961   0.427611E+03 -0.109535E+03
  1.600   3.961   0.373587E+03 -0.822902E+02
  1.600   3.961   0.306244E+03 -0.557973E+02
  1.600   3.961   0.226151E+03 -0.316990E+02
  1.600   3.961   0.135364E+03 -0.103367E+02
  1.700   4.083   0.357689E+02  0.741236E+01
  1.700   4.083  -0.774593E+02  0.295906E+02
  1.700   4.083  -0.187309E+03  0.537207E+02
  1.700   4.083  -0.288590E+03  0.808630E+02
  1.700   4.083  -0.377286E+03  0.110519E+03
  1.700   4.083  -0.450812E+03  0.140728E+03
  1.700   4.083  -0.507879E+03  0.168626E+03
  1.700   4.083  -0.548159E+03  0.191173E+03
  1.700   4.083  -0.571953E+03  0.205762E+03
  1.700   4.083  -0.579936E+03  0.210623E+03
  1.700   4.083  -0.572952E+03  0.205042E+03
  1.700   4.083  -0.551769E+03  0.189480E+03
  1.700   4.083  -0.516802E+03  0.165589E+03
  1.700   4.083  -0.467972E+03  0.136074E+03
  1.700   4.083  -0.404859E+03  0.104264E+03
  1.700   4.083  -0.327245E+03  0.734014E+02
  1.700   4.083  -0.235848E+03  0.457709E+02
  1.700   4.083  -0.132926E+03  0.220195E+02
  1.700   4.083  -0.224238E+02  0.101168E+01
  1.700   4.083   0.904499E+02 -0.196166E+02
  1.700   4.083   0.200059E+03 -0.423820E+02
  1.700   4.083   0.301255E+03 -0.688125E+02
  1.700   4.083   0.390044E+03 -0.987241E+02
  1.700   4.083   0.463835E+03 -0.130167E+03
  1.700   4.083   0.521302E+03 -0.159969E+03
  1.700   4.083   0.562059E+03 -0.184572E+03
  1.700   4.083   0.586334E+03 -0.200847E+03
  1.700   4.083   0.594736E+03 -0.206685E+03
  1.700   4.083   0.588060E+03 -0.201318E+03
  1.700   4.083   0.567043E+03 -0.185410E+03
  1.700   4.083   0.532093E+03 -0.160947E+03
  1.700   4.083   0.483141E+03 -0.130921E+03
  1.700   4.083   0.419787E+03 -0.987698E+02
  1.700   4.083   0.341837E+03 -0.676259E+02
  1.700   4.083   0.250040E+03 -0.395311E+02
  1.700   4.083   0.146688E+03 -0.149111E+02
  1.800   4.201   0.340180E+02  0.557601E+01
  1.800   4.201  -0.893707E+02  0.318564E+02
  1.800   4.201  -0.209219E+03  0.605868E+02
  1.800   4.201  -0.320054E+03  0.930649E+02
  1.800   4.201  -0.417565E+03  0.128663E+03
  1.800   4.201  -0.498851E+03  0.164976E+03
  1.800   4.201  -0.562287E+03  0.198540E+03
  1.800   4.201  -0.607204E+03  0.225730E+03
  1.800   4.201  -0.633604E+03  0.243473E+03
  1.800   4.201  -0.641989E+03  0.249689E+03
  1.800   4.201  -0.633216E+03  0.243516E+03
  1.800   4.201  -0.608257E+03  0.225432E+03
  1.800   4.201  -0.567860E+03  0.197310E+03
  1.800   4.201  -0.512300E+03  0.162294E+03
  1.800   4.201  -0.441452E+03  0.124344E+03
  1.800   4.201  -0.355302E+03  0.873896E+02
  1.800   4.201  -0.254716E+03  0.542610E+02
  1.800   4.201  -0.142100E+03  0.258139E+02
  1.800   4.201  -0.215786E+02  0.711979E+00
  1.800   4.201   0.101413E+03 -0.239076E+02
  1.800   4.201   0.220982E+03 -0.511024E+02
  1.800   4.201   0.331707E+03 -0.827121E+02
  1.800   4.201   0.429305E+03 -0.118483E+03
  1.800   4.201   0.510873E+03 -0.156038E+03
  1.800   4.201   0.574747E+03 -0.191576E+03
  1.800   4.201   0.620188E+03 -0.220893E+03
  1.800   4.201   0.647119E+03 -0.240337E+03
  1.800   4.201   0.655966E+03 -0.247466E+03
  1.800   4.201   0.647530E+03 -0.241382E+03
  1.800   4.201   0.622751E+03 -0.222823E+03
  1.800   4.201   0.582374E+03 -0.194061E+03
  1.800   4.201   0.526686E+03 -0.158573E+03
  1.800   4.201   0.455585E+03 -0.120431E+03
  1.800   4.201   0.369082E+03 -0.834109E+02
  1.800   4.201   0.268073E+03 -0.500264E+02
  1.800   4.201   0.154995E+03 -0.208377E+02
  1.900   4.317   0.323459E+02  0.404945E+01
  1.900   4.317  -0.982842E+02  0.357081E+02
  1.900   4.317  -0.225395E+03  0.702923E+02
  1.900   4.317  -0.343386E+03  0.109315E+03
  1.900   4.317  -0.447750E+03  0.151968E+03
  1.900   4.317  -0.535307E+03  0.195339E+03
  1.900   4.317  -0.604072E+03  0.235320E+03
  1.900   4.317  -0.652974E+03  0.267686E+03
  1.900   4.317  -0.681645E+03  0.288913E+03
  1.900   4.317  -0.690354E+03  0.296628E+03
  1.900   4.317  -0.679943E+03  0.289819E+03
  1.900   4.317  -0.651604E+03  0.268959E+03
  1.900   4.317  -0.606468E+03  0.236107E+03
  1.900   4.317  -0.545235E+03  0.194826E+03
  1.900   4.317  -0.468135E+03  0.149724E+03
  1.900   4.317  -0.375383E+03  0.105475E+03
  1.900   4.317  -0.267971E+03  0.655367E+02
  1.900   4.317  -0.148361E+03  0.310452E+02
  1.900   4.317  -0.207158E+02  0.500182E+00
  1.900   4.317   0.109491E+03 -0.294526E+02
  1.900   4.317   0.236298E+03 -0.624070E+02
  1.900   4.317   0.354165E+03 -0.100484E+03
  1.900   4.317   0.458619E+03 -0.143299E+03
  1.900   4.317   0.546479E+03 -0.187977E+03
  1.900   4.317   0.615715E+03 -0.230032E+03
  1.900   4.317   0.665179E+03 -0.264599E+03
  1.900   4.317   0.694413E+03 -0.287516E+03
  1.900   4.317   0.703604E+03 -0.296029E+03
  1.900   4.317   0.693534E+03 -0.289115E+03
  1.900   4.317   0.665369E+03 -0.267574E+03
  1.900   4.317   0.620242E+03 -0.233937E+03
  1.900   4.317   0.558870E+03 -0.192156E+03
  1.900   4.317   0.481507E+03 -0.146958E+03
  1.900   4.317   0.388398E+03 -0.102830E+03
  1.900   4.317   0.280554E+03 -0.628402E+02
  1.900   4.317   0.160469E+03 -0.277567E+02
  2.000   4.429   0.307726E+02  0.277543E+01
  2.000   4.429  -0.104085E+03  0.410684E+02
  2.000   4.429  -0.235667E+03  0.827220E+02
  2.000   4.429  -0.358433E+03  0.129426E+03
  2.000   4.429  -0.467782E+03  0.180127E+03
  2.000   4.429  -0.560270E+03  0.231347E+03
  2.000   4.429  -0.633497E+03  0.278307E+03
  2.000   4.429  -0.685896E+03  0.316204E+03
  2.000   4.429  -0.716627E+03  0.341109E+03
  2.000   4.429  -0.725647E+03  0.350403E+03
  2.000   4.429  -0.713745E+03  0.342931E+03
  2.000   4.429  -0.682348E+03  0.319129E+03
  2.000   4.429  -0.633038E+03  0.281176E+03
  2.000   4.429  -0.567032E+03  0.233005E+03
  2.000   4.429  -0.485009E+03  0.179857E+03
  2.000   4.429  -0.387483E+03  0.127206E+03
  2.000   4.429  -0.275568E+03  0.792239E+02
  2.000   4.429  -0.151703E+03  0.374148E+02
  2.000   4.429  -0.199176E+02  0.168857E+00
  2.000   4.429   0.114502E+03 -0.363415E+02
  2.000   4.429   0.245760E+03 -0.762365E+02
  2.000   4.429   0.368386E+03 -0.121888E+03
  2.000   4.429   0.477821E+03 -0.172723E+03
  2.000   4.429   0.570621E+03 -0.225308E+03
  2.000   4.429   0.644340E+03 -0.274446E+03
  2.000   4.429   0.697323E+03 -0.314624E+03
  2.000   4.429   0.728634E+03 -0.341216E+03
  2.000   4.429   0.738137E+03 -0.351199E+03
  2.000   4.429   0.726566E+03 -0.343439E+03
  2.000   4.429   0.695326E+03 -0.318762E+03
  2.000   4.429   0.646008E+03 -0.279897E+03
  2.000   4.429   0.579855E+03 -0.231219E+03
  2.000   4.429   0.497574E+03 -0.178100E+03
  2.000   4.429   0.399703E+03 -0.125777E+03
  2.000   4.429   0.287371E+03 -0.779586E+02
  2.000   4.429   0.163039E+03 -0.357018E+02
  2.100   4.538   0.291797E+02  0.181112E+01
  2.100   4.538  -0.107119E+03  0.478114E+02
  2.100   4.538  -0.240570E+03  0.975303E+02
  2.100   4.538  -0.365861E+03  0.152774E+03
  2.100   4.538  -0.478390E+03  0.212180E+03
  2.100   4.538  -0.574471E+03  0.271659E+03
  2.100   4.538  -0.651257E+03  0.325779E+03
  2.100   4.538  -0.706616E+03  0.369232E+03
  2.100   4.538  -0.739163E+03  0.397790E+03
  2.100   4.538  -0.748476E+03  0.408670E+03
  2.100   4.538  -0.735256E+03  0.400599E+03
  2.100   4.538  -0.701169E+03  0.373923E+03
  2.100   4.538  -0.648286E+03  0.330837E+03
  2.100   4.538  -0.578408E+03  0.275530E+03
  2.100   4.538  -0.492739E+03  0.213818E+03
  2.100   4.538  -0.392141E+03  0.151976E+03
  2.100   4.538  -0.277865E+03  0.949672E+02
  2.100   4.538  -0.152263E+03  0.447568E+02
  2.100   4.538  -0.190868E+02 -0.293023E+00
  2.100   4.538   0.116763E+03 -0.444300E+02
  2.100   4.538   0.249871E+03 -0.922571E+02
  2.100   4.538   0.375004E+03 -0.146341E+03
  2.100   4.538   0.487615E+03 -0.205858E+03
  2.100   4.538   0.584017E+03 -0.266774E+03
  2.100   4.538   0.661311E+03 -0.323190E+03
  2.100   4.538   0.717270E+03 -0.369015E+03
  2.100   4.538   0.750399E+03 -0.399260E+03
  2.100   4.538   0.760183E+03 -0.410714E+03
  2.100   4.538   0.747269E+03 -0.402157E+03
  2.100   4.538   0.713310E+03 -0.374396E+03
  2.100   4.538   0.660397E+03 -0.330258E+03
  2.100   4.538   0.590368E+03 -0.274434E+03
  2.100   4.538   0.504455E+03 -0.212873E+03
  2.100   4.538   0.403541E+03 -0.151573E+03
  2.100   4.538   0.288879E+03 -0.949490E+02
  2.100   4.538   0.162831E+03 -0.444400E+02
  2.200   4.645   0.275499E+02  0.112488E+01
  2.200   4.645  -0.107649E+03  0.558239E+02
  2.200   4.645  -0.240599E+03  0.114502E+03
  2.200   4.645  -0.366369E+03  0.178998E+03
  2.200   4.645  -0.480442E+03  0.247562E+03
  2.200   4.645  -0.578896E+03  0.315461E+03
  2.200   4.645  -0.658404E+03  0.376651E+03
  2.200   4.645  -0.716218E+03  0.425437E+03
  2.200   4.645  -0.750354E+03  0.457443E+03
  2.200   4.645  -0.759963E+03  0.469842E+03
  2.200   4.645  -0.745631E+03  0.461283E+03
  2.200   4.645  -0.709251E+03  0.431957E+03
  2.200   4.645  -0.653397E+03  0.383941E+03
  2.200   4.645  -0.580499E+03  0.321523E+03
  2.200   4.645  -0.492338E+03  0.250980E+03
  2.200   4.645  -0.390184E+03  0.179374E+03
  2.200   4.645  -0.275446E+03  0.112514E+03
  2.200   4.645  -0.150348E+03  0.529357E+02
  2.200   4.645  -0.182471E+02 -0.926223E+00
  2.200   4.645   0.116530E+03 -0.536612E+02
  2.200   4.645   0.249143E+03 -0.110285E+03
  2.200   4.645   0.374752E+03 -0.173485E+03
  2.200   4.645   0.488903E+03 -0.242112E+03
  2.200   4.645   0.587680E+03 -0.311503E+03
  2.200   4.645   0.667701E+03 -0.375098E+03
  2.200   4.645   0.726112E+03 -0.426343E+03
  2.200   4.645   0.760811E+03 -0.460034E+03
  2.200   4.645   0.770851E+03 -0.472894E+03
  2.200   4.645   0.756767E+03 -0.463655E+03
  2.200   4.645   0.720452E+03 -0.433045E+03
  2.200   4.645   0.664517E+03 -0.383853E+03
  2.200   4.645   0.591443E+03 -0.320929E+03
  2.200   4.645   0.503048E+03 -0.250690E+03
  2.200   4.645   0.400619E+03 -0.179866E+03
  2.200   4.645   0.285557E+03 -0.113634E+03
  2.200   4.645   0.160077E+03 -0.539149E+02
  2.300   4.749   0.255960E+02  0.859816E+00
  2.300   4.749  -0.105950E+03  0.649738E+02
  2.300   4.749  -0.235953E+03  0.133194E+03
  2.300   4.749  -0.360020E+03  0.207307E+03
  2.300   4.749  -0.473798E+03  0.285105E+03
  2.300   4.749  -0.573156E+03  0.361199E+03
  2.300   4.749  -0.654289E+03  0.429006E+03
  2.300   4.749  -0.713834E+03  0.482603E+03
  2.300   4.749  -0.749209E+03  0.517654E+03
  2.300   4.749  -0.759134E+03  0.531437E+03
  2.300   4.749  -0.744048E+03  0.522572E+03
  2.300   4.749  -0.706030E+03  0.491021E+03
  2.300   4.749  -0.648109E+03  0.438564E+03
  2.300   4.749  -0.573304E+03  0.369390E+03
  2.300   4.749  -0.483972E+03  0.290085E+03
  2.300   4.749  -0.381821E+03  0.208447E+03
  2.300   4.749  -0.268457E+03  0.131195E+03
  2.300   4.749  -0.145987E+03  0.615543E+02
  2.300   4.749  -0.173019E+02 -0.184737E+01
  2.300   4.749   0.113981E+03 -0.638399E+02
  2.300   4.749   0.243766E+03 -0.129772E+03
  2.300   4.749   0.367748E+03 -0.202372E+03
  2.300   4.749   0.481646E+03 -0.280114E+03
  2.300   4.749   0.581353E+03 -0.357696E+03
  2.300   4.749   0.663012E+03 -0.427979E+03
  2.300   4.749   0.723151E+03 -0.484104E+03
  2.300   4.749   0.759058E+03 -0.520838E+03
  2.300   4.749   0.769341E+03 -0.534989E+03
  2.300   4.749   0.754384E+03 -0.525290E+03
  2.300   4.749   0.716271E+03 -0.492311E+03
  2.300   4.749   0.658092E+03 -0.438627E+03
  2.300   4.749   0.582952E+03 -0.369035E+03
  2.300   4.749   0.493286E+03 -0.290259E+03
  2.300   4.749   0.390846E+03 -0.209702E+03
  2.300   4.749   0.277237E+03 -0.133353E+03
  2.300   4.749   0.154533E+03 -0.637274E+02
  2.400   4.851   0.239412E+02  0.285481E+00
  2.400   4.851  -0.102160E+03  0.749183E+02
  2.400   4.851  -0.227622E+03  0.153774E+03
  2.400   4.851  -0.348713E+03  0.238447E+03
  2.400   4.851  -0.461266E+03  0.326114E+03
  2.400   4.851  -0.560899E+03  0.410633E+03
  2.400   4.851  -0.643256E+03  0.484910E+03
  2.400   4.851  -0.704299E+03  0.542945E+03
  2.400   4.851  -0.740801E+03  0.580651E+03
  2.400   4.851  -0.751009E+03  0.595597E+03
  2.400   4.851  -0.735184E+03  0.586457E+03
  2.400   4.851  -0.695573E+03  0.552928E+03
  2.400   4.851  -0.635678E+03  0.496361E+03
  2.400   4.851  -0.559181E+03  0.420661E+03
  2.400   4.851  -0.469138E+03  0.332576E+03
  2.400   4.851  -0.367838E+03  0.240569E+03
  2.400   4.851  -0.257188E+03  0.152286E+03
  2.400   4.851  -0.139157E+03  0.716964E+02
  2.400   4.851  -0.160093E+02 -0.231655E+01
  2.400   4.851   0.109623E+03 -0.747680E+02
  2.400   4.851   0.234660E+03 -0.151245E+03
  2.400   4.851   0.355502E+03 -0.234367E+03
  2.400   4.851   0.468081E+03 -0.322046E+03
  2.400   4.851   0.568029E+03 -0.408220E+03
  2.400   4.851   0.650911E+03 -0.485172E+03
  2.400   4.851   0.712554E+03 -0.545871E+03
  2.400   4.851   0.749580E+03 -0.585264E+03
  2.400   4.851   0.760130E+03 -0.600427E+03
  2.400   4.851   0.744436E+03 -0.590192E+03
  2.400   4.851   0.704785E+03 -0.554946E+03
  2.400   4.851   0.644765E+03 -0.496930E+03
  2.400   4.851   0.568134E+03 -0.420729E+03
  2.400   4.851   0.477985E+03 -0.333241E+03
  2.400   4.851   0.376586E+03 -0.242493E+03
  2.400   4.851   0.265783E+03 -0.155312E+03
  2.400   4.851   0.147485E+03 -0.748788E+02
  2.500   4.951   0.220578E+02  0.564211E-01
  2.500   4.951  -0.962880E+02  0.848436E+02
  2.500   4.951  -0.214838E+03  0.173906E+03
  2.500   4.951  -0.330523E+03  0.268601E+03
  2.500   4.951  -0.439379E+03  0.365446E+03
  2.500   4.951  -0.536835E+03  0.457537E+03
  2.500   4.951  -0.618145E+03  0.537342E+03
  2.500   4.951  -0.678845E+03  0.598934E+03
  2.500   4.951  -0.715325E+03  0.638664E+03
  2.500   4.951  -0.725554E+03  0.654545E+03
  2.500   4.951  -0.709664E+03  0.645362E+03
  2.500   4.951  -0.669954E+03  0.610485E+03
  2.500   4.951  -0.610154E+03  0.550669E+03
  2.500   4.951  -0.534307E+03  0.469334E+03
  2.500   4.951  -0.445912E+03  0.373225E+03
  2.500   4.951  -0.347699E+03  0.271410E+03
  2.500   4.951  -0.241862E+03  0.172493E+03
  2.500   4.951  -0.130304E+03  0.812793E+02
  2.500   4.951  -0.147430E+02 -0.300989E+01
  2.500   4.951   0.103123E+03 -0.855218E+02
  2.500   4.951   0.221206E+03 -0.172048E+03
  2.500   4.951   0.336603E+03 -0.265061E+03
  2.500   4.951   0.445467E+03 -0.361882E+03
  2.500   4.951   0.543248E+03 -0.455700E+03
  2.500   4.951   0.625108E+03 -0.538308E+03
  2.500   4.951   0.686419E+03 -0.602662E+03
  2.500   4.951   0.723398E+03 -0.644077E+03
  2.500   4.951   0.733902E+03 -0.660050E+03
  2.500   4.951   0.718045E+03 -0.649560E+03
  2.500   4.951   0.678200E+03 -0.612743E+03
  2.500   4.951   0.618214E+03 -0.551333E+03
  2.500   4.951   0.542234E+03 -0.469492E+03
  2.500   4.951   0.453796E+03 -0.374124E+03
  2.500   4.951   0.355590E+03 -0.273807E+03
  2.500   4.951   0.249714E+03 -0.176241E+03
  2.500   4.951   0.137977E+03 -0.853510E+02
  2.600   5.049   0.201803E+02 -0.481478E+00
  2.600   5.049  -0.891692E+02  0.948967E+02
  2.600   5.049  -0.199681E+03  0.194641E+03
  2.600   5.049  -0.308997E+03  0.299736E+03
  2.600   5.049  -0.413306E+03  0.405883E+03
  2.600   5.049  -0.507778E+03  0.505328E+03
  2.600   5.049  -0.587264E+03  0.590135E+03
  2.600   5.049  -0.646942E+03  0.654607E+03
  2.600   5.049  -0.682939E+03  0.695746E+03
  2.600   5.049  -0.693049E+03  0.712191E+03
  2.600   5.049  -0.677303E+03  0.702937E+03
  2.600   5.049  -0.637994E+03  0.667007E+03
  2.600   5.049  -0.578959E+03  0.604445E+03
  2.600   5.049  -0.504486E+03  0.518027E+03
  2.600   5.049  -0.418468E+03  0.414347E+03
  2.600   5.049  -0.324120E+03  0.302991E+03
  2.600   5.049  -0.224021E+03  0.193503E+03
  2.600   5.049  -0.120069E+03  0.915435E+02
  2.600   5.049  -0.133883E+02 -0.330483E+01
  2.600   5.049   0.953950E+02 -0.962864E+02
  2.600   5.049   0.205335E+03 -0.193321E+03
  2.600   5.049   0.314282E+03 -0.296603E+03
  2.600   5.049   0.418570E+03 -0.402704E+03
  2.600   5.049   0.513387E+03 -0.503971E+03
  2.600   5.049   0.593466E+03 -0.591734E+03
  2.600   5.049   0.653780E+03 -0.659088E+03
  2.600   5.049   0.690256E+03 -0.701924E+03
  2.600   5.049   0.700568E+03 -0.718348E+03
  2.600   5.049   0.684755E+03 -0.707583E+03
  2.600   5.049   0.645226E+03 -0.669499E+03
  2.600   5.049   0.585981E+03 -0.605208E+03
  2.600   5.049   0.511434E+03 -0.518284E+03
  2.600   5.049   0.425504E+03 -0.415488E+03
  2.600   5.049   0.331322E+03 -0.305860E+03
  2.600   5.049   0.231314E+03 -0.197949E+03
  2.600   5.049   0.127242E+03 -0.964479E+02
  2.700   5.146   0.180171E+02 -0.281032E+00
  2.700   5.146  -0.807036E+02  0.105286E+03
  2.700   5.146  -0.181596E+03  0.215256E+03
  2.700   5.146  -0.283093E+03  0.330296E+03
  2.700   5.146  -0.381512E+03  0.445291E+03
  2.700   5.146  -0.471717E+03  0.551616E+03
  2.700   5.146  -0.548185E+03  0.640939E+03
  2.700   5.146  -0.605865E+03  0.707856E+03
  2.700   5.146  -0.640811E+03  0.750122E+03
  2.700   5.146  -0.650784E+03  0.767095E+03
  2.700   5.146  -0.635733E+03  0.758009E+03
  2.700   5.146  -0.597811E+03  0.721475E+03
  2.700   5.146  -0.540731E+03  0.656681E+03
  2.700   5.146  -0.468796E+03  0.565589E+03
  2.700   5.146  -0.386174E+03  0.454545E+03
  2.700   5.146  -0.296607E+03  0.333678E+03
  2.700   5.146  -0.203225E+03  0.213609E+03
  2.700   5.146  -0.108079E+03  0.101003E+03
  2.700   5.146  -0.117349E+02 -0.412248E+01
  2.700   5.146   0.863680E+02 -0.107148E+03
  2.700   5.146   0.186587E+03 -0.214209E+03
  2.700   5.146   0.287628E+03 -0.327275E+03
  2.700   5.146   0.386009E+03 -0.442174E+03
  2.700   5.146   0.476627E+03 -0.550388E+03
  2.700   5.146   0.553803E+03 -0.642794E+03
  2.700   5.146   0.612220E+03 -0.712697E+03
  2.700   5.146   0.647670E+03 -0.756673E+03
  2.700   5.146   0.657767E+03 -0.773528E+03
  2.700   5.146   0.642486E+03 -0.762761E+03
  2.700   5.146   0.604152E+03 -0.723900E+03
  2.700   5.146   0.546714E+03 -0.657279E+03
  2.700   5.146   0.474656E+03 -0.565714E+03
  2.700   5.146   0.392189E+03 -0.455721E+03
  2.700   5.146   0.302943E+03 -0.336825E+03
  2.700   5.146   0.209832E+03 -0.218561E+03
  2.700   5.146   0.114701E+03 -0.106542E+03
  2.800   5.240   0.158988E+02 -0.514475E+00
  2.800   5.240  -0.711613E+02  0.114732E+03
  2.800   5.240  -0.161450E+03  0.234503E+03
  2.800   5.240  -0.254171E+03  0.359088E+03
  2.800   5.240  -0.345673E+03  0.482475E+03
  2.800   5.240  -0.430434E+03  0.595122E+03
  2.800   5.240  -0.502590E+03  0.688320E+03
  2.800   5.240  -0.557051E+03  0.757044E+03
  2.800   5.240  -0.590059E+03  0.799904E+03
  2.800   5.240  -0.599562E+03  0.817075E+03
  2.800   5.240  -0.585521E+03  0.808093E+03
  2.800   5.240  -0.549868E+03  0.771184E+03
  2.800   5.240  -0.495972E+03  0.704657E+03
  2.800   5.240  -0.427886E+03  0.609600E+03
  2.800   5.240  -0.349853E+03  0.492028E+03
  2.800   5.240  -0.266099E+03  0.362532E+03
  2.800   5.240  -0.180383E+03  0.232752E+03
  2.800   5.240  -0.950204E+02  0.110311E+03
  2.800   5.240  -0.100451E+02 -0.439268E+01
  2.800   5.240   0.763507E+02 -0.116918E+03
  2.800   5.240   0.165889E+03 -0.233612E+03
  2.800   5.240   0.258098E+03 -0.356154E+03
  2.800   5.240   0.349559E+03 -0.479518E+03
  2.800   5.240   0.434784E+03 -0.594236E+03
  2.800   5.240   0.507725E+03 -0.690722E+03
  2.800   5.240   0.562975E+03 -0.762555E+03
  2.800   5.240   0.596471E+03 -0.807114E+03
  2.800   5.240   0.606005E+03 -0.824027E+03
  2.800   5.240   0.591586E+03 -0.813157E+03
  2.800   5.240   0.555372E+03 -0.773732E+03
  2.800   5.240   0.501024E+03 -0.705287E+03
  2.800   5.240   0.432811E+03 -0.609801E+03
  2.800   5.240   0.355024E+03 -0.493436E+03
  2.800   5.240   0.271736E+03 -0.366110E+03
  2.800   5.240   0.186440E+03 -0.238281E+03
  2.800   5.240   0.101191E+03 -0.116455E+03
  2.900   5.333   0.140677E+02 -0.975687E+00
  2.900   5.333  -0.600085E+02  0.123036E+03
  2.900   5.333  -0.138629E+03  0.251941E+03
  2.900   5.333  -0.221787E+03  0.385666E+03
  2.900   5.333  -0.305696E+03  0.517200E+03
  2.900   5.333  -0.384239E+03  0.635942E+03
  2.900   5.333  -0.451145E+03  0.732725E+03
  2.900   5.333  -0.501408E+03  0.802901E+03
  2.900   5.333  -0.531712E+03  0.846013E+03
  2.900   5.333  -0.540437E+03  0.863138E+03
  2.900   5.333  -0.527645E+03  0.854181E+03
  2.900   5.333  -0.494955E+03  0.816999E+03
  2.900   5.333  -0.445165E+03  0.749005E+03
  2.900   5.333  -0.381846E+03  0.650376E+03
  2.900   5.333  -0.309220E+03  0.526768E+03
  2.900   5.333  -0.232075E+03  0.389244E+03
  2.900   5.333  -0.154993E+03  0.250479E+03
  2.900   5.333  -0.806770E+02  0.119038E+03
  2.900   5.333  -0.855538E+01 -0.437651E+01
  2.900   5.333   0.646751E+02 -0.125621E+03
  2.900   5.333   0.142344E+03 -0.251344E+03
  2.900   5.333   0.224861E+03 -0.382930E+03
  2.900   5.333   0.308725E+03 -0.514415E+03
  2.900   5.333   0.387844E+03 -0.635284E+03
  2.900   5.333   0.455696E+03 -0.735452E+03
  2.900   5.333   0.506871E+03 -0.808814E+03
  2.900   5.333   0.537678E+03 -0.853625E+03
  2.900   5.333   0.546321E+03 -0.870406E+03
  2.900   5.333   0.532955E+03 -0.859410E+03
  2.900   5.333   0.499512E+03 -0.819548E+03
  2.900   5.333   0.449174E+03 -0.749516E+03
  2.900   5.333   0.385783E+03 -0.650429E+03
  2.900   5.333   0.313592E+03 -0.528105E+03
  2.900   5.333   0.237163E+03 -0.392906E+03
  2.900   5.333   0.160705E+03 -0.256269E+03
  2.900   5.333   0.865797E+02 -0.125578E+03
  3.000   5.424   0.122515E+02 -0.132595E+01
  3.000   5.424  -0.477585E+02  0.130492E+03
  3.000   5.424  -0.113822E+03  0.267626E+03
  3.000   5.424  -0.186756E+03  0.409680E+03
  3.000   5.424  -0.262472E+03  0.548656E+03
  3.000   5.424  -0.334054E+03  0.672891E+03
  3.000   5.424  -0.394763E+03  0.772763E+03
  3.000   5.424  -0.439832E+03  0.844013E+03
  3.000   5.424  -0.466679E+03  0.887121E+03
  3.000   5.424  -0.474378E+03  0.904071E+03
  3.000   5.424  -0.463202E+03  0.895150E+03
  3.000   5.424  -0.434339E+03  0.857863E+03
  3.000   5.424  -0.389737E+03  0.788737E+03
  3.000   5.424  -0.332181E+03  0.687024E+03
  3.000   5.424  -0.265698E+03  0.558001E+03
  3.000   5.424  -0.195695E+03  0.413182E+03
  3.000   5.424  -0.127798E+03  0.266277E+03
  3.000   5.424  -0.653039E+02  0.126789E+03
  3.000   5.424  -0.704065E+01 -0.432252E+01
  3.000   5.424   0.519811E+02 -0.133290E+03
  3.000   5.424   0.116909E+03 -0.267136E+03
  3.000   5.424   0.189074E+03 -0.406977E+03
  3.000   5.424   0.264741E+03 -0.545897E+03
  3.000   5.424   0.337019E+03 -0.672317E+03
  3.000   5.424   0.398856E+03 -0.775648E+03
  3.000   5.424   0.444983E+03 -0.850123E+03
  3.000   5.424   0.472362E+03 -0.894903E+03
  3.000   5.424   0.479862E+03 -0.911425E+03
  3.000   5.424   0.467887E+03 -0.900354E+03
  3.000   5.424   0.438031E+03 -0.860292E+03
  3.000   5.424   0.392725E+03 -0.789085E+03
  3.000   5.424   0.335092E+03 -0.686951E+03
  3.000   5.424   0.269192E+03 -0.559321E+03
  3.000   5.424   0.200144E+03 -0.416969E+03
  3.000   5.424   0.133102E+03 -0.272318E+03
  3.000   5.424   0.709252E+02 -0.133643E+03
