  0.000   0.000  -0.000000E+00  0.000000E+00
  0.000   0.000  -0.000000E+00  0.000000E+00
  0.000   0.000  -0.000000E+00  0.000000E+00
  0.000   0.000  -0.000000E+00  0.000000E+00
  0.000   0.000  -0.000000E+00  0.000000E+00
  0.000   0.000  -0.000000E+00  0.000000E+00
  0.000   0.000  -0.000000E+00  0.000000E+00
  0.000   0.000  -0.000000E+00  0.000000E+00
  0.000   0.000  -0.000000E+00  0.000000E+00
  0.000   0.000  -0.000000E+00  0.000000E+00
  0.000   0.000  -0.000000E+00  0.000000E+00
  0.000   0.000  -0.000000E+00  0.000000E+00
  0.000   0.000  -0.000000E+00  0.000000E+00
  0.000   0.000  -0.000000E+00  0.000000E+00
  0.000   0.000  -0.000000E+00  0.000000E+00
  0.000   0.000  -0.000000E+00  0.000000E+00
  0.000   0.000  -0.000000E+00  0.000000E+00
  0.000   0.000  -0.000000E+00  0.000000E+00
  0.000   0.000   0.000000E+00 -0.000000E+00
  0.000   0.000   0.000000E+00 -0.000000E+00
  0.000   0.000   0.000000E+00 -0.000000E+00
  0.000   0.000   0.000000E+00 -0.000000E+00
  0.000   0.000   0.000000E+00 -0.000000E+00
  0.000   0.000   0.000000E+00 -0.000000E+00
  0.000   0.000   0.000000E+00 -0.000000E+00
  0.000   0.000   0.000000E+00 -0.000000E+00
  0.000   0.000   0.000000E+00 -0.000000E+00
  0.000   0.000   0.000000E+00 -0.000000E+00
  0.000   0.000   0.000000E+00 -0.000000E+00
  0.000   0.000   0.000000E+00 -0.000000E+00
  0.000   0.000   0.000000E+00 -0.000000E+00
  0.000   0.000   0.000000E+00 -0.000000E+00
  0.000   0.000   0.000000E+00 -0.000000E+00
  0.000   0.000   0.000000E+00 -0.000000E+00
  0.000   0.000   0.000000E+00 -0.000000E+00
  0.000   0.000   0.000000E+00 -0.000000E+00
 -1.000  -1.000            NaN           NaN
 -1.000  -1.000            NaN           NaN
 -1.000  -1.000            NaN           NaN
 -1.000  -1.000            NaN           NaN
 -1.000  -1.000            NaN           NaN
 -1.000  -1.000            NaN           NaN
 -1.000  -1.000            NaN           NaN
 -1.000  -1.000            NaN           NaN
 -1.000  -1.000            NaN           NaN
 -1.000  -1.000            NaN           NaN
 -1.000  -1.000            NaN           NaN
 -1.000  -1.000            NaN           NaN
 -1.000  -1.000            NaN           NaN
 -1.000  -1.000            NaN           NaN
 -1.000  -1.000            NaN           NaN
 -1.000  -1.000            NaN           NaN
 -1.000  -1.000            NaN           NaN
 -1.000  -1.000            NaN           NaN
 -1.000  -1.000            NaN           NaN
 -1.000  -1.000            NaN           NaN
 -1.000  -1.000            NaN           NaN
 -1.000  -1.000            NaN           NaN
 -1.000  -1.000            NaN           NaN
 -1.000  -1.000            NaN           NaN
 -1.000  -1.000            NaN           NaN
 -1.000  -1.000            NaN           NaN
 -1.000  -1.000            NaN           NaN
 -1.000  -1.000            NaN           NaN
 -1.000  -1.000            NaN           NaN
 -1.000  -1.000            NaN           NaN
 -1.000  -1.000            NaN           NaN
 -1.000  -1.000            NaN           NaN
 -1.000  -1.000            NaN           NaN
 -1.000  -1.000            NaN           NaN
 -1.000  -1.000            NaN           NaN
 -1.000  -1.000            NaN           NaN
  0.120   0.990  -0.377333E+03 -0.276224E+05
  0.120   0.990  -0.378307E+03 -0.276222E+05
  0.120   0.990  -0.379223E+03 -0.276220E+05
  0.120   0.990  -0.380053E+03 -0.276218E+05
  0.120   0.990  -0.380772E+03 -0.276217E+05
  0.120   0.990  -0.381359E+03 -0.276217E+05
  0.120   0.990  -0.381794E+03 -0.276217E+05
  0.120   0.990  -0.382065E+03 -0.276218E+05
  0.120   0.990  -0.382164E+03 -0.276220E+05
  0.120   0.990  -0.382085E+03 -0.276222E+05
  0.120   0.990  -0.381833E+03 -0.276224E+05
  0.120   0.990  -0.381414E+03 -0.276226E+05
  0.120   0.990  -0.380842E+03 -0.276228E+05
  0.120   0.990  -0.380134E+03 -0.276229E+05
  0.120   0.990  -0.379311E+03 -0.276229E+05
  0.120   0.990  -0.378399E+03 -0.276229E+05
  0.120   0.990  -0.377425E+03 -0.276228E+05
  0.120   0.990  -0.376419E+03 -0.276227E+05
  0.120   0.990  -0.375412E+03 -0.276225E+05
  0.120   0.990  -0.374433E+03 -0.276223E+05
  0.120   0.990  -0.373512E+03 -0.276221E+05
  0.120   0.990  -0.372678E+03 -0.276219E+05
  0.120   0.990  -0.371957E+03 -0.276218E+05
  0.120   0.990  -0.371369E+03 -0.276218E+05
  0.120   0.990  -0.370934E+03 -0.276218E+05
  0.120   0.990  -0.370666E+03 -0.276219E+05
  0.120   0.990  -0.370571E+03 -0.276221E+05
  0.120   0.990  -0.370654E+03 -0.276223E+05
  0.120   0.990  -0.370911E+03 -0.276225E+05
  0.120   0.990  -0.371335E+03 -0.276227E+05
  0.120   0.990  -0.371911E+03 -0.276229E+05
  0.120   0.990  -0.372621E+03 -0.276230E+05
  0.120   0.990  -0.373445E+03 -0.276230E+05
  0.120   0.990  -0.374356E+03 -0.276230E+05
  0.120   0.990  -0.375328E+03 -0.276228E+05
  0.120   0.990  -0.376330E+03 -0.276227E+05
  0.207   1.400  -0.107784E+04 -0.239906E+05
  0.207   1.400  -0.107939E+04 -0.239900E+05
  0.207   1.400  -0.108085E+04 -0.239894E+05
  0.207   1.400  -0.108218E+04 -0.239889E+05
  0.207   1.400  -0.108333E+04 -0.239886E+05
  0.207   1.400  -0.108428E+04 -0.239884E+05
  0.207   1.400  -0.108499E+04 -0.239885E+05
  0.207   1.400  -0.108544E+04 -0.239888E+05
  0.207   1.400  -0.108561E+04 -0.239892E+05
  0.207   1.400  -0.108550E+04 -0.239898E+05
  0.207   1.400  -0.108511E+04 -0.239904E+05
  0.207   1.400  -0.108444E+04 -0.239910E+05
  0.207   1.400  -0.108353E+04 -0.239915E+05
  0.207   1.400  -0.108239E+04 -0.239918E+05
  0.207   1.400  -0.108107E+04 -0.239920E+05
  0.207   1.400  -0.107960E+04 -0.239919E+05
  0.207   1.400  -0.107802E+04 -0.239917E+05
  0.207   1.400  -0.107639E+04 -0.239913E+05
  0.207   1.400  -0.107476E+04 -0.239907E+05
  0.207   1.400  -0.107317E+04 -0.239902E+05
  0.207   1.400  -0.107167E+04 -0.239897E+05
  0.207   1.400  -0.107031E+04 -0.239893E+05
  0.207   1.400  -0.106914E+04 -0.239890E+05
  0.207   1.400  -0.106818E+04 -0.239889E+05
  0.207   1.400  -0.106748E+04 -0.239890E+05
  0.207   1.400  -0.106705E+04 -0.239893E+05
  0.207   1.400  -0.106691E+04 -0.239898E+05
  0.207   1.400  -0.106706E+04 -0.239903E+05
  0.207   1.400  -0.106749E+04 -0.239909E+05
  0.207   1.400  -0.106819E+04 -0.239915E+05
  0.207   1.400  -0.106914E+04 -0.239919E+05
  0.207   1.400  -0.107029E+04 -0.239922E+05
  0.207   1.400  -0.107163E+04 -0.239923E+05
  0.207   1.400  -0.107309E+04 -0.239921E+05
  0.207   1.400  -0.107465E+04 -0.239918E+05
  0.207   1.400  -0.107624E+04 -0.239913E+05
  0.301   1.715  -0.194147E+04 -0.208629E+05
  0.301   1.715  -0.194356E+04 -0.208616E+05
  0.301   1.715  -0.194553E+04 -0.208604E+05
  0.301   1.715  -0.194733E+04 -0.208594E+05
  0.301   1.715  -0.194892E+04 -0.208587E+05
  0.301   1.715  -0.195023E+04 -0.208584E+05
  0.301   1.715  -0.195123E+04 -0.208585E+05
  0.301   1.715  -0.195188E+04 -0.208591E+05
  0.301   1.715  -0.195215E+04 -0.208600E+05
  0.301   1.715  -0.195204E+04 -0.208611E+05
  0.301   1.715  -0.195153E+04 -0.208624E+05
  0.301   1.715  -0.195065E+04 -0.208636E+05
  0.301   1.715  -0.194941E+04 -0.208646E+05
  0.301   1.715  -0.194785E+04 -0.208653E+05
  0.301   1.715  -0.194603E+04 -0.208656E+05
  0.301   1.715  -0.194399E+04 -0.208655E+05
  0.301   1.715  -0.194179E+04 -0.208650E+05
  0.301   1.715  -0.193952E+04 -0.208642E+05
  0.301   1.715  -0.193722E+04 -0.208631E+05
  0.301   1.715  -0.193499E+04 -0.208620E+05
  0.301   1.715  -0.193288E+04 -0.208610E+05
  0.301   1.715  -0.193096E+04 -0.208602E+05
  0.301   1.715  -0.192931E+04 -0.208596E+05
  0.301   1.715  -0.192797E+04 -0.208595E+05
  0.301   1.715  -0.192700E+04 -0.208597E+05
  0.301   1.715  -0.192642E+04 -0.208603E+05
  0.301   1.715  -0.192625E+04 -0.208613E+05
  0.301   1.715  -0.192650E+04 -0.208624E+05
  0.301   1.715  -0.192715E+04 -0.208636E+05
  0.301   1.715  -0.192818E+04 -0.208647E+05
  0.301   1.715  -0.192953E+04 -0.208655E+05
  0.301   1.715  -0.193116E+04 -0.208661E+05
  0.301   1.715  -0.193301E+04 -0.208662E+05
  0.301   1.715  -0.193503E+04 -0.208659E+05
  0.301   1.715  -0.193715E+04 -0.208652E+05
  0.301   1.715  -0.193931E+04 -0.208642E+05
  0.400   1.981  -0.274061E+04 -0.182050E+05
  0.400   1.981  -0.274317E+04 -0.182029E+05
  0.400   1.981  -0.274559E+04 -0.182008E+05
  0.400   1.981  -0.274781E+04 -0.181991E+05
  0.400   1.981  -0.274979E+04 -0.181980E+05
  0.400   1.981  -0.275145E+04 -0.181975E+05
  0.400   1.981  -0.275275E+04 -0.181978E+05
  0.400   1.981  -0.275363E+04 -0.181987E+05
  0.400   1.981  -0.275404E+04 -0.182002E+05
  0.400   1.981  -0.275396E+04 -0.182021E+05
  0.400   1.981  -0.275339E+04 -0.182042E+05
  0.400   1.981  -0.275232E+04 -0.182062E+05
  0.400   1.981  -0.275080E+04 -0.182080E+05
  0.400   1.981  -0.274885E+04 -0.182091E+05
  0.400   1.981  -0.274655E+04 -0.182096E+05
  0.400   1.981  -0.274396E+04 -0.182094E+05
  0.400   1.981  -0.274117E+04 -0.182085E+05
  0.400   1.981  -0.273825E+04 -0.182071E+05
  0.400   1.981  -0.273530E+04 -0.182054E+05
  0.400   1.981  -0.273241E+04 -0.182035E+05
  0.400   1.981  -0.272967E+04 -0.182017E+05
  0.400   1.981  -0.272719E+04 -0.182003E+05
  0.400   1.981  -0.272504E+04 -0.181994E+05
  0.400   1.981  -0.272332E+04 -0.181991E+05
  0.400   1.981  -0.272208E+04 -0.181995E+05
  0.400   1.981  -0.272136E+04 -0.182005E+05
  0.400   1.981  -0.272120E+04 -0.182021E+05
  0.400   1.981  -0.272159E+04 -0.182040E+05
  0.400   1.981  -0.272250E+04 -0.182060E+05
  0.400   1.981  -0.272388E+04 -0.182079E+05
  0.400   1.981  -0.272567E+04 -0.182094E+05
  0.400   1.981  -0.272778E+04 -0.182103E+05
  0.400   1.981  -0.273014E+04 -0.182106E+05
  0.400   1.981  -0.273268E+04 -0.182101E+05
  0.400   1.981  -0.273531E+04 -0.182089E+05
  0.400   1.981  -0.273797E+04 -0.182071E+05
  0.500   2.214  -0.340716E+04 -0.158973E+05
  0.500   2.214  -0.341010E+04 -0.158941E+05
  0.500   2.214  -0.341289E+04 -0.158911E+05
  0.500   2.214  -0.341549E+04 -0.158887E+05
  0.500   2.214  -0.341782E+04 -0.158871E+05
  0.500   2.214  -0.341983E+04 -0.158864E+05
  0.500   2.214  -0.342143E+04 -0.158868E+05
  0.500   2.214  -0.342255E+04 -0.158881E+05
  0.500   2.214  -0.342313E+04 -0.158904E+05
  0.500   2.214  -0.342313E+04 -0.158932E+05
  0.500   2.214  -0.342252E+04 -0.158964E+05
  0.500   2.214  -0.342131E+04 -0.158994E+05
  0.500   2.214  -0.341953E+04 -0.159020E+05
  0.500   2.214  -0.341723E+04 -0.159037E+05
  0.500   2.214  -0.341449E+04 -0.159045E+05
  0.500   2.214  -0.341139E+04 -0.159041E+05
  0.500   2.214  -0.340802E+04 -0.159026E+05
  0.500   2.214  -0.340449E+04 -0.159004E+05
  0.500   2.214  -0.340090E+04 -0.158977E+05
  0.500   2.214  -0.339737E+04 -0.158948E+05
  0.500   2.214  -0.339402E+04 -0.158921E+05
  0.500   2.214  -0.339097E+04 -0.158900E+05
  0.500   2.214  -0.338833E+04 -0.158886E+05
  0.500   2.214  -0.338622E+04 -0.158882E+05
  0.500   2.214  -0.338472E+04 -0.158887E+05
  0.500   2.214  -0.338389E+04 -0.158902E+05
  0.500   2.214  -0.338376E+04 -0.158925E+05
  0.500   2.214  -0.338431E+04 -0.158953E+05
  0.500   2.214  -0.338551E+04 -0.158983E+05
  0.500   2.214  -0.338727E+04 -0.159012E+05
  0.500   2.214  -0.338950E+04 -0.159036E+05
  0.500   2.214  -0.339210E+04 -0.159050E+05
  0.500   2.214  -0.339495E+04 -0.159055E+05
  0.500   2.214  -0.339795E+04 -0.159047E+05
  0.500   2.214  -0.340104E+04 -0.159030E+05
  0.500   2.214  -0.340412E+04 -0.159004E+05
  0.600   2.426  -0.393571E+04 -0.138653E+05
  0.600   2.426  -0.393892E+04 -0.138609E+05
  0.600   2.426  -0.394199E+04 -0.138569E+05
  0.600   2.426  -0.394488E+04 -0.138536E+05
  0.600   2.426  -0.394751E+04 -0.138515E+05
  0.600   2.426  -0.394981E+04 -0.138506E+05
  0.600   2.426  -0.395170E+04 -0.138512E+05
  0.600   2.426  -0.395306E+04 -0.138531E+05
  0.600   2.426  -0.395381E+04 -0.138561E+05
  0.600   2.426  -0.395389E+04 -0.138601E+05
  0.600   2.426  -0.395325E+04 -0.138645E+05
  0.600   2.426  -0.395191E+04 -0.138687E+05
  0.600   2.426  -0.394991E+04 -0.138723E+05
  0.600   2.426  -0.394730E+04 -0.138747E+05
  0.600   2.426  -0.394417E+04 -0.138756E+05
  0.600   2.426  -0.394062E+04 -0.138749E+05
  0.600   2.426  -0.393677E+04 -0.138728E+05
  0.600   2.426  -0.393271E+04 -0.138695E+05
  0.600   2.426  -0.392857E+04 -0.138655E+05
  0.600   2.426  -0.392447E+04 -0.138614E+05
  0.600   2.426  -0.392057E+04 -0.138577E+05
  0.600   2.426  -0.391700E+04 -0.138546E+05
  0.600   2.426  -0.391391E+04 -0.138527E+05
  0.600   2.426  -0.391145E+04 -0.138520E+05
  0.600   2.426  -0.390972E+04 -0.138527E+05
  0.600   2.426  -0.390881E+04 -0.138547E+05
  0.600   2.426  -0.390873E+04 -0.138578E+05
  0.600   2.426  -0.390948E+04 -0.138617E+05
  0.600   2.426  -0.391098E+04 -0.138660E+05
  0.600   2.426  -0.391312E+04 -0.138701E+05
  0.600   2.426  -0.391579E+04 -0.138735E+05
  0.600   2.426  -0.391883E+04 -0.138757E+05
  0.600   2.426  -0.392212E+04 -0.138763E+05
  0.600   2.426  -0.392553E+04 -0.138754E+05
  0.600   2.426  -0.392898E+04 -0.138730E+05
  0.600   2.426  -0.393239E+04 -0.138695E+05
  0.700   2.620  -0.433343E+04 -0.120616E+05
  0.700   2.620  -0.433680E+04 -0.120561E+05
  0.700   2.620  -0.434005E+04 -0.120510E+05
  0.700   2.620  -0.434313E+04 -0.120469E+05
  0.700   2.620  -0.434601E+04 -0.120442E+05
  0.700   2.620  -0.434858E+04 -0.120431E+05
  0.700   2.620  -0.435073E+04 -0.120438E+05
  0.700   2.620  -0.435233E+04 -0.120463E+05
  0.700   2.620  -0.435325E+04 -0.120503E+05
  0.700   2.620  -0.435342E+04 -0.120554E+05
  0.700   2.620  -0.435277E+04 -0.120612E+05
  0.700   2.620  -0.435132E+04 -0.120668E+05
  0.700   2.620  -0.434912E+04 -0.120715E+05
  0.700   2.620  -0.434625E+04 -0.120746E+05
  0.700   2.620  -0.434283E+04 -0.120757E+05
  0.700   2.620  -0.433895E+04 -0.120747E+05
  0.700   2.620  -0.433474E+04 -0.120716E+05
  0.700   2.620  -0.433029E+04 -0.120671E+05
  0.700   2.620  -0.432574E+04 -0.120617E+05
  0.700   2.620  -0.432120E+04 -0.120562E+05
  0.700   2.620  -0.431684E+04 -0.120512E+05
  0.700   2.620  -0.431282E+04 -0.120472E+05
  0.700   2.620  -0.430934E+04 -0.120446E+05
  0.700   2.620  -0.430657E+04 -0.120436E+05
  0.700   2.620  -0.430464E+04 -0.120444E+05
  0.700   2.620  -0.430366E+04 -0.120469E+05
  0.700   2.620  -0.430364E+04 -0.120510E+05
  0.700   2.620  -0.430455E+04 -0.120561E+05
  0.700   2.620  -0.430631E+04 -0.120618E+05
  0.700   2.620  -0.430879E+04 -0.120673E+05
  0.700   2.620  -0.431181E+04 -0.120719E+05
  0.700   2.620  -0.431523E+04 -0.120749E+05
  0.700   2.620  -0.431887E+04 -0.120759E+05
  0.700   2.620  -0.432259E+04 -0.120748E+05
  0.700   2.620  -0.432630E+04 -0.120717E+05
  0.700   2.620  -0.432992E+04 -0.120671E+05
  0.800   2.801  -0.461207E+04 -0.104530E+05
  0.800   2.801  -0.461550E+04 -0.104461E+05
  0.800   2.801  -0.461881E+04 -0.104398E+05
  0.800   2.801  -0.462200E+04 -0.104349E+05
  0.800   2.801  -0.462503E+04 -0.104317E+05
  0.800   2.801  -0.462782E+04 -0.104304E+05
  0.800   2.801  -0.463021E+04 -0.104313E+05
  0.800   2.801  -0.463204E+04 -0.104343E+05
  0.800   2.801  -0.463313E+04 -0.104393E+05
  0.800   2.801  -0.463338E+04 -0.104458E+05
  0.800   2.801  -0.463271E+04 -0.104530E+05
  0.800   2.801  -0.463114E+04 -0.104602E+05
  0.800   2.801  -0.462876E+04 -0.104661E+05
  0.800   2.801  -0.462570E+04 -0.104701E+05
  0.800   2.801  -0.462207E+04 -0.104714E+05
  0.800   2.801  -0.461802E+04 -0.104698E+05
  0.800   2.801  -0.461365E+04 -0.104657E+05
  0.800   2.801  -0.460903E+04 -0.104598E+05
  0.800   2.801  -0.460426E+04 -0.104528E+05
  0.800   2.801  -0.459946E+04 -0.104457E+05
  0.800   2.801  -0.459479E+04 -0.104393E+05
  0.800   2.801  -0.459046E+04 -0.104343E+05
  0.800   2.801  -0.458667E+04 -0.104310E+05
  0.800   2.801  -0.458366E+04 -0.104297E+05
  0.800   2.801  -0.458157E+04 -0.104306E+05
  0.800   2.801  -0.458053E+04 -0.104336E+05
  0.800   2.801  -0.458054E+04 -0.104386E+05
  0.800   2.801  -0.458157E+04 -0.104451E+05
  0.800   2.801  -0.458351E+04 -0.104523E+05
  0.800   2.801  -0.458619E+04 -0.104595E+05
  0.800   2.801  -0.458946E+04 -0.104655E+05
  0.800   2.801  -0.459312E+04 -0.104694E+05
  0.800   2.801  -0.459699E+04 -0.104708E+05
  0.800   2.801  -0.460091E+04 -0.104694E+05
  0.800   2.801  -0.460477E+04 -0.104655E+05
  0.800   2.801  -0.460850E+04 -0.104597E+05
  0.900   2.971  -0.478459E+04 -0.901294E+04
  0.900   2.971  -0.478804E+04 -0.900466E+04
  0.900   2.971  -0.479137E+04 -0.899726E+04
  0.900   2.971  -0.479463E+04 -0.899144E+04
  0.900   2.971  -0.479779E+04 -0.898766E+04
  0.900   2.971  -0.480076E+04 -0.898621E+04
  0.900   2.971  -0.480336E+04 -0.898727E+04
  0.900   2.971  -0.480537E+04 -0.899087E+04
  0.900   2.971  -0.480658E+04 -0.899685E+04
  0.900   2.971  -0.480680E+04 -0.900471E+04
  0.900   2.971  -0.480599E+04 -0.901362E+04
  0.900   2.971  -0.480418E+04 -0.902242E+04
  0.900   2.971  -0.480153E+04 -0.902982E+04
  0.900   2.971  -0.479822E+04 -0.903466E+04
  0.900   2.971  -0.479443E+04 -0.903614E+04
  0.900   2.971  -0.479031E+04 -0.903406E+04
  0.900   2.971  -0.478593E+04 -0.902879E+04
  0.900   2.971  -0.478132E+04 -0.902123E+04
  0.900   2.971  -0.477654E+04 -0.901249E+04
  0.900   2.971  -0.477164E+04 -0.900374E+04
  0.900   2.971  -0.476680E+04 -0.899594E+04
  0.900   2.971  -0.476224E+04 -0.898981E+04
  0.900   2.971  -0.475822E+04 -0.898579E+04
  0.900   2.971  -0.475502E+04 -0.898418E+04
  0.900   2.971  -0.475282E+04 -0.898514E+04
  0.900   2.971  -0.475175E+04 -0.898869E+04
  0.900   2.971  -0.475180E+04 -0.899464E+04
  0.900   2.971  -0.475291E+04 -0.900251E+04
  0.900   2.971  -0.475495E+04 -0.901147E+04
  0.900   2.971  -0.475777E+04 -0.902036E+04
  0.900   2.971  -0.476117E+04 -0.902791E+04
  0.900   2.971  -0.476499E+04 -0.903297E+04
  0.900   2.971  -0.476904E+04 -0.903476E+04
  0.900   2.971  -0.477313E+04 -0.903307E+04
  0.900   2.971  -0.477714E+04 -0.902826E+04
  0.900   2.971  -0.478097E+04 -0.902118E+04
  1.000   3.132  -0.486470E+04 -0.772354E+04
  1.000   3.132  -0.486811E+04 -0.771379E+04
  1.000   3.132  -0.487138E+04 -0.770520E+04
  1.000   3.132  -0.487462E+04 -0.769851E+04
  1.000   3.132  -0.487785E+04 -0.769420E+04
  1.000   3.132  -0.488096E+04 -0.769253E+04
  1.000   3.132  -0.488376E+04 -0.769372E+04
  1.000   3.132  -0.488595E+04 -0.769786E+04
  1.000   3.132  -0.488722E+04 -0.770482E+04
  1.000   3.132  -0.488736E+04 -0.771411E+04
  1.000   3.132  -0.488631E+04 -0.772475E+04
  1.000   3.132  -0.488417E+04 -0.773536E+04
  1.000   3.132  -0.488119E+04 -0.774432E+04
  1.000   3.132  -0.487765E+04 -0.775016E+04
  1.000   3.132  -0.487381E+04 -0.775188E+04
  1.000   3.132  -0.486982E+04 -0.774922E+04
  1.000   3.132  -0.486572E+04 -0.774269E+04
  1.000   3.132  -0.486146E+04 -0.773343E+04
  1.000   3.132  -0.485696E+04 -0.772287E+04
  1.000   3.132  -0.485224E+04 -0.771242E+04
  1.000   3.132  -0.484743E+04 -0.770322E+04
  1.000   3.132  -0.484279E+04 -0.769604E+04
  1.000   3.132  -0.483866E+04 -0.769133E+04
  1.000   3.132  -0.483534E+04 -0.768939E+04
  1.000   3.132  -0.483308E+04 -0.769040E+04
  1.000   3.132  -0.483197E+04 -0.769443E+04
  1.000   3.132  -0.483200E+04 -0.770135E+04
  1.000   3.132  -0.483306E+04 -0.771065E+04
  1.000   3.132  -0.483502E+04 -0.772139E+04
  1.000   3.132  -0.483772E+04 -0.773216E+04
  1.000   3.132  -0.484104E+04 -0.774138E+04
  1.000   3.132  -0.484482E+04 -0.774759E+04
  1.000   3.132  -0.484889E+04 -0.774980E+04
  1.000   3.132  -0.485307E+04 -0.774773E+04
  1.000   3.132  -0.485717E+04 -0.774189E+04
  1.000   3.132  -0.486106E+04 -0.773336E+04
  1.100   3.284  -0.486555E+04 -0.656854E+04
  1.100   3.284  -0.486900E+04 -0.655727E+04
  1.100   3.284  -0.487225E+04 -0.654749E+04
  1.100   3.284  -0.487549E+04 -0.653996E+04
  1.100   3.284  -0.487877E+04 -0.653512E+04
  1.100   3.284  -0.488204E+04 -0.653324E+04
  1.100   3.284  -0.488502E+04 -0.653453E+04
  1.100   3.284  -0.488734E+04 -0.653916E+04
  1.100   3.284  -0.488860E+04 -0.654708E+04
  1.100   3.284  -0.488850E+04 -0.655779E+04
  1.100   3.284  -0.488701E+04 -0.657022E+04
  1.100   3.284  -0.488430E+04 -0.658272E+04
  1.100   3.284  -0.488078E+04 -0.659334E+04
  1.100   3.284  -0.487689E+04 -0.660025E+04
  1.100   3.284  -0.487301E+04 -0.660223E+04
  1.100   3.284  -0.486929E+04 -0.659896E+04
  1.100   3.284  -0.486571E+04 -0.659110E+04
  1.100   3.284  -0.486207E+04 -0.658009E+04
  1.100   3.284  -0.485813E+04 -0.656768E+04
  1.100   3.284  -0.485381E+04 -0.655556E+04
  1.100   3.284  -0.484920E+04 -0.654502E+04
  1.100   3.284  -0.484460E+04 -0.653686E+04
  1.100   3.284  -0.484041E+04 -0.653154E+04
  1.100   3.284  -0.483705E+04 -0.652929E+04
  1.100   3.284  -0.483476E+04 -0.653034E+04
  1.100   3.284  -0.483363E+04 -0.653483E+04
  1.100   3.284  -0.483358E+04 -0.654269E+04
  1.100   3.284  -0.483447E+04 -0.655343E+04
  1.100   3.284  -0.483615E+04 -0.656598E+04
  1.100   3.284  -0.483852E+04 -0.657870E+04
  1.100   3.284  -0.484152E+04 -0.658966E+04
  1.100   3.284  -0.484510E+04 -0.659705E+04
  1.100   3.284  -0.484913E+04 -0.659965E+04
  1.100   3.284  -0.485342E+04 -0.659713E+04
  1.100   3.284  -0.485771E+04 -0.659013E+04
  1.100   3.284  -0.486179E+04 -0.658003E+04
  1.200   3.430  -0.479904E+04 -0.553550E+04
  1.200   3.430  -0.480259E+04 -0.552273E+04
  1.200   3.430  -0.480586E+04 -0.551179E+04
  1.200   3.430  -0.480908E+04 -0.550346E+04
  1.200   3.430  -0.481242E+04 -0.549812E+04
  1.200   3.430  -0.481583E+04 -0.549600E+04
  1.200   3.430  -0.481901E+04 -0.549734E+04
  1.200   3.430  -0.482145E+04 -0.550238E+04
  1.200   3.430  -0.482261E+04 -0.551117E+04
  1.200   3.430  -0.482213E+04 -0.552325E+04
  1.200   3.430  -0.481997E+04 -0.553744E+04
  1.200   3.430  -0.481644E+04 -0.555185E+04
  1.200   3.430  -0.481217E+04 -0.556416E+04
  1.200   3.430  -0.480783E+04 -0.557220E+04
  1.200   3.430  -0.480394E+04 -0.557447E+04
  1.200   3.430  -0.480071E+04 -0.557062E+04
  1.200   3.430  -0.479797E+04 -0.556147E+04
  1.200   3.430  -0.479531E+04 -0.554875E+04
  1.200   3.430  -0.479230E+04 -0.553456E+04
  1.200   3.430  -0.478867E+04 -0.552088E+04
  1.200   3.430  -0.478446E+04 -0.550912E+04
  1.200   3.430  -0.478003E+04 -0.550011E+04
  1.200   3.430  -0.477588E+04 -0.549425E+04
  1.200   3.430  -0.477252E+04 -0.549174E+04
  1.200   3.430  -0.477024E+04 -0.549280E+04
  1.200   3.430  -0.476907E+04 -0.549768E+04
  1.200   3.430  -0.476886E+04 -0.550640E+04
  1.200   3.430  -0.476939E+04 -0.551851E+04
  1.200   3.430  -0.477050E+04 -0.553283E+04
  1.200   3.430  -0.477221E+04 -0.554748E+04
  1.200   3.430  -0.477459E+04 -0.556018E+04
  1.200   3.430  -0.477774E+04 -0.556874E+04
  1.200   3.430  -0.478162E+04 -0.557170E+04
  1.200   3.430  -0.478603E+04 -0.556867E+04
  1.200   3.430  -0.479062E+04 -0.556044E+04
  1.200   3.430  -0.479504E+04 -0.554870E+04
  1.300   3.571  -0.467663E+04 -0.461405E+04
  1.300   3.571  -0.468043E+04 -0.459987E+04
  1.300   3.571  -0.468376E+04 -0.458787E+04
  1.300   3.571  -0.468698E+04 -0.457883E+04
  1.300   3.571  -0.469039E+04 -0.457306E+04
  1.300   3.571  -0.469397E+04 -0.457072E+04
  1.300   3.571  -0.469737E+04 -0.457206E+04
  1.300   3.571  -0.469992E+04 -0.457741E+04
  1.300   3.571  -0.470090E+04 -0.458693E+04
  1.300   3.571  -0.469984E+04 -0.460023E+04
  1.300   3.571  -0.469672E+04 -0.461605E+04
  1.300   3.571  -0.469205E+04 -0.463227E+04
  1.300   3.571  -0.468674E+04 -0.464622E+04
  1.300   3.571  -0.468178E+04 -0.465537E+04
  1.300   3.571  -0.467790E+04 -0.465797E+04
  1.300   3.571  -0.467532E+04 -0.465360E+04
  1.300   3.571  -0.467374E+04 -0.464325E+04
  1.300   3.571  -0.467245E+04 -0.462895E+04
  1.300   3.571  -0.467071E+04 -0.461316E+04
  1.300   3.571  -0.466804E+04 -0.459810E+04
  1.300   3.571  -0.466440E+04 -0.458533E+04
  1.300   3.571  -0.466022E+04 -0.457565E+04
  1.300   3.571  -0.465618E+04 -0.456937E+04
  1.300   3.571  -0.465287E+04 -0.456665E+04
  1.300   3.571  -0.465063E+04 -0.456771E+04
  1.300   3.571  -0.464942E+04 -0.457289E+04
  1.300   3.571  -0.464896E+04 -0.458234E+04
  1.300   3.571  -0.464893E+04 -0.459566E+04
  1.300   3.571  -0.464920E+04 -0.461160E+04
  1.300   3.571  -0.464989E+04 -0.462805E+04
  1.300   3.571  -0.465134E+04 -0.464238E+04
  1.300   3.571  -0.465385E+04 -0.465204E+04
  1.300   3.571  -0.465751E+04 -0.465530E+04
  1.300   3.571  -0.466213E+04 -0.465172E+04
  1.300   3.571  -0.466721E+04 -0.464226E+04
  1.300   3.571  -0.467218E+04 -0.462890E+04
  1.400   3.705  -0.450798E+04 -0.379501E+04
  1.400   3.705  -0.451220E+04 -0.377961E+04
  1.400   3.705  -0.451568E+04 -0.376674E+04
  1.400   3.705  -0.451894E+04 -0.375714E+04
  1.400   3.705  -0.452242E+04 -0.375104E+04
  1.400   3.705  -0.452621E+04 -0.374851E+04
  1.400   3.705  -0.452987E+04 -0.374981E+04
  1.400   3.705  -0.453255E+04 -0.375536E+04
  1.400   3.705  -0.453328E+04 -0.376543E+04
  1.400   3.705  -0.453145E+04 -0.377971E+04
  1.400   3.705  -0.452705E+04 -0.379690E+04
  1.400   3.705  -0.452085E+04 -0.381468E+04
  1.400   3.705  -0.451414E+04 -0.383008E+04
  1.400   3.705  -0.450832E+04 -0.384023E+04
  1.400   3.705  -0.450439E+04 -0.384315E+04
  1.400   3.705  -0.450263E+04 -0.383835E+04
  1.400   3.705  -0.450250E+04 -0.382697E+04
  1.400   3.705  -0.450293E+04 -0.381134E+04
  1.400   3.705  -0.450277E+04 -0.379422E+04
  1.400   3.705  -0.450125E+04 -0.377807E+04
  1.400   3.705  -0.449827E+04 -0.376454E+04
  1.400   3.705  -0.449438E+04 -0.375439E+04
  1.400   3.705  -0.449043E+04 -0.374785E+04
  1.400   3.705  -0.448721E+04 -0.374498E+04
  1.400   3.705  -0.448506E+04 -0.374602E+04
  1.400   3.705  -0.448385E+04 -0.375140E+04
  1.400   3.705  -0.448310E+04 -0.376139E+04
  1.400   3.705  -0.448236E+04 -0.377567E+04
  1.400   3.705  -0.448150E+04 -0.379297E+04
  1.400   3.705  -0.448084E+04 -0.381096E+04
  1.400   3.705  -0.448103E+04 -0.382670E+04
  1.400   3.705  -0.448269E+04 -0.383732E+04
  1.400   3.705  -0.448612E+04 -0.384083E+04
  1.400   3.705  -0.449110E+04 -0.383674E+04
  1.400   3.705  -0.449695E+04 -0.382614E+04
  1.400   3.705  -0.450281E+04 -0.381132E+04
  1.500   3.835  -0.430259E+04 -0.306972E+04
  1.500   3.835  -0.430730E+04 -0.305341E+04
  1.500   3.835  -0.431093E+04 -0.303993E+04
  1.500   3.835  -0.431417E+04 -0.302998E+04
  1.500   3.835  -0.431770E+04 -0.302368E+04
  1.500   3.835  -0.432172E+04 -0.302102E+04
  1.500   3.835  -0.432570E+04 -0.302226E+04
  1.500   3.835  -0.432856E+04 -0.302788E+04
  1.500   3.835  -0.432905E+04 -0.303827E+04
  1.500   3.835  -0.432634E+04 -0.305319E+04
  1.500   3.835  -0.432047E+04 -0.307135E+04
  1.500   3.835  -0.431247E+04 -0.309028E+04
  1.500   3.835  -0.430412E+04 -0.310679E+04
  1.500   3.835  -0.429730E+04 -0.311774E+04
  1.500   3.835  -0.429335E+04 -0.312094E+04
  1.500   3.835  -0.429258E+04 -0.311586E+04
  1.500   3.835  -0.429420E+04 -0.310375E+04
  1.500   3.835  -0.429667E+04 -0.308716E+04
  1.500   3.835  -0.429837E+04 -0.306913E+04
  1.500   3.835  -0.429819E+04 -0.305229E+04
  1.500   3.835  -0.429596E+04 -0.303833E+04
  1.500   3.835  -0.429236E+04 -0.302797E+04
  1.500   3.835  -0.428851E+04 -0.302132E+04
  1.500   3.835  -0.428539E+04 -0.301838E+04
  1.500   3.835  -0.428339E+04 -0.301939E+04
  1.500   3.835  -0.428220E+04 -0.302484E+04
  1.500   3.835  -0.428113E+04 -0.303514E+04
  1.500   3.835  -0.427952E+04 -0.305005E+04
  1.500   3.835  -0.427728E+04 -0.306829E+04
  1.500   3.835  -0.427496E+04 -0.308741E+04
  1.500   3.835  -0.427360E+04 -0.310422E+04
  1.500   3.835  -0.427422E+04 -0.311555E+04
  1.500   3.835  -0.427736E+04 -0.311922E+04
  1.500   3.835  -0.428280E+04 -0.311468E+04
  1.500   3.835  -0.428960E+04 -0.310315E+04
  1.500   3.835  -0.429654E+04 -0.308717E+04
  1.600   3.961  -0.406917E+04 -0.243171E+04
  1.600   3.961  -0.407439E+04 -0.241487E+04
  1.600   3.961  -0.407809E+04 -0.240104E+04
  1.600   3.961  -0.408121E+04 -0.239092E+04
  1.600   3.961  -0.408474E+04 -0.238454E+04
  1.600   3.961  -0.408902E+04 -0.238184E+04
  1.600   3.961  -0.409345E+04 -0.238305E+04
  1.600   3.961  -0.409665E+04 -0.238867E+04
  1.600   3.961  -0.409697E+04 -0.239916E+04
  1.600   3.961  -0.409334E+04 -0.241434E+04
  1.600   3.961  -0.408579E+04 -0.243294E+04
  1.600   3.961  -0.407571E+04 -0.245246E+04
  1.600   3.961  -0.406542E+04 -0.246959E+04
  1.600   3.961  -0.405740E+04 -0.248103E+04
  1.600   3.961  -0.405340E+04 -0.248445E+04
  1.600   3.961  -0.405375E+04 -0.247928E+04
  1.600   3.961  -0.405735E+04 -0.246683E+04
  1.600   3.961  -0.406210E+04 -0.244980E+04
  1.600   3.961  -0.406578E+04 -0.243136E+04
  1.600   3.961  -0.406693E+04 -0.241425E+04
  1.600   3.961  -0.406532E+04 -0.240017E+04
  1.600   3.961  -0.406185E+04 -0.238981E+04
  1.600   3.961  -0.405800E+04 -0.238319E+04
  1.600   3.961  -0.405498E+04 -0.238026E+04
  1.600   3.961  -0.405322E+04 -0.238125E+04
  1.600   3.961  -0.405222E+04 -0.238669E+04
  1.600   3.961  -0.405093E+04 -0.239707E+04
  1.600   3.961  -0.404847E+04 -0.241223E+04
  1.600   3.961  -0.404472E+04 -0.243090E+04
  1.600   3.961  -0.404052E+04 -0.245058E+04
  1.600   3.961  -0.403739E+04 -0.246796E+04
  1.600   3.961  -0.403686E+04 -0.247970E+04
  1.600   3.961  -0.403974E+04 -0.248346E+04
  1.600   3.961  -0.404581E+04 -0.247865E+04
  1.600   3.961  -0.405383E+04 -0.246655E+04
  1.600   3.961  -0.406210E+04 -0.244985E+04
  1.700   4.083  -0.381372E+04 -0.187449E+04
  1.700   4.083  -0.381936E+04 -0.185750E+04
  1.700   4.083  -0.382292E+04 -0.184361E+04
  1.700   4.083  -0.382571E+04 -0.183351E+04
  1.700   4.083  -0.382907E+04 -0.182718E+04
  1.700   4.083  -0.383359E+04 -0.182452E+04
  1.700   4.083  -0.383858E+04 -0.182571E+04
  1.700   4.083  -0.384231E+04 -0.183125E+04
  1.700   4.083  -0.384270E+04 -0.184159E+04
  1.700   4.083  -0.383830E+04 -0.185661E+04
  1.700   4.083  -0.382912E+04 -0.187508E+04
  1.700   4.083  -0.381688E+04 -0.189458E+04
  1.700   4.083  -0.380452E+04 -0.191180E+04
  1.700   4.083  -0.379521E+04 -0.192341E+04
  1.700   4.083  -0.379114E+04 -0.192702E+04
  1.700   4.083  -0.379271E+04 -0.192200E+04
  1.700   4.083  -0.379844E+04 -0.190965E+04
  1.700   4.083  -0.380558E+04 -0.189272E+04
  1.700   4.083  -0.381128E+04 -0.187440E+04
  1.700   4.083  -0.381366E+04 -0.185745E+04
  1.700   4.083  -0.381246E+04 -0.184358E+04
  1.700   4.083  -0.380888E+04 -0.183341E+04
  1.700   4.083  -0.380483E+04 -0.182695E+04
  1.700   4.083  -0.380187E+04 -0.182409E+04
  1.700   4.083  -0.380047E+04 -0.182505E+04
  1.700   4.083  -0.379985E+04 -0.183037E+04
  1.700   4.083  -0.379857E+04 -0.184058E+04
  1.700   4.083  -0.379540E+04 -0.185556E+04
  1.700   4.083  -0.379015E+04 -0.187411E+04
  1.700   4.083  -0.378396E+04 -0.189378E+04
  1.700   4.083  -0.377891E+04 -0.191123E+04
  1.700   4.083  -0.377709E+04 -0.192309E+04
  1.700   4.083  -0.377970E+04 -0.192691E+04
  1.700   4.083  -0.378649E+04 -0.192204E+04
  1.700   4.083  -0.379587E+04 -0.190977E+04
  1.700   4.083  -0.380559E+04 -0.189284E+04
  1.800   4.201  -0.354381E+04 -0.139140E+04
  1.800   4.201  -0.354955E+04 -0.137455E+04
  1.800   4.201  -0.355260E+04 -0.136070E+04
  1.800   4.201  -0.355471E+04 -0.135059E+04
  1.800   4.201  -0.355772E+04 -0.134429E+04
  1.800   4.201  -0.356246E+04 -0.134174E+04
  1.800   4.201  -0.356819E+04 -0.134305E+04
  1.800   4.201  -0.357277E+04 -0.134861E+04
  1.800   4.201  -0.357355E+04 -0.135876E+04
  1.800   4.201  -0.356864E+04 -0.137332E+04
  1.800   4.201  -0.355796E+04 -0.139113E+04
  1.800   4.201  -0.354358E+04 -0.140992E+04
  1.800   4.201  -0.352913E+04 -0.142660E+04
  1.800   4.201  -0.351851E+04 -0.143797E+04
  1.800   4.201  -0.351442E+04 -0.144172E+04
  1.800   4.201  -0.351731E+04 -0.143716E+04
  1.800   4.201  -0.352528E+04 -0.142548E+04
  1.800   4.201  -0.353488E+04 -0.140928E+04
  1.800   4.201  -0.354252E+04 -0.139163E+04
  1.800   4.201  -0.354589E+04 -0.137518E+04
  1.800   4.201  -0.354478E+04 -0.136162E+04
  1.800   4.201  -0.354077E+04 -0.135163E+04
  1.800   4.201  -0.353633E+04 -0.134528E+04
  1.800   4.201  -0.353340E+04 -0.134251E+04
  1.800   4.201  -0.353251E+04 -0.134354E+04
  1.800   4.201  -0.353256E+04 -0.134883E+04
  1.800   4.201  -0.353159E+04 -0.135880E+04
  1.800   4.201  -0.352794E+04 -0.137332E+04
  1.800   4.201  -0.352130E+04 -0.139123E+04
  1.800   4.201  -0.351314E+04 -0.141024E+04
  1.800   4.201  -0.350613E+04 -0.142717E+04
  1.800   4.201  -0.350301E+04 -0.143876E+04
  1.800   4.201  -0.350536E+04 -0.144259E+04
  1.800   4.201  -0.351292E+04 -0.143796E+04
  1.800   4.201  -0.352369E+04 -0.142605E+04
  1.800   4.201  -0.353481E+04 -0.140948E+04
  1.900   4.317  -0.326517E+04 -0.976831E+03
  1.900   4.317  -0.327069E+04 -0.960327E+03
  1.900   4.317  -0.327284E+04 -0.946516E+03
  1.900   4.317  -0.327389E+04 -0.936325E+03
  1.900   4.317  -0.327628E+04 -0.930042E+03
  1.900   4.317  -0.328119E+04 -0.927691E+03
  1.900   4.317  -0.328780E+04 -0.929336E+03
  1.900   4.317  -0.329351E+04 -0.935131E+03
  1.900   4.317  -0.329503E+04 -0.945134E+03
  1.900   4.317  -0.328994E+04 -0.958985E+03
  1.900   4.317  -0.327801E+04 -0.975586E+03
  1.900   4.317  -0.326164E+04 -0.992962E+03
  1.900   4.317  -0.324517E+04 -0.100843E+04
  1.900   4.317  -0.323328E+04 -0.101915E+04
  1.900   4.317  -0.322918E+04 -0.102299E+04
  1.900   4.317  -0.323340E+04 -0.101923E+04
  1.900   4.317  -0.324356E+04 -0.100881E+04
  1.900   4.317  -0.325544E+04 -0.993979E+03
  1.900   4.317  -0.326470E+04 -0.977488E+03
  1.900   4.317  -0.326865E+04 -0.961791E+03
  1.900   4.317  -0.326715E+04 -0.948565E+03
  1.900   4.317  -0.326230E+04 -0.938656E+03
  1.900   4.317  -0.325721E+04 -0.932341E+03
  1.900   4.317  -0.325429E+04 -0.929713E+03
  1.900   4.317  -0.325410E+04 -0.930955E+03
  1.900   4.317  -0.325518E+04 -0.936365E+03
  1.900   4.317  -0.325494E+04 -0.946126E+03
  1.900   4.317  -0.325117E+04 -0.959944E+03
  1.900   4.317  -0.324342E+04 -0.976723E+03
  1.900   4.317  -0.323344E+04 -0.994413E+03
  1.900   4.317  -0.322456E+04 -0.101021E+04
  1.900   4.317  -0.322020E+04 -0.102114E+04
  1.900   4.317  -0.322238E+04 -0.102496E+04
  1.900   4.317  -0.323080E+04 -0.102088E+04
  1.900   4.317  -0.324301E+04 -0.100985E+04
  1.900   4.317  -0.325549E+04 -0.994209E+03
  2.000   4.429  -0.298285E+04 -0.625819E+03
  2.000   4.429  -0.298778E+04 -0.609638E+03
  2.000   4.429  -0.298862E+04 -0.595548E+03
  2.000   4.429  -0.298826E+04 -0.584878E+03
  2.000   4.429  -0.298981E+04 -0.578372E+03
  2.000   4.429  -0.299485E+04 -0.576321E+03
  2.000   4.429  -0.300250E+04 -0.578703E+03
  2.000   4.429  -0.300965E+04 -0.585261E+03
  2.000   4.429  -0.301229E+04 -0.595505E+03
  2.000   4.429  -0.300738E+04 -0.608672E+03
  2.000   4.429  -0.299446E+04 -0.623651E+03
  2.000   4.429  -0.297627E+04 -0.638885E+03
  2.000   4.429  -0.295786E+04 -0.652372E+03
  2.000   4.429  -0.294475E+04 -0.661936E+03
  2.000   4.429  -0.294071E+04 -0.665800E+03
  2.000   4.429  -0.294628E+04 -0.663205E+03
  2.000   4.429  -0.295862E+04 -0.654691E+03
  2.000   4.429  -0.297266E+04 -0.641885E+03
  2.000   4.429  -0.298330E+04 -0.626949E+03
  2.000   4.429  -0.298743E+04 -0.612015E+03
  2.000   4.429  -0.298506E+04 -0.598816E+03
  2.000   4.429  -0.297894E+04 -0.588564E+03
  2.000   4.429  -0.297291E+04 -0.582003E+03
  2.000   4.429  -0.296991E+04 -0.579534E+03
  2.000   4.429  -0.297057E+04 -0.581327E+03
  2.000   4.429  -0.297300E+04 -0.587337E+03
  2.000   4.429  -0.297389E+04 -0.597253E+03
  2.000   4.429  -0.297039E+04 -0.610408E+03
  2.000   4.429  -0.296182E+04 -0.625677E+03
  2.000   4.429  -0.295021E+04 -0.641387E+03
  2.000   4.429  -0.293957E+04 -0.655350E+03
  2.000   4.429  -0.293405E+04 -0.665184E+03
  2.000   4.429  -0.293610E+04 -0.668943E+03
  2.000   4.429  -0.294541E+04 -0.665782E+03
  2.000   4.429  -0.295904E+04 -0.656264E+03
  2.000   4.429  -0.297275E+04 -0.642152E+03
  2.100   4.538  -0.270163E+04 -0.332794E+03
  2.100   4.538  -0.270567E+04 -0.316821E+03
  2.100   4.538  -0.270485E+04 -0.302014E+03
  2.100   4.538  -0.270277E+04 -0.290351E+03
  2.100   4.538  -0.270326E+04 -0.283306E+03
  2.100   4.538  -0.270834E+04 -0.281608E+03
  2.100   4.538  -0.271710E+04 -0.285140E+03
  2.100   4.538  -0.272591E+04 -0.293034E+03
  2.100   4.538  -0.272999E+04 -0.303960E+03
  2.100   4.538  -0.272563E+04 -0.316508E+03
  2.100   4.538  -0.271210E+04 -0.329476E+03
  2.100   4.538  -0.269241E+04 -0.341861E+03
  2.100   4.538  -0.267231E+04 -0.352632E+03
  2.100   4.538  -0.265812E+04 -0.360571E+03
  2.100   4.538  -0.265415E+04 -0.364457E+03
  2.100   4.538  -0.266101E+04 -0.363480E+03
  2.100   4.538  -0.267535E+04 -0.357578E+03
  2.100   4.538  -0.269129E+04 -0.347458E+03
  2.100   4.538  -0.270295E+04 -0.334427E+03
  2.100   4.538  -0.270687E+04 -0.320169E+03
  2.100   4.538  -0.270329E+04 -0.306554E+03
  2.100   4.538  -0.269561E+04 -0.295406E+03
  2.100   4.538  -0.268849E+04 -0.288216E+03
  2.100   4.538  -0.268543E+04 -0.285883E+03
  2.100   4.538  -0.268710E+04 -0.288566E+03
  2.100   4.538  -0.269114E+04 -0.295699E+03
  2.100   4.538  -0.269347E+04 -0.306200E+03
  2.100   4.538  -0.269054E+04 -0.318783E+03
  2.100   4.538  -0.268140E+04 -0.332217E+03
  2.100   4.538  -0.266834E+04 -0.345326E+03
  2.100   4.538  -0.265606E+04 -0.356806E+03
  2.100   4.538  -0.264944E+04 -0.365142E+03
  2.100   4.538  -0.265140E+04 -0.368876E+03
  2.100   4.538  -0.266158E+04 -0.367084E+03
  2.100   4.538  -0.267655E+04 -0.359748E+03
  2.100   4.538  -0.269133E+04 -0.347779E+03
  2.200   4.645  -0.242460E+04 -0.927520E+02
  2.200   4.645  -0.242753E+04 -0.767276E+02
  2.200   4.645  -0.242486E+04 -0.605607E+02
  2.200   4.645  -0.242091E+04 -0.471870E+02
  2.200   4.645  -0.242022E+04 -0.391652E+02
  2.200   4.645  -0.242528E+04 -0.378808E+02
  2.200   4.645  -0.243514E+04 -0.431101E+02
  2.200   4.645  -0.244567E+04 -0.531372E+02
  2.200   4.645  -0.245135E+04 -0.654257E+02
  2.200   4.645  -0.244776E+04 -0.776011E+02
  2.200   4.645  -0.243392E+04 -0.882506E+02
  2.200   4.645  -0.241302E+04 -0.970686E+02
  2.200   4.645  -0.239149E+04 -0.104319E+03
  2.200   4.645  -0.237638E+04 -0.110100E+03
  2.200   4.645  -0.237254E+04 -0.113968E+03
  2.200   4.645  -0.238060E+04 -0.115067E+03
  2.200   4.645  -0.239675E+04 -0.112504E+03
  2.200   4.645  -0.241434E+04 -0.105725E+03
  2.200   4.645  -0.242674E+04 -0.948670E+02
  2.200   4.645  -0.243019E+04 -0.810363E+02
  2.200   4.645  -0.242516E+04 -0.663564E+02
  2.200   4.645  -0.241575E+04 -0.535672E+02
  2.200   4.645  -0.240744E+04 -0.452577E+02
  2.200   4.645  -0.240430E+04 -0.430529E+02
  2.200   4.645  -0.240704E+04 -0.471047E+02
  2.200   4.645  -0.241284E+04 -0.561034E+02
  2.200   4.645  -0.241681E+04 -0.678394E+02
  2.200   4.645  -0.241471E+04 -0.800999E+02
  2.200   4.645  -0.240526E+04 -0.914268E+02
  2.200   4.645  -0.239101E+04 -0.101275E+03
  2.200   4.645  -0.237728E+04 -0.109540E+03
  2.200   4.645  -0.236968E+04 -0.115919E+03
  2.200   4.645  -0.237157E+04 -0.119649E+03
  2.200   4.645  -0.238255E+04 -0.119722E+03
  2.200   4.645  -0.239870E+04 -0.115309E+03
  2.200   4.645  -0.241434E+04 -0.106135E+03
  2.300   4.749  -0.215722E+04  0.998188E+02
  2.300   4.749  -0.215895E+04  0.116097E+03
  2.300   4.749  -0.215444E+04  0.134309E+03
  2.300   4.749  -0.214861E+04  0.150198E+03
  2.300   4.749  -0.214673E+04  0.159705E+03
  2.300   4.749  -0.215168E+04  0.160511E+03
  2.300   4.749  -0.216250E+04  0.152940E+03
  2.300   4.749  -0.217465E+04  0.139821E+03
  2.300   4.749  -0.218193E+04  0.125321E+03
  2.300   4.749  -0.217931E+04  0.113165E+03
  2.300   4.749  -0.216546E+04  0.105138E+03
  2.300   4.749  -0.214376E+04  0.100717E+03
  2.300   4.749  -0.212114E+04  0.979757E+02
  2.300   4.749  -0.210531E+04  0.950873E+02
  2.300   4.749  -0.210159E+04  0.914341E+02
  2.300   4.749  -0.211065E+04  0.878876E+02
  2.300   4.749  -0.212830E+04  0.863933E+02
  2.300   4.749  -0.214719E+04  0.891451E+02
  2.300   4.749  -0.216010E+04  0.975395E+02
  2.300   4.749  -0.216296E+04  0.111210E+03
  2.300   4.749  -0.215647E+04  0.127663E+03
  2.300   4.749  -0.214540E+04  0.142901E+03
  2.300   4.749  -0.213597E+04  0.152837E+03
  2.300   4.749  -0.213277E+04  0.154859E+03
  2.300   4.749  -0.213657E+04  0.148818E+03
  2.300   4.749  -0.214409E+04  0.137034E+03
  2.300   4.749  -0.214976E+04  0.123260E+03
  2.300   4.749  -0.214862E+04  0.111013E+03
  2.300   4.749  -0.213910E+04  0.102132E+03
  2.300   4.749  -0.212393E+04  0.963776E+02
  2.300   4.749  -0.210900E+04  0.922783E+02
  2.300   4.749  -0.210054E+04  0.884984E+02
  2.300   4.749  -0.210231E+04  0.848241E+02
  2.300   4.749  -0.211388E+04  0.823327E+02
  2.300   4.749  -0.213094E+04  0.829139E+02
  2.300   4.749  -0.214718E+04  0.884459E+02
  2.400   4.851  -0.189563E+04  0.245579E+03
  2.400   4.851  -0.189614E+04  0.262859E+03
  2.400   4.851  -0.188984E+04  0.284460E+03
  2.400   4.851  -0.188224E+04  0.304280E+03
  2.400   4.851  -0.187919E+04  0.316201E+03
  2.400   4.851  -0.188393E+04  0.316622E+03
  2.400   4.851  -0.189549E+04  0.305982E+03
  2.400   4.851  -0.190902E+04  0.288608E+03
  2.400   4.851  -0.191775E+04  0.270864E+03
  2.400   4.851  -0.191613E+04  0.258325E+03
  2.400   4.851  -0.190256E+04  0.253319E+03
  2.400   4.851  -0.188051E+04  0.254240E+03
  2.400   4.851  -0.185730E+04  0.256964E+03
  2.400   4.851  -0.184115E+04  0.257373E+03
  2.400   4.851  -0.183769E+04  0.253481E+03
  2.400   4.851  -0.184762E+04  0.246264E+03
  2.400   4.851  -0.186637E+04  0.239173E+03
  2.400   4.851  -0.188608E+04  0.236675E+03
  2.400   4.851  -0.189901E+04  0.242223E+03
  2.400   4.851  -0.190094E+04  0.256367E+03
  2.400   4.851  -0.189286E+04  0.275983E+03
  2.400   4.851  -0.188015E+04  0.295234E+03
  2.400   4.851  -0.186968E+04  0.307908E+03
  2.400   4.851  -0.186649E+04  0.309996E+03
  2.400   4.851  -0.187134E+04  0.301328E+03
  2.400   4.851  -0.188055E+04  0.285593E+03
  2.400   4.851  -0.188785E+04  0.268655E+03
  2.400   4.851  -0.188769E+04  0.255856E+03
  2.400   4.851  -0.187823E+04  0.249619E+03
  2.400   4.851  -0.186239E+04  0.248739E+03
  2.400   4.851  -0.184655E+04  0.249695E+03
  2.400   4.851  -0.183751E+04  0.249016E+03
  2.400   4.851  -0.183930E+04  0.245224E+03
  2.400   4.851  -0.185146E+04  0.239517E+03
  2.400   4.851  -0.186928E+04  0.235212E+03
  2.400   4.851  -0.188595E+04  0.236308E+03
  2.500   4.951  -0.165548E+04  0.356239E+03
  2.500   4.951  -0.165499E+04  0.374741E+03
  2.500   4.951  -0.164741E+04  0.400363E+03
  2.500   4.951  -0.163859E+04  0.424845E+03
  2.500   4.951  -0.163466E+04  0.439645E+03
  2.500   4.951  -0.163909E+04  0.439642E+03
  2.500   4.951  -0.165094E+04  0.425374E+03
  2.500   4.951  -0.166523E+04  0.402876E+03
  2.500   4.951  -0.167495E+04  0.381072E+03
  2.500   4.951  -0.167425E+04  0.367721E+03
  2.500   4.951  -0.166132E+04  0.365852E+03
  2.500   4.951  -0.163957E+04  0.372687E+03
  2.500   4.951  -0.161646E+04  0.381619E+03
  2.500   4.951  -0.160037E+04  0.385916E+03
  2.500   4.951  -0.159710E+04  0.382005E+03
  2.500   4.951  -0.160737E+04  0.370934E+03
  2.500   4.951  -0.162652E+04  0.357826E+03
  2.500   4.951  -0.164642E+04  0.349699E+03
  2.500   4.951  -0.165912E+04  0.352333E+03
  2.500   4.951  -0.166032E+04  0.367309E+03
  2.500   4.951  -0.165120E+04  0.390753E+03
  2.500   4.951  -0.163746E+04  0.414698E+03
  2.500   4.951  -0.162639E+04  0.430482E+03
  2.500   4.951  -0.162323E+04  0.432495E+03
  2.500   4.951  -0.162880E+04  0.420566E+03
  2.500   4.951  -0.163916E+04  0.399990E+03
  2.500   4.951  -0.164764E+04  0.379115E+03
  2.500   4.951  -0.164833E+04  0.365432E+03
  2.500   4.951  -0.163918E+04  0.362086E+03
  2.500   4.951  -0.162320E+04  0.366770E+03
  2.500   4.951  -0.160703E+04  0.373585E+03
  2.500   4.951  -0.159772E+04  0.376556E+03
  2.500   4.951  -0.159946E+04  0.372704E+03
  2.500   4.951  -0.161177E+04  0.363334E+03
  2.500   4.951  -0.162975E+04  0.353402E+03
  2.500   4.951  -0.164633E+04  0.349376E+03
  2.600   5.049  -0.142615E+04  0.431587E+03
  2.600   5.049  -0.142486E+04  0.451793E+03
  2.600   5.049  -0.141663E+04  0.482457E+03
  2.600   5.049  -0.140733E+04  0.512685E+03
  2.600   5.049  -0.140306E+04  0.531013E+03
  2.600   5.049  -0.140718E+04  0.530505E+03
  2.600   5.049  -0.141881E+04  0.511838E+03
  2.600   5.049  -0.143305E+04  0.483106E+03
  2.600   5.049  -0.144303E+04  0.456303E+03
  2.600   5.049  -0.144295E+04  0.441812E+03
  2.600   5.049  -0.143094E+04  0.443508E+03
  2.600   5.049  -0.141024E+04  0.457215E+03
  2.600   5.049  -0.138812E+04  0.473366E+03
  2.600   5.049  -0.137275E+04  0.482130E+03
  2.600   5.049  -0.136979E+04  0.478077E+03
  2.600   5.049  -0.137996E+04  0.462388E+03
  2.600   5.049  -0.139867E+04  0.442207E+03
  2.600   5.049  -0.141796E+04  0.427612E+03
  2.600   5.049  -0.142998E+04  0.427129E+03
  2.600   5.049  -0.143055E+04  0.443494E+03
  2.600   5.049  -0.142094E+04  0.471847E+03
  2.600   5.049  -0.140693E+04  0.501596E+03
  2.600   5.049  -0.139581E+04  0.521125E+03
  2.600   5.049  -0.139281E+04  0.522938E+03
  2.600   5.049  -0.139868E+04  0.506916E+03
  2.600   5.049  -0.140946E+04  0.480332E+03
  2.600   5.049  -0.141844E+04  0.454542E+03
  2.600   5.049  -0.141966E+04  0.439640E+03
  2.600   5.049  -0.141102E+04  0.439633E+03
  2.600   5.049  -0.139555E+04  0.450879E+03
  2.600   5.049  -0.137985E+04  0.464611E+03
  2.600   5.049  -0.137086E+04  0.471856E+03
  2.600   5.049  -0.137266E+04  0.467855E+03
  2.600   5.049  -0.138468E+04  0.454070E+03
  2.600   5.049  -0.140207E+04  0.437441E+03
  2.600   5.049  -0.141786E+04  0.427406E+03
  2.700   5.146  -0.121248E+04  0.476435E+03
  2.700   5.146  -0.121103E+04  0.498465E+03
  2.700   5.146  -0.120319E+04  0.535054E+03
  2.700   5.146  -0.119438E+04  0.572226E+03
  2.700   5.146  -0.119020E+04  0.595028E+03
  2.700   5.146  -0.119377E+04  0.594278E+03
  2.700   5.146  -0.120429E+04  0.570678E+03
  2.700   5.146  -0.121739E+04  0.534634E+03
  2.700   5.146  -0.122682E+04  0.501725E+03
  2.700   5.146  -0.122720E+04  0.485494E+03
  2.700   5.146  -0.121665E+04  0.490954E+03
  2.700   5.146  -0.119803E+04  0.512433E+03
  2.700   5.146  -0.117790E+04  0.536978E+03
  2.700   5.146  -0.116379E+04  0.551122E+03
  2.700   5.146  -0.116097E+04  0.547175E+03
  2.700   5.146  -0.117023E+04  0.526351E+03
  2.700   5.146  -0.118745E+04  0.498075E+03
  2.700   5.146  -0.120529E+04  0.475986E+03
  2.700   5.146  -0.121640E+04  0.471879E+03
  2.700   5.146  -0.121681E+04  0.489925E+03
  2.700   5.146  -0.120767E+04  0.524162E+03
  2.700   5.146  -0.119440E+04  0.560929E+03
  2.700   5.146  -0.118383E+04  0.585096E+03
  2.700   5.146  -0.118092E+04  0.586875E+03
  2.700   5.146  -0.118646E+04  0.566118E+03
  2.700   5.146  -0.119675E+04  0.532363E+03
  2.700   5.146  -0.120550E+04  0.500522E+03
  2.700   5.146  -0.120701E+04  0.483834E+03
  2.700   5.146  -0.119927E+04  0.487450E+03
  2.700   5.146  -0.118507E+04  0.506254E+03
  2.700   5.146  -0.117056E+04  0.528140E+03
  2.700   5.146  -0.116222E+04  0.540558E+03
  2.700   5.146  -0.116380E+04  0.536544E+03
  2.700   5.146  -0.117477E+04  0.517626E+03
  2.700   5.146  -0.119066E+04  0.493019E+03
  2.700   5.146  -0.120505E+04  0.475679E+03
  2.800   5.240  -0.101544E+04  0.497821E+03
  2.800   5.240  -0.101430E+04  0.521900E+03
  2.800   5.240  -0.100814E+04  0.564803E+03
  2.800   5.240  -0.100137E+04  0.609332E+03
  2.800   5.240  -0.998399E+03  0.636901E+03
  2.800   5.240  -0.100156E+04  0.635984E+03
  2.800   5.240  -0.101017E+04  0.607283E+03
  2.800   5.240  -0.102074E+04  0.563585E+03
  2.800   5.240  -0.102831E+04  0.524196E+03
  2.800   5.240  -0.102851E+04  0.505971E+03
  2.800   5.240  -0.101974E+04  0.515135E+03
  2.800   5.240  -0.100426E+04  0.544469E+03
  2.800   5.240  -0.987417E+03  0.577510E+03
  2.800   5.240  -0.975446E+03  0.597042E+03
  2.800   5.240  -0.972812E+03  0.593076E+03
  2.800   5.240  -0.980352E+03  0.566891E+03
  2.800   5.240  -0.994795E+03  0.530269E+03
  2.800   5.240  -0.101002E+04  0.500527E+03
  2.800   5.240  -0.101973E+04  0.492839E+03
  2.800   5.240  -0.102039E+04  0.512840E+03
  2.800   5.240  -0.101283E+04  0.553376E+03
  2.800   5.240  -0.100155E+04  0.597556E+03
  2.800   5.240  -0.992336E+03  0.626586E+03
  2.800   5.240  -0.989430E+03  0.628299E+03
  2.800   5.240  -0.993637E+03  0.602516E+03
  2.800   5.240  -0.100200E+04  0.561137E+03
  2.800   5.240  -0.100928E+04  0.522798E+03
  2.800   5.240  -0.101066E+04  0.504057E+03
  2.800   5.240  -0.100442E+04  0.511296E+03
  2.800   5.240  -0.992902E+03  0.537877E+03
  2.800   5.240  -0.981217E+03  0.568214E+03
  2.800   5.240  -0.974622E+03  0.586039E+03
  2.800   5.240  -0.976061E+03  0.582106E+03
  2.800   5.240  -0.985027E+03  0.557997E+03
  2.800   5.240  -0.997889E+03  0.525257E+03
  2.800   5.240  -0.100948E+04  0.500477E+03
  2.900   5.333  -0.835048E+03  0.497633E+03
  2.900   5.333  -0.834708E+03  0.524045E+03
  2.900   5.333  -0.831407E+03  0.573871E+03
  2.900   5.333  -0.827983E+03  0.626389E+03
  2.900   5.333  -0.827017E+03  0.659081E+03
  2.900   5.333  -0.829662E+03  0.657924E+03
  2.900   5.333  -0.835320E+03  0.623662E+03
  2.900   5.333  -0.841868E+03  0.571670E+03
  2.900   5.333  -0.846303E+03  0.525280E+03
  2.900   5.333  -0.845875E+03  0.504912E+03
  2.900   5.333  -0.839495E+03  0.518079E+03
  2.900   5.333  -0.828571E+03  0.555858E+03
  2.900   5.333  -0.816612E+03  0.597980E+03
  2.900   5.333  -0.807807E+03  0.623214E+03
  2.900   5.333  -0.805336E+03  0.619148E+03
  2.900   5.333  -0.810078E+03  0.587184E+03
  2.900   5.333  -0.820099E+03  0.541675E+03
  2.900   5.333  -0.831256E+03  0.503899E+03
  2.900   5.333  -0.838969E+03  0.492636E+03
  2.900   5.333  -0.840422E+03  0.515026E+03
  2.900   5.333  -0.835870E+03  0.562538E+03
  2.900   5.333  -0.828271E+03  0.614733E+03
  2.900   5.333  -0.821600E+03  0.648870E+03
  2.900   5.333  -0.818906E+03  0.650289E+03
  2.900   5.333  -0.820965E+03  0.618874E+03
  2.900   5.333  -0.825958E+03  0.569144E+03
  2.900   5.333  -0.830363E+03  0.523786E+03
  2.900   5.333  -0.830865E+03  0.502933E+03
  2.900   5.333  -0.826313E+03  0.514233E+03
  2.900   5.333  -0.818429E+03  0.549318E+03
  2.900   5.333  -0.810781E+03  0.588774E+03
  2.900   5.333  -0.806800E+03  0.612314E+03
  2.900   5.333  -0.808208E+03  0.608278E+03
  2.900   5.333  -0.814468E+03  0.578384E+03
  2.900   5.333  -0.823148E+03  0.536745E+03
  2.900   5.333  -0.830925E+03  0.503908E+03
  3.000   5.424  -0.670872E+03  0.481883E+03
  3.000   5.424  -0.672031E+03  0.510377E+03
  3.000   5.424  -0.673177E+03  0.566736E+03
  3.000   5.424  -0.674866E+03  0.626877E+03
  3.000   5.424  -0.677060E+03  0.664532E+03
  3.000   5.424  -0.679224E+03  0.663278E+03
  3.000   5.424  -0.680857E+03  0.623842E+03
  3.000   5.424  -0.681708E+03  0.563993E+03
  3.000   5.424  -0.681508E+03  0.510878E+03
  3.000   5.424  -0.679803E+03  0.488369E+03
  3.000   5.424  -0.676278E+03  0.505261E+03
  3.000   5.424  -0.671227E+03  0.551039E+03
  3.000   5.424  -0.665658E+03  0.601809E+03
  3.000   5.424  -0.660994E+03  0.632522E+03
  3.000   5.424  -0.658657E+03  0.628460E+03
  3.000   5.424  -0.659587E+03  0.591101E+03
  3.000   5.424  -0.663670E+03  0.537182E+03
  3.000   5.424  -0.669471E+03  0.491730E+03
  3.000   5.424  -0.674753E+03  0.476999E+03
  3.000   5.424  -0.677642E+03  0.501621E+03
  3.000   5.424  -0.677549E+03  0.555777E+03
  3.000   5.424  -0.675216E+03  0.615643E+03
  3.000   5.424  -0.672070E+03  0.654708E+03
  3.000   5.424  -0.669490E+03  0.655920E+03
  3.000   5.424  -0.668251E+03  0.619182E+03
  3.000   5.424  -0.668190E+03  0.561462E+03
  3.000   5.424  -0.668286E+03  0.509313E+03
  3.000   5.424  -0.667383E+03  0.486340E+03
  3.000   5.424  -0.665148E+03  0.501462E+03
  3.000   5.424  -0.662398E+03  0.544673E+03
  3.000   5.424  -0.660438E+03  0.592888E+03
  3.000   5.424  -0.660100E+03  0.621967E+03
  3.000   5.424  -0.661390E+03  0.617935E+03
  3.000   5.424  -0.663777E+03  0.582589E+03
  3.000   5.424  -0.666569E+03  0.532436E+03
  3.000   5.424  -0.669085E+03  0.491783E+03
