  0.000   0.000  -0.000000E+00  0.000000E+00
  0.000   0.000  -0.000000E+00  0.000000E+00
  0.000   0.000  -0.000000E+00  0.000000E+00
  0.000   0.000  -0.000000E+00  0.000000E+00
  0.000   0.000  -0.000000E+00  0.000000E+00
  0.000   0.000  -0.000000E+00  0.000000E+00
  0.000   0.000  -0.000000E+00  0.000000E+00
  0.000   0.000  -0.000000E+00  0.000000E+00
  0.000   0.000  -0.000000E+00  0.000000E+00
  0.000   0.000  -0.000000E+00  0.000000E+00
  0.000   0.000   0.000000E+00 -0.000000E+00
  0.000   0.000   0.000000E+00 -0.000000E+00
  0.000   0.000   0.000000E+00 -0.000000E+00
  0.000   0.000   0.000000E+00 -0.000000E+00
  0.000   0.000   0.000000E+00 -0.000000E+00
  0.000   0.000   0.000000E+00 -0.000000E+00
  0.000   0.000   0.000000E+00 -0.000000E+00
  0.000   0.000   0.000000E+00 -0.000000E+00
  0.000   0.000   0.000000E+00 -0.000000E+00
  0.000   0.000   0.000000E+00 -0.000000E+00
  0.000   0.000   0.000000E+00 -0.000000E+00
  0.000   0.000   0.000000E+00 -0.000000E+00
  0.000   0.000   0.000000E+00 -0.000000E+00
  0.000   0.000   0.000000E+00 -0.000000E+00
  0.000   0.000   0.000000E+00 -0.000000E+00
  0.000   0.000   0.000000E+00 -0.000000E+00
  0.000   0.000   0.000000E+00 -0.000000E+00
  0.000   0.000   0.000000E+00 -0.000000E+00
  0.000   0.000  -0.000000E+00  0.000000E+00
  0.000   0.000  -0.000000E+00  0.000000E+00
  0.000   0.000  -0.000000E+00  0.000000E+00
  0.000   0.000  -0.000000E+00  0.000000E+00
  0.000   0.000  -0.000000E+00  0.000000E+00
  0.000   0.000  -0.000000E+00  0.000000E+00
  0.000   0.000  -0.000000E+00  0.000000E+00
  0.000   0.000  -0.000000E+00  0.000000E+00
 -1.000  -1.000            NaN           NaN
 -1.000  -1.000            NaN           NaN
 -1.000  -1.000            NaN           NaN
 -1.000  -1.000            NaN           NaN
 -1.000  -1.000            NaN           NaN
 -1.000  -1.000            NaN           NaN
 -1.000  -1.000            NaN           NaN
 -1.000  -1.000            NaN           NaN
 -1.000  -1.000            NaN           NaN
 -1.000  -1.000            NaN           NaN
 -1.000  -1.000            NaN           NaN
 -1.000  -1.000            NaN           NaN
 -1.000  -1.000            NaN           NaN
 -1.000  -1.000            NaN           NaN
 -1.000  -1.000            NaN           NaN
 -1.000  -1.000            NaN           NaN
 -1.000  -1.000            NaN           NaN
 -1.000  -1.000            NaN           NaN
 -1.000  -1.000            NaN           NaN
 -1.000  -1.000            NaN           NaN
 -1.000  -1.000            NaN           NaN
 -1.000  -1.000            NaN           NaN
 -1.000  -1.000            NaN           NaN
 -1.000  -1.000            NaN           NaN
 -1.000  -1.000            NaN           NaN
 -1.000  -1.000            NaN           NaN
 -1.000  -1.000            NaN           NaN
 -1.000  -1.000            NaN           NaN
 -1.000  -1.000            NaN           NaN
 -1.000  -1.000            NaN           NaN
 -1.000  -1.000            NaN           NaN
 -1.000  -1.000            NaN           NaN
 -1.000  -1.000            NaN           NaN
 -1.000  -1.000            NaN           NaN
 -1.000  -1.000            NaN           NaN
 -1.000  -1.000            NaN           NaN
  0.120   0.990  -0.356251E+03 -0.881604E+01
  0.120   0.990  -0.352858E+03 -0.876659E+01
  0.120   0.990  -0.338744E+03 -0.871955E+01
  0.120   0.990  -0.314341E+03 -0.867952E+01
  0.120   0.990  -0.280391E+03 -0.864956E+01
  0.120   0.990  -0.237928E+03 -0.863080E+01
  0.120   0.990  -0.188243E+03 -0.862241E+01
  0.120   0.990  -0.132847E+03 -0.862183E+01
  0.120   0.990  -0.734199E+02 -0.862511E+01
  0.120   0.990  -0.117670E+02 -0.862757E+01
  0.120   0.990   0.502410E+02 -0.862447E+01
  0.120   0.990   0.110722E+03 -0.861173E+01
  0.120   0.990   0.167839E+03 -0.858654E+01
  0.120   0.990   0.219857E+03 -0.854782E+01
  0.120   0.990   0.265193E+03 -0.849654E+01
  0.120   0.990   0.302470E+03 -0.843562E+01
  0.120   0.990   0.330551E+03 -0.836977E+01
  0.120   0.990   0.348582E+03 -0.830494E+01
  0.120   0.990   0.356015E+03 -0.824768E+01
  0.120   0.990   0.352622E+03 -0.820440E+01
  0.120   0.990   0.338508E+03 -0.818061E+01
  0.120   0.990   0.314105E+03 -0.818022E+01
  0.120   0.990   0.280155E+03 -0.820505E+01
  0.120   0.990   0.237692E+03 -0.825460E+01
  0.120   0.990   0.188007E+03 -0.832595E+01
  0.120   0.990   0.132610E+03 -0.841411E+01
  0.120   0.990   0.731837E+02 -0.851244E+01
  0.120   0.990   0.115308E+02 -0.861337E+01
  0.120   0.990  -0.504772E+02 -0.870918E+01
  0.120   0.990  -0.110958E+03 -0.879277E+01
  0.120   0.990  -0.168075E+03 -0.885841E+01
  0.120   0.990  -0.220093E+03 -0.890227E+01
  0.120   0.990  -0.265430E+03 -0.892279E+01
  0.120   0.990  -0.302706E+03 -0.892073E+01
  0.120   0.990  -0.330787E+03 -0.889899E+01
  0.120   0.990  -0.348819E+03 -0.886219E+01
  0.207   1.400  -0.527538E+03 -0.964819E+01
  0.207   1.400  -0.522784E+03 -0.949568E+01
  0.207   1.400  -0.502142E+03 -0.930713E+01
  0.207   1.400  -0.466248E+03 -0.909717E+01
  0.207   1.400  -0.416203E+03 -0.887727E+01
  0.207   1.400  -0.353537E+03 -0.865476E+01
  0.207   1.400  -0.280159E+03 -0.843251E+01
  0.207   1.400  -0.198299E+03 -0.820936E+01
  0.207   1.400  -0.110439E+03 -0.798107E+01
  0.207   1.400  -0.192390E+02 -0.774179E+01
  0.207   1.400   0.725406E+02 -0.748578E+01
  0.207   1.400   0.162120E+03 -0.720912E+01
  0.207   1.400   0.246783E+03 -0.691129E+01
  0.207   1.400   0.323957E+03 -0.659622E+01
  0.207   1.400   0.391292E+03 -0.627282E+01
  0.207   1.400   0.446733E+03 -0.595481E+01
  0.207   1.400   0.488583E+03 -0.565980E+01
  0.207   1.400   0.515564E+03 -0.540782E+01
  0.207   1.400   0.526848E+03 -0.521935E+01
  0.207   1.400   0.522095E+03 -0.511315E+01
  0.207   1.400   0.501453E+03 -0.510412E+01
  0.207   1.400   0.465559E+03 -0.520144E+01
  0.207   1.400   0.415514E+03 -0.540720E+01
  0.207   1.400   0.352848E+03 -0.571575E+01
  0.207   1.400   0.279470E+03 -0.611381E+01
  0.207   1.400   0.197610E+03 -0.658137E+01
  0.207   1.400   0.109750E+03 -0.709319E+01
  0.207   1.400   0.185492E+02 -0.762097E+01
  0.207   1.400  -0.732305E+02 -0.813567E+01
  0.207   1.400  -0.162810E+03 -0.861001E+01
  0.207   1.400  -0.247474E+03 -0.902066E+01
  0.207   1.400  -0.324648E+03 -0.935004E+01
  0.207   1.400  -0.391982E+03 -0.958748E+01
  0.207   1.400  -0.447423E+03 -0.972962E+01
  0.207   1.400  -0.489273E+03 -0.978008E+01
  0.207   1.400  -0.516253E+03 -0.974835E+01
  0.301   1.715  -0.655313E+03 -0.150911E+02
  0.301   1.715  -0.649802E+03 -0.147450E+02
  0.301   1.715  -0.624523E+03 -0.141991E+02
  0.301   1.715  -0.580272E+03 -0.134880E+02
  0.301   1.715  -0.518424E+03 -0.126435E+02
  0.301   1.715  -0.440888E+03 -0.116927E+02
  0.301   1.715  -0.350034E+03 -0.106568E+02
  0.301   1.715  -0.248625E+03 -0.955154E+01
  0.301   1.715  -0.139724E+03 -0.838834E+01
  0.301   1.715  -0.266142E+02 -0.717689E+01
  0.301   1.715   0.873009E+02 -0.592779E+01
  0.301   1.715   0.198588E+03 -0.465543E+01
  0.301   1.715   0.303882E+03 -0.338039E+01
  0.301   1.715   0.399984E+03 -0.213108E+01
  0.301   1.715   0.483958E+03 -0.944126E+00
  0.301   1.715   0.553223E+03  0.136533E+00
  0.301   1.715   0.605644E+03  0.106196E+01
  0.301   1.715   0.639600E+03  0.178169E+01
  0.301   1.715   0.654043E+03  0.224795E+01
  0.301   1.715   0.648533E+03  0.242038E+01
  0.301   1.715   0.623255E+03  0.227037E+01
  0.301   1.715   0.579004E+03  0.178476E+01
  0.301   1.715   0.517156E+03  0.968396E+00
  0.301   1.715   0.439619E+03 -0.154948E+00
  0.301   1.715   0.348765E+03 -0.154318E+01
  0.301   1.715   0.247355E+03 -0.313816E+01
  0.301   1.715   0.138453E+03 -0.486943E+01
  0.301   1.715   0.253421E+02 -0.665894E+01
  0.301   1.715  -0.885741E+02 -0.842649E+01
  0.301   1.715  -0.199862E+03 -0.100952E+02
  0.301   1.715  -0.305157E+03 -0.115965E+02
  0.301   1.715  -0.401259E+03 -0.128746E+02
  0.301   1.715  -0.485232E+03 -0.138894E+02
  0.301   1.715  -0.554497E+03 -0.146175E+02
  0.301   1.715  -0.606917E+03 -0.150526E+02
  0.301   1.715  -0.640872E+03 -0.152035E+02
  0.400   1.981  -0.729996E+03 -0.273435E+02
  0.400   1.981  -0.724380E+03 -0.267049E+02
  0.400   1.981  -0.696682E+03 -0.255077E+02
  0.400   1.981  -0.647805E+03 -0.238186E+02
  0.400   1.981  -0.579307E+03 -0.217068E+02
  0.400   1.981  -0.493334E+03 -0.192394E+02
  0.400   1.981  -0.392536E+03 -0.164796E+02
  0.400   1.981  -0.279978E+03 -0.134851E+02
  0.400   1.981  -0.159042E+03 -0.103103E+02
  0.400   1.981  -0.333420E+02 -0.700875E+01
  0.400   1.981   0.933786E+02 -0.363644E+01
  0.400   1.981   0.217334E+03 -0.255913E+00
  0.400   1.981   0.334796E+03  0.306079E+01
  0.400   1.981   0.442197E+03  0.623044E+01
  0.400   1.981   0.536236E+03  0.915888E+01
  0.400   1.981   0.613993E+03  0.117436E+02
  0.400   1.981   0.673032E+03  0.138785E+02
  0.400   1.981   0.711493E+03  0.154608E+02
  0.400   1.981   0.728171E+03  0.163987E+02
  0.400   1.981   0.722559E+03  0.166200E+02
  0.400   1.981   0.694863E+03  0.160794E+02
  0.400   1.981   0.645987E+03  0.147646E+02
  0.400   1.981   0.577489E+03  0.126998E+02
  0.400   1.981   0.491516E+03  0.994721E+01
  0.400   1.981   0.390716E+03  0.660419E+01
  0.400   1.981   0.278154E+03  0.279898E+01
  0.400   1.981   0.157216E+03 -0.131660E+01
  0.400   1.981   0.315117E+02 -0.557606E+01
  0.400   1.981  -0.952120E+02 -0.980806E+01
  0.400   1.981  -0.219170E+03 -0.138464E+02
  0.400   1.981  -0.336633E+03 -0.175396E+02
  0.400   1.981  -0.444034E+03 -0.207584E+02
  0.400   1.981  -0.538073E+03 -0.234026E+02
  0.400   1.981  -0.615828E+03 -0.254036E+02
  0.400   1.981  -0.674863E+03 -0.267259E+02
  0.400   1.981  -0.713321E+03 -0.273651E+02
  0.500   2.214  -0.749216E+03 -0.464553E+02
  0.500   2.214  -0.744111E+03 -0.454433E+02
  0.500   2.214  -0.716236E+03 -0.433125E+02
  0.500   2.214  -0.666558E+03 -0.401741E+02
  0.500   2.214  -0.596726E+03 -0.361526E+02
  0.500   2.214  -0.508985E+03 -0.313776E+02
  0.500   2.214  -0.406075E+03 -0.259786E+02
  0.500   2.214  -0.291127E+03 -0.200824E+02
  0.500   2.214  -0.167569E+03 -0.138138E+02
  0.500   2.214  -0.390325E+02 -0.729776E+01
  0.500   2.214   0.907182E+02 -0.664227E+00
  0.500   2.214   0.217867E+03  0.594715E+01
  0.500   2.214   0.338625E+03  0.123831E+02
  0.500   2.214   0.449327E+03  0.184749E+02
  0.500   2.214   0.546539E+03  0.240400E+02
  0.500   2.214   0.627187E+03  0.288873E+02
  0.500   2.214   0.688677E+03  0.328257E+02
  0.500   2.214   0.729017E+03  0.356765E+02
  0.500   2.214   0.746911E+03  0.372864E+02
  0.500   2.214   0.741812E+03  0.375409E+02
  0.500   2.214   0.713942E+03  0.363761E+02
  0.500   2.214   0.664267E+03  0.337875E+02
  0.500   2.214   0.594435E+03  0.298338E+02
  0.500   2.214   0.506692E+03  0.246374E+02
  0.500   2.214   0.403778E+03  0.183790E+02
  0.500   2.214   0.288825E+03  0.112890E+02
  0.500   2.214   0.165260E+03  0.363527E+01
  0.500   2.214   0.367167E+02 -0.429098E+01
  0.500   2.214  -0.930403E+02 -0.121904E+02
  0.500   2.214  -0.220194E+03 -0.197708E+02
  0.500   2.214  -0.340955E+03 -0.267614E+02
  0.500   2.214  -0.451657E+03 -0.329259E+02
  0.500   2.214  -0.548868E+03 -0.380719E+02
  0.500   2.214  -0.629511E+03 -0.420585E+02
  0.500   2.214  -0.690995E+03 -0.447989E+02
  0.500   2.214  -0.731329E+03 -0.462594E+02
  0.600   2.426  -0.717192E+03 -0.703463E+02
  0.600   2.426  -0.713121E+03 -0.689173E+02
  0.600   2.426  -0.687090E+03 -0.656631E+02
  0.600   2.426  -0.640090E+03 -0.607516E+02
  0.600   2.426  -0.573786E+03 -0.543794E+02
  0.600   2.426  -0.490401E+03 -0.467581E+02
  0.600   2.426  -0.392599E+03 -0.381043E+02
  0.600   2.426  -0.283363E+03 -0.286330E+02
  0.600   2.426  -0.165902E+03 -0.185562E+02
  0.600   2.426  -0.435819E+02 -0.808527E+01
  0.600   2.426   0.801237E+02  0.256247E+01
  0.600   2.426   0.201673E+03  0.131562E+02
  0.600   2.426   0.317501E+03  0.234453E+02
  0.600   2.426   0.424097E+03  0.331562E+02
  0.600   2.426   0.518105E+03  0.419951E+02
  0.600   2.426   0.596462E+03  0.496573E+02
  0.600   2.426   0.656545E+03  0.558423E+02
  0.600   2.426   0.696319E+03  0.602730E+02
  0.600   2.426   0.714453E+03  0.627180E+02
  0.600   2.426   0.710390E+03  0.630113E+02
  0.600   2.426   0.684365E+03  0.610697E+02
  0.600   2.426   0.637369E+03  0.569037E+02
  0.600   2.426   0.571065E+03  0.506215E+02
  0.600   2.426   0.487678E+03  0.424255E+02
  0.600   2.426   0.389870E+03  0.326025E+02
  0.600   2.426   0.280627E+03  0.215082E+02
  0.600   2.426   0.163158E+03  0.954877E+01
  0.600   2.426   0.408292E+02 -0.283899E+01
  0.600   2.426  -0.828843E+02 -0.152080E+02
  0.600   2.426  -0.204439E+03 -0.271200E+02
  0.600   2.426  -0.320271E+03 -0.381644E+02
  0.600   2.426  -0.426868E+03 -0.479746E+02
  0.600   2.426  -0.520874E+03 -0.562434E+02
  0.600   2.426  -0.599225E+03 -0.627339E+02
  0.600   2.426  -0.659301E+03 -0.672875E+02
  0.600   2.426  -0.699067E+03 -0.698255E+02
  0.700   2.620  -0.640758E+03 -0.950485E+02
  0.700   2.620  -0.638114E+03 -0.931990E+02
  0.700   2.620  -0.615605E+03 -0.887750E+02
  0.700   2.620  -0.574223E+03 -0.820124E+02
  0.700   2.620  -0.515589E+03 -0.731952E+02
  0.700   2.620  -0.441814E+03 -0.626330E+02
  0.700   2.620  -0.355344E+03 -0.506415E+02
  0.700   2.620  -0.258832E+03 -0.375293E+02
  0.700   2.620  -0.155043E+03 -0.235930E+02
  0.700   2.620  -0.468175E+02 -0.912099E+01
  0.700   2.620   0.629374E+02  0.559590E+01
  0.700   2.620   0.171227E+03  0.202492E+02
  0.700   2.620   0.274968E+03  0.344997E+02
  0.700   2.620   0.371021E+03  0.479699E+02
  0.700   2.620   0.456287E+03  0.602470E+02
  0.700   2.620   0.527852E+03  0.708976E+02
  0.700   2.620   0.583165E+03  0.794919E+02
  0.700   2.620   0.620219E+03  0.856359E+02
  0.700   2.620   0.637696E+03  0.890046E+02
  0.700   2.620   0.635056E+03  0.893726E+02
  0.700   2.620   0.612549E+03  0.866377E+02
  0.700   2.620   0.571168E+03  0.808337E+02
  0.700   2.620   0.512534E+03  0.721316E+02
  0.700   2.620   0.438759E+03  0.608299E+02
  0.700   2.620   0.352287E+03  0.473350E+02
  0.700   2.620   0.255772E+03  0.321365E+02
  0.700   2.620   0.151981E+03  0.157800E+02
  0.700   2.620   0.437523E+02 -0.115738E+01
  0.700   2.620  -0.660056E+02 -0.180899E+02
  0.700   2.620  -0.174298E+03 -0.344422E+02
  0.700   2.620  -0.278040E+03 -0.496684E+02
  0.700   2.620  -0.374094E+03 -0.632699E+02
  0.700   2.620  -0.459359E+03 -0.748154E+02
  0.700   2.620  -0.530922E+03 -0.839584E+02
  0.700   2.620  -0.586232E+03 -0.904520E+02
  0.700   2.620  -0.623284E+03 -0.941580E+02
  0.800   2.801  -0.528915E+03 -0.116220E+03
  0.800   2.801  -0.527955E+03 -0.113981E+03
  0.800   2.801  -0.510239E+03 -0.108490E+03
  0.800   2.801  -0.476746E+03 -0.100064E+03
  0.800   2.801  -0.429022E+03 -0.890891E+02
  0.800   2.801  -0.368994E+03 -0.759859E+02
  0.800   2.801  -0.298789E+03 -0.611737E+02
  0.800   2.801  -0.220586E+03 -0.450455E+02
  0.800   2.801  -0.136525E+03 -0.279581E+02
  0.800   2.801  -0.487075E+02 -0.102382E+02
  0.800   2.801   0.407543E+02  0.779642E+01
  0.800   2.801   0.129642E+03  0.258063E+02
  0.800   2.801   0.215559E+03  0.434022E+02
  0.800   2.801   0.295917E+03  0.601274E+02
  0.800   2.801   0.368011E+03  0.754589E+02
  0.800   2.801   0.429177E+03  0.888290E+02
  0.800   2.801   0.477012E+03  0.996653E+02
  0.800   2.801   0.509587E+03  0.107440E+03
  0.800   2.801   0.525638E+03  0.111721E+03
  0.800   2.801   0.524660E+03  0.112219E+03
  0.800   2.801   0.506932E+03  0.108814E+03
  0.800   2.801   0.473433E+03  0.101573E+03
  0.800   2.801   0.425709E+03  0.907460E+02
  0.800   2.801   0.365688E+03  0.767388E+02
  0.800   2.801   0.295497E+03  0.600825E+02
  0.800   2.801   0.217311E+03  0.413919E+02
  0.800   2.801   0.133271E+03  0.213289E+02
  0.800   2.801   0.454734E+02  0.573741E+00
  0.800   2.801  -0.439711E+02 -0.201937E+02
  0.800   2.801  -0.132847E+03 -0.403053E+02
  0.800   2.801  -0.218758E+03 -0.591150E+02
  0.800   2.801  -0.299116E+03 -0.760146E+02
  0.800   2.801  -0.371217E+03 -0.904551E+02
  0.800   2.801  -0.432397E+03 -0.101974E+03
  0.800   2.801  -0.480249E+03 -0.110225E+03
  0.800   2.801  -0.512845E+03 -0.114995E+03
  0.900   2.971  -0.392152E+03 -0.130626E+03
  0.900   2.971  -0.392995E+03 -0.128028E+03
  0.900   2.971  -0.380900E+03 -0.121663E+03
  0.900   2.971  -0.356831E+03 -0.111944E+03
  0.900   2.971  -0.322234E+03 -0.993789E+02
  0.900   2.971  -0.278817E+03 -0.845109E+02
  0.900   2.971  -0.228322E+03 -0.678627E+02
  0.900   2.971  -0.172355E+03 -0.498908E+02
  0.900   2.971  -0.112307E+03 -0.309678E+02
  0.900   2.971  -0.493819E+02 -0.113931E+02
  0.900   2.971   0.152737E+02  0.856598E+01
  0.900   2.971   0.803880E+02  0.286166E+02
  0.900   2.971   0.144405E+03  0.483841E+02
  0.900   2.971   0.205410E+03  0.673752E+02
  0.900   2.971   0.261186E+03  0.849751E+02
  0.900   2.971   0.309386E+03  0.100480E+03
  0.900   2.971   0.347795E+03  0.113159E+03
  0.900   2.971   0.374602E+03  0.122331E+03
  0.900   2.971   0.388616E+03  0.127443E+03
  0.900   2.971   0.389395E+03  0.128133E+03
  0.900   2.971   0.377249E+03  0.124269E+03
  0.900   2.971   0.353150E+03  0.115966E+03
  0.900   2.971   0.318549E+03  0.103567E+03
  0.900   2.971   0.275152E+03  0.876038E+02
  0.900   2.971   0.224700E+03  0.687333E+02
  0.900   2.971   0.168794E+03  0.476799E+02
  0.900   2.971   0.108817E+03  0.251818E+02
  0.900   2.971   0.459638E+02  0.196159E+01
  0.900   2.971  -0.186267E+02 -0.212800E+02
  0.900   2.971  -0.836909E+02 -0.438554E+02
  0.900   2.971  -0.147679E+03 -0.650806E+02
  0.900   2.971  -0.208680E+03 -0.842784E+02
  0.900   2.971  -0.264476E+03 -0.100802E+03
  0.900   2.971  -0.312719E+03 -0.114074E+03
  0.900   2.971  -0.351188E+03 -0.123637E+03
  0.900   2.971  -0.378066E+03 -0.129191E+03
  1.000   3.132  -0.242538E+03 -0.137510E+03
  1.000   3.132  -0.245157E+03 -0.134562E+03
  1.000   3.132  -0.239009E+03 -0.127490E+03
  1.000   3.132  -0.225049E+03 -0.116824E+03
  1.000   3.132  -0.204626E+03 -0.103221E+03
  1.000   3.132  -0.179214E+03 -0.873712E+02
  1.000   3.132  -0.150147E+03 -0.699099E+02
  1.000   3.132  -0.118416E+03 -0.513420E+02
  1.000   3.132  -0.845905E+02 -0.320091E+02
  1.000   3.132  -0.488925E+02 -0.121093E+02
  1.000   3.132  -0.114037E+02  0.823229E+01
  1.000   3.132   0.276501E+02  0.288614E+02
  1.000   3.132   0.676387E+02  0.494936E+02
  1.000   3.132   0.107385E+03  0.696470E+02
  1.000   3.132   0.145199E+03  0.886328E+02
  1.000   3.132   0.179072E+03  0.105604E+03
  1.000   3.132   0.206997E+03  0.119651E+03
  1.000   3.132   0.227289E+03  0.129917E+03
  1.000   3.132   0.238854E+03  0.135711E+03
  1.000   3.132   0.241322E+03  0.136596E+03
  1.000   3.132   0.235058E+03  0.132438E+03
  1.000   3.132   0.221031E+03  0.123423E+03
  1.000   3.132   0.200599E+03  0.110015E+03
  1.000   3.132   0.175235E+03  0.928921E+02
  1.000   3.132   0.146269E+03  0.728477E+02
  1.000   3.132   0.114678E+03  0.506975E+02
  1.000   3.132   0.810176E+02  0.272069E+02
  1.000   3.132   0.454873E+02  0.306373E+01
  1.000   3.132   0.814924E+01 -0.211042E+02
  1.000   3.132  -0.307889E+02 -0.446826E+02
  1.000   3.132  -0.707109E+02 -0.670242E+02
  1.000   3.132  -0.110448E+03 -0.874293E+02
  1.000   3.132  -0.148310E+03 -0.105168E+03
  1.000   3.132  -0.182284E+03 -0.119541E+03
  1.000   3.132  -0.210350E+03 -0.129956E+03
  1.000   3.132  -0.230806E+03 -0.136003E+03
  1.100   3.284  -0.900951E+02 -0.138294E+03
  1.100   3.284  -0.943897E+02 -0.134964E+03
  1.100   3.284  -0.941620E+02 -0.127266E+03
  1.100   3.284  -0.903643E+02 -0.115875E+03
  1.100   3.284  -0.842529E+02 -0.101631E+03
  1.100   3.284  -0.770745E+02 -0.854076E+02
  1.100   3.284  -0.697559E+02 -0.679706E+02
  1.100   3.284  -0.626699E+02 -0.498657E+02
  1.100   3.284  -0.555535E+02 -0.313624E+02
  1.100   3.284  -0.476200E+02 -0.124827E+02
  1.100   3.284  -0.378532E+02  0.688539E+01
  1.100   3.284  -0.254010E+02  0.268209E+02
  1.100   3.284  -0.994393E+01  0.472041E+02
  1.100   3.284   0.808944E+01  0.676065E+02
  1.100   3.284   0.275330E+02  0.872720E+02
  1.100   3.284   0.467148E+02  0.105191E+03
  1.100   3.284   0.638278E+02  0.120242E+03
  1.100   3.284   0.773215E+02  0.131361E+03
  1.100   3.284   0.862062E+02  0.137699E+03
  1.100   3.284   0.902070E+02  0.138739E+03
  1.100   3.284   0.897526E+02  0.134359E+03
  1.100   3.284   0.858230E+02  0.124841E+03
  1.100   3.284   0.796902E+02  0.110809E+03
  1.100   3.284   0.726035E+02  0.931249E+02
  1.100   3.284   0.654786E+02  0.727390E+02
  1.100   3.284   0.586650E+02  0.505517E+02
  1.100   3.284   0.518667E+02  0.273136E+02
  1.100   3.284   0.442587E+02  0.360133E+01
  1.100   3.284   0.347855E+02 -0.201275E+02
  1.100   3.284   0.225598E+02 -0.434282E+02
  1.100   3.284   0.723471E+01 -0.657654E+02
  1.100   3.284  -0.107771E+02 -0.864581E+02
  1.100   3.284  -0.303122E+02 -0.104701E+03
  1.100   3.284  -0.496876E+02 -0.119651E+03
  1.100   3.284  -0.670728E+02 -0.130551E+03
  1.100   3.284  -0.808847E+02 -0.136850E+03
  1.200   3.430   0.569324E+02 -0.136446E+03
  1.200   3.430   0.511342E+02 -0.132651E+03
  1.200   3.430   0.457711E+02 -0.124241E+03
  1.200   3.430   0.398874E+02 -0.112065E+03
  1.200   3.430   0.323101E+02 -0.971932E+02
  1.200   3.430   0.220030E+02 -0.807300E+02
  1.200   3.430   0.842125E+01 -0.636154E+02
  1.200   3.430  -0.821986E+01 -0.464510E+02
  1.200   3.430  -0.268549E+02 -0.294124E+02
  1.200   3.430  -0.457174E+02 -0.122878E+02
  1.200   3.430  -0.627176E+02  0.535298E+01
  1.200   3.430  -0.759500E+02  0.239045E+02
  1.200   3.430  -0.841733E+02  0.434722E+02
  1.200   3.430  -0.871012E+02  0.637055E+02
  1.200   3.430  -0.854085E+02  0.837689E+02
  1.200   3.430  -0.804624E+02  0.102454E+03
  1.200   3.430  -0.738847E+02  0.118382E+03
  1.200   3.430  -0.670948E+02  0.130244E+03
  1.200   3.430  -0.609665E+02  0.137009E+03
  1.200   3.430  -0.556684E+02  0.138077E+03
  1.200   3.430  -0.506915E+02  0.133358E+03
  1.200   3.430  -0.450335E+02  0.123263E+03
  1.200   3.430  -0.374943E+02  0.108627E+03
  1.200   3.430  -0.270331E+02  0.905434E+02
  1.200   3.430  -0.131240E+02  0.701581E+02
  1.200   3.430   0.397843E+01  0.484672E+02
  1.200   3.430   0.231531E+02  0.261775E+02
  1.200   3.430   0.425687E+02  0.368807E+01
  1.200   3.430   0.600688E+02 -0.188025E+02
  1.200   3.430   0.736876E+02 -0.411074E+02
  1.200   3.430   0.821373E+02 -0.628655E+02
  1.200   3.430   0.851041E+02 -0.834388E+02
  1.200   3.430   0.832578E+02 -0.101932E+03
  1.200   3.430   0.779843E+02 -0.117319E+03
  1.200   3.430   0.709448E+02 -0.128630E+03
  1.200   3.430   0.636144E+02 -0.135128E+03
  1.300   3.571   0.192639E+03 -0.136135E+03
  1.300   3.571   0.185536E+03 -0.131751E+03
  1.300   3.571   0.175090E+03 -0.122371E+03
  1.300   3.571   0.160343E+03 -0.109058E+03
  1.300   3.571   0.140201E+03 -0.931636E+02
  1.300   3.571   0.113822E+03 -0.760890E+02
  1.300   3.571   0.810085E+02 -0.590057E+02
  1.300   3.571   0.425124E+02 -0.426077E+02
  1.300   3.571   0.136037E+00 -0.269766E+02
  1.300   3.571  -0.434470E+02 -0.116275E+02
  1.300   3.571  -0.851483E+02  0.425136E+01
  1.300   3.571  -0.122083E+03  0.214341E+02
  1.300   3.571  -0.152159E+03  0.402905E+02
  1.300   3.571  -0.174440E+03  0.605483E+02
  1.300   3.571  -0.189164E+03  0.812571E+02
  1.300   3.571  -0.197432E+03  0.100951E+03
  1.300   3.571  -0.200699E+03  0.117937E+03
  1.300   3.571  -0.200252E+03  0.130612E+03
  1.300   3.571  -0.196839E+03  0.137740E+03
  1.300   3.571  -0.190507E+03  0.138637E+03
  1.300   3.571  -0.180656E+03  0.133263E+03
  1.300   3.571  -0.166257E+03  0.122206E+03
  1.300   3.571  -0.146174E+03  0.106566E+03
  1.300   3.571  -0.119557E+03  0.877321E+02
  1.300   3.571  -0.862388E+02  0.671052E+02
  1.300   3.571  -0.470316E+02  0.458065E+02
  1.300   3.571  -0.382329E+01  0.244900E+02
  1.300   3.571   0.406126E+02  0.332699E+01
  1.300   3.571   0.830849E+02 -0.178176E+02
  1.300   3.571   0.120616E+03 -0.390873E+02
  1.300   3.571   0.151041E+03 -0.603404E+02
  1.300   3.571   0.173381E+03 -0.809848E+02
  1.300   3.571   0.187868E+03 -0.999988E+02
  1.300   3.571   0.195631E+03 -0.116114E+03
  1.300   3.571   0.198185E+03 -0.128082E+03
  1.300   3.571   0.196905E+03 -0.134926E+03
  1.400   3.705   0.314057E+03 -0.141351E+03
  1.400   3.705   0.305845E+03 -0.136218E+03
  1.400   3.705   0.290900E+03 -0.125453E+03
  1.400   3.705   0.268263E+03 -0.110369E+03
  1.400   3.705   0.236919E+03 -0.926666E+02
  1.400   3.705   0.196205E+03 -0.741219E+02
  1.400   3.705   0.146231E+03 -0.562187E+02
  1.400   3.705   0.882227E+02 -0.398018E+02
  1.400   3.705   0.246372E+02 -0.248782E+02
  1.400   3.705  -0.410405E+02 -0.106666E+02
  1.400   3.705  -0.104823E+03  0.407922E+01
  1.400   3.705  -0.162944E+03  0.205649E+02
  1.400   3.705  -0.212552E+03  0.394481E+02
  1.400   3.705  -0.252140E+03  0.605140E+02
  1.400   3.705  -0.281575E+03  0.826377E+02
  1.400   3.705  -0.301736E+03  0.104016E+03
  1.400   3.705  -0.313931E+03  0.122560E+03
  1.400   3.705  -0.319316E+03  0.136318E+03
  1.400   3.705  -0.318498E+03  0.143816E+03
  1.400   3.705  -0.311392E+03  0.144286E+03
  1.400   3.705  -0.297302E+03  0.137762E+03
  1.400   3.705  -0.275166E+03  0.125057E+03
  1.400   3.705  -0.243911E+03  0.107605E+03
  1.400   3.705  -0.202861E+03  0.871792E+02
  1.400   3.705  -0.152168E+03  0.655117E+02
  1.400   3.705  -0.931456E+02  0.439025E+02
  1.400   3.705  -0.283709E+02  0.229619E+02
  1.400   3.705   0.385278E+02  0.259593E+01
  1.400   3.705   0.103416E+03 -0.177314E+02
  1.400   3.705   0.162394E+03 -0.385591E+02
  1.400   3.705   0.212507E+03 -0.599969E+02
  1.400   3.705   0.252186E+03 -0.814823E+02
  1.400   3.705   0.281287E+03 -0.101808E+03
  1.400   3.705   0.300727E+03 -0.119379E+03
  1.400   3.705   0.311904E+03 -0.132584E+03
  1.400   3.705   0.316097E+03 -0.140141E+03
  1.500   3.835   0.420571E+03 -0.153470E+03
  1.500   3.835   0.411433E+03 -0.147469E+03
  1.500   3.835   0.392523E+03 -0.134930E+03
  1.500   3.835   0.362909E+03 -0.117437E+03
  1.500   3.835   0.321679E+03 -0.970787E+02
  1.500   3.835   0.268363E+03 -0.760683E+02
  1.500   3.835   0.203367E+03 -0.562717E+02
  1.500   3.835   0.128338E+03 -0.387481E+02
  1.500   3.835   0.462978E+02 -0.234679E+02
  1.500   3.835  -0.385783E+02 -0.935935E+01
  1.500   3.835  -0.121543E+03  0.527468E+01
  1.500   3.835  -0.198085E+03  0.220889E+02
  1.500   3.835  -0.264717E+03  0.420237E+02
  1.500   3.835  -0.319455E+03  0.648850E+02
  1.500   3.835  -0.361853E+03  0.893112E+02
  1.500   3.835  -0.392588E+03  0.113094E+03
  1.500   3.835  -0.412815E+03  0.133697E+03
  1.500   3.835  -0.423532E+03  0.148785E+03
  1.500   3.835  -0.425175E+03  0.156640E+03
  1.500   3.835  -0.417505E+03  0.156416E+03
  1.500   3.835  -0.399732E+03  0.148246E+03
  1.500   3.835  -0.370785E+03  0.133200E+03
  1.500   3.835  -0.329673E+03  0.113095E+03
  1.500   3.835  -0.275912E+03  0.901462E+02
  1.500   3.835  -0.209963E+03  0.664805E+02
  1.500   3.835  -0.133586E+03  0.436269E+02
  1.500   3.835  -0.499659E+02  0.221709E+02
  1.500   3.835   0.365333E+02  0.173756E+01
  1.500   3.835   0.120969E+03 -0.186486E+02
  1.500   3.835   0.198652E+03 -0.399565E+02
  1.500   3.835   0.265956E+03 -0.625539E+02
  1.500   3.835   0.320816E+03 -0.858751E+02
  1.500   3.835   0.362768E+03 -0.108463E+03
  1.500   3.835   0.392547E+03 -0.128324E+03
  1.500   3.835   0.411421E+03 -0.143416E+03
  1.500   3.835   0.420553E+03 -0.152103E+03
  1.600   3.961   0.511108E+03 -0.174773E+03
  1.600   3.961   0.501223E+03 -0.167727E+03
  1.600   3.961   0.478906E+03 -0.152890E+03
  1.600   3.961   0.443271E+03 -0.132152E+03
  1.600   3.961   0.393543E+03 -0.108050E+03
  1.600   3.961   0.329460E+03 -0.833156E+02
  1.600   3.961   0.251712E+03 -0.602852E+02
  1.600   3.961   0.162314E+03 -0.403047E+02
  1.600   3.961   0.647547E+02 -0.233448E+02
  1.600   3.961  -0.362288E+02 -0.803591E+01
  1.600   3.961  -0.135279E+03  0.780465E+01
  1.600   3.961  -0.227291E+03  0.263097E+02
  1.600   3.961  -0.308267E+03  0.486951E+02
  1.600   3.961  -0.375845E+03  0.747312E+02
  1.600   3.961  -0.429325E+03  0.102727E+03
  1.600   3.961  -0.469208E+03  0.129969E+03
  1.600   3.961  -0.496487E+03  0.153387E+03
  1.600   3.961  -0.511971E+03  0.170215E+03
  1.600   3.961  -0.515898E+03  0.178474E+03
  1.600   3.961  -0.507859E+03  0.177250E+03
  1.600   3.961  -0.486972E+03  0.166804E+03
  1.600   3.961  -0.452182E+03  0.148510E+03
  1.600   3.961  -0.402612E+03  0.124638E+03
  1.600   3.961  -0.337982E+03  0.979281E+02
  1.600   3.961  -0.259049E+03  0.709890E+02
  1.600   3.961  -0.167970E+03  0.456446E+02
  1.600   3.961  -0.684357E+02  0.224796E+02
  1.600   3.961   0.345805E+02  0.813725E+00
  1.600   3.961   0.135477E+03 -0.208204E+02
  1.600   3.961   0.228927E+03 -0.438669E+02
  1.600   3.961   0.310756E+03 -0.689552E+02
  1.600   3.961   0.378499E+03 -0.954671E+02
  1.600   3.961   0.431433E+03 -0.121606E+03
  1.600   3.961   0.470127E+03 -0.144875E+03
  1.600   3.961   0.495716E+03 -0.162712E+03
  1.600   3.961   0.509218E+03 -0.173066E+03
  1.700   4.083   0.586159E+03 -0.206390E+03
  1.700   4.083   0.575676E+03 -0.198224E+03
  1.700   4.083   0.550439E+03 -0.180639E+03
  1.700   4.083   0.509652E+03 -0.155839E+03
  1.700   4.083   0.452726E+03 -0.126842E+03
  1.700   4.083   0.379641E+03 -0.969642E+02
  1.700   4.083   0.291366E+03 -0.691067E+02
  1.700   4.083   0.190231E+03 -0.450020E+02
  1.700   4.083   0.800883E+02 -0.246954E+02
  1.700   4.083  -0.339138E+02 -0.655294E+01
  1.700   4.083  -0.145975E+03  0.120963E+02
  1.700   4.083  -0.250557E+03  0.338743E+02
  1.700   4.083  -0.343285E+03  0.602612E+02
  1.700   4.083  -0.421502E+03  0.909440E+02
  1.700   4.083  -0.484295E+03  0.123828E+03
  1.700   4.083  -0.531991E+03  0.155612E+03
  1.700   4.083  -0.565393E+03  0.182635E+03
  1.700   4.083  -0.585086E+03  0.201660E+03
  1.700   4.083  -0.591075E+03  0.210434E+03
  1.700   4.083  -0.582773E+03  0.207979E+03
  1.700   4.083  -0.559229E+03  0.194687E+03
  1.700   4.083  -0.519445E+03  0.172257E+03
  1.700   4.083  -0.462711E+03  0.143452E+03
  1.700   4.083  -0.388986E+03  0.111608E+03
  1.700   4.083  -0.299316E+03  0.799048E+02
  1.700   4.083  -0.196201E+03  0.505491E+02
  1.700   4.083  -0.837296E+02  0.241821E+02
  1.700   4.083   0.326723E+02 -0.171237E+00
  1.700   4.083   0.146917E+03 -0.244962E+02
  1.700   4.083   0.253202E+03 -0.507430E+02
  1.700   4.083   0.346944E+03 -0.798055E+02
  1.700   4.083   0.425362E+03 -0.110971E+03
  1.700   4.083   0.487517E+03 -0.142030E+03
  1.700   4.083   0.533813E+03 -0.169893E+03
  1.700   4.083   0.565223E+03 -0.191409E+03
  1.700   4.083   0.582576E+03 -0.204057E+03
  1.800   4.201   0.647074E+03 -0.246550E+03
  1.800   4.201   0.636155E+03 -0.237157E+03
  1.800   4.201   0.608411E+03 -0.216444E+03
  1.800   4.201   0.563183E+03 -0.186930E+03
  1.800   4.201   0.500134E+03 -0.152131E+03
  1.800   4.201   0.419550E+03 -0.115990E+03
  1.800   4.201   0.322709E+03 -0.820393E+02
  1.800   4.201   0.212237E+03 -0.524673E+02
  1.800   4.201   0.922621E+02 -0.274458E+02
  1.800   4.201  -0.318019E+02 -0.509345E+01
  1.800   4.201  -0.153898E+03  0.177556E+02
  1.800   4.201  -0.268241E+03  0.442142E+02
  1.800   4.201  -0.370230E+03  0.759955E+02
  1.800   4.201  -0.457016E+03  0.112633E+03
  1.800   4.201  -0.527506E+03  0.151538E+03
  1.800   4.201  -0.581840E+03  0.188746E+03
  1.800   4.201  -0.620579E+03  0.219958E+03
  1.800   4.201  -0.644025E+03  0.241466E+03
  1.800   4.201  -0.651895E+03  0.250760E+03
  1.800   4.201  -0.643402E+03  0.246822E+03
  1.800   4.201  -0.617548E+03  0.230196E+03
  1.800   4.201  -0.573447E+03  0.202924E+03
  1.800   4.201  -0.510626E+03  0.168282E+03
  1.800   4.201  -0.429348E+03  0.130246E+03
  1.800   4.201  -0.330975E+03  0.926274E+02
  1.800   4.201  -0.218319E+03  0.580733E+02
  1.800   4.201  -0.957698E+02  0.273129E+02
  1.800   4.201   0.309547E+02 -0.930439E+00
  1.800   4.201   0.155479E+03 -0.291905E+02
  1.800   4.201   0.271724E+03 -0.599440E+02
  1.800   4.201   0.374858E+03 -0.943281E+02
  1.800   4.201   0.461886E+03 -0.131469E+03
  1.800   4.201   0.531687E+03 -0.168647E+03
  1.800   4.201   0.584482E+03 -0.202100E+03
  1.800   4.201   0.621022E+03 -0.228027E+03
  1.800   4.201   0.641875E+03 -0.243420E+03
  1.900   4.317   0.694304E+03 -0.294612E+03
  1.900   4.317   0.683072E+03 -0.283907E+03
  1.900   4.317   0.653189E+03 -0.259772E+03
  1.900   4.317   0.604191E+03 -0.225023E+03
  1.900   4.317   0.536064E+03 -0.183664E+03
  1.900   4.317   0.449462E+03 -0.140280E+03
  1.900   4.317   0.346001E+03 -0.990830E+02
  1.900   4.317   0.228568E+03 -0.627841E+02
  1.900   4.317   0.101470E+03 -0.317361E+02
  1.900   4.317  -0.297760E+02 -0.383540E+01
  1.900   4.317  -0.159045E+03  0.245759E+02
  1.900   4.317  -0.280491E+03  0.570934E+02
  1.900   4.317  -0.389424E+03  0.956223E+02
  1.900   4.317  -0.482874E+03  0.139466E+03
  1.900   4.317  -0.559588E+03  0.185452E+03
  1.900   4.317  -0.619484E+03  0.228888E+03
  1.900   4.317  -0.662828E+03  0.264813E+03
  1.900   4.317  -0.689572E+03  0.289063E+03
  1.900   4.317  -0.699108E+03  0.298909E+03
  1.900   4.317  -0.690442E+03  0.293317E+03
  1.900   4.317  -0.662558E+03  0.272990E+03
  1.900   4.317  -0.614750E+03  0.240297E+03
  1.900   4.317  -0.546864E+03  0.199027E+03
  1.900   4.317  -0.459528E+03  0.153812E+03
  1.900   4.317  -0.354449E+03  0.109148E+03
  1.900   4.317  -0.234710E+03  0.681876E+02
  1.900   4.317  -0.104892E+03  0.317966E+02
  1.900   4.317   0.291654E+02 -0.158780E+01
  1.900   4.317   0.161003E+03 -0.350576E+02
  1.900   4.317   0.284463E+03 -0.716194E+02
  1.900   4.317   0.394609E+03 -0.112621E+03
  1.900   4.317   0.488319E+03 -0.156956E+03
  1.900   4.317   0.564305E+03 -0.201311E+03
  1.900   4.317   0.622573E+03 -0.241182E+03
  1.900   4.317   0.663590E+03 -0.272098E+03
  1.900   4.317   0.687592E+03 -0.290569E+03
  2.000   4.429   0.728510E+03 -0.349426E+03
  2.000   4.429   0.717049E+03 -0.337351E+03
  2.000   4.429   0.685283E+03 -0.309607E+03
  2.000   4.429   0.633013E+03 -0.269264E+03
  2.000   4.429   0.560655E+03 -0.220769E+03
  2.000   4.429   0.469331E+03 -0.169337E+03
  2.000   4.429   0.361062E+03 -0.119892E+03
  2.000   4.429   0.238996E+03 -0.757332E+02
  2.000   4.429   0.107523E+03 -0.374558E+02
  2.000   4.429  -0.279167E+02 -0.276987E+01
  2.000   4.429  -0.161373E+03  0.324631E+02
  2.000   4.429  -0.287168E+03  0.723047E+02
  2.000   4.429  -0.400701E+03  0.118803E+03
  2.000   4.429  -0.498968E+03  0.170948E+03
  2.000   4.429  -0.580553E+03  0.224899E+03
  2.000   4.429  -0.645087E+03  0.275184E+03
  2.000   4.429  -0.692448E+03  0.316191E+03
  2.000   4.429  -0.722146E+03  0.343347E+03
  2.000   4.429  -0.733178E+03  0.353764E+03
  2.000   4.429  -0.724323E+03  0.346426E+03
  2.000   4.429  -0.694586E+03  0.322186E+03
  2.000   4.429  -0.643526E+03  0.283702E+03
  2.000   4.429  -0.571415E+03  0.235227E+03
  2.000   4.429  -0.479350E+03  0.182039E+03
  2.000   4.429  -0.369445E+03  0.129347E+03
  2.000   4.429  -0.245046E+03  0.808709E+02
  2.000   4.429  -0.110820E+03  0.376743E+02
  2.000   4.429   0.274693E+02 -0.205988E+01
  2.000   4.429   0.163534E+03 -0.419730E+02
  2.000   4.429   0.291381E+03 -0.855863E+02
  2.000   4.429   0.406155E+03 -0.134411E+03
  2.000   4.429   0.504695E+03 -0.187025E+03
  2.000   4.429   0.585547E+03 -0.239440E+03
  2.000   4.429   0.648433E+03 -0.286366E+03
  2.000   4.429   0.693433E+03 -0.322663E+03
  2.000   4.429   0.720347E+03 -0.344413E+03
  2.100   4.538   0.750383E+03 -0.408721E+03
  2.100   4.538   0.738769E+03 -0.395291E+03
  2.100   4.538   0.705403E+03 -0.363967E+03
  2.100   4.538   0.650412E+03 -0.317987E+03
  2.100   4.538   0.574712E+03 -0.262144E+03
  2.100   4.538   0.479967E+03 -0.202220E+03
  2.100   4.538   0.368643E+03 -0.143844E+03
  2.100   4.538   0.244139E+03 -0.909475E+02
  2.100   4.538   0.110836E+03 -0.444394E+02
  2.100   4.538  -0.260698E+02 -0.190387E+01
  2.100   4.538  -0.161010E+03  0.412332E+02
  2.100   4.538  -0.288678E+03  0.894504E+02
  2.100   4.538  -0.404700E+03  0.144867E+03
  2.100   4.538  -0.506093E+03  0.206076E+03
  2.100   4.538  -0.591268E+03  0.268504E+03
  2.100   4.538  -0.659515E+03  0.325892E+03
  2.100   4.538  -0.710257E+03  0.372035E+03
  2.100   4.538  -0.742501E+03  0.402057E+03
  2.100   4.538  -0.754816E+03  0.413003E+03
  2.100   4.538  -0.745754E+03  0.403922E+03
  2.100   4.538  -0.714374E+03  0.375791E+03
  2.100   4.538  -0.660566E+03  0.331472E+03
  2.100   4.538  -0.585105E+03  0.275588E+03
  2.100   4.538  -0.489634E+03  0.213996E+03
  2.100   4.538  -0.376711E+03  0.152614E+03
  2.100   4.538  -0.249927E+03  0.957763E+02
  2.100   4.538  -0.113934E+03  0.448088E+02
  2.100   4.538   0.257591E+02 -0.230647E+01
  2.100   4.538   0.163254E+03 -0.497232E+02
  2.100   4.538   0.292936E+03 -0.101434E+03
  2.100   4.538   0.410180E+03 -0.159041E+03
  2.100   4.538   0.511845E+03 -0.220718E+03
  2.100   4.538   0.596303E+03 -0.281730E+03
  2.100   4.538   0.662934E+03 -0.335988E+03
  2.100   4.538   0.711361E+03 -0.377749E+03
  2.100   4.538   0.740877E+03 -0.402759E+03
  2.200   4.645   0.761009E+03 -0.470812E+03
  2.200   4.645   0.749283E+03 -0.456103E+03
  2.200   4.645   0.714560E+03 -0.421400E+03
  2.200   4.645   0.657338E+03 -0.369997E+03
  2.200   4.645   0.579094E+03 -0.306890E+03
  2.200   4.645   0.482099E+03 -0.238314E+03
  2.200   4.645   0.369310E+03 -0.170565E+03
  2.200   4.645   0.244372E+03 -0.108243E+03
  2.200   4.645   0.111583E+03 -0.526438E+02
  2.200   4.645  -0.242644E+02 -0.130405E+01
  2.200   4.645  -0.158195E+03  0.507175E+02
  2.200   4.645  -0.285469E+03  0.108243E+03
  2.200   4.645  -0.402069E+03  0.173371E+03
  2.200   4.645  -0.505075E+03  0.244199E+03
  2.200   4.645  -0.592692E+03  0.315365E+03
  2.200   4.645  -0.663814E+03  0.379844E+03
  2.200   4.645  -0.717343E+03  0.430942E+03
  2.200   4.645  -0.751742E+03  0.463626E+03
  2.200   4.645  -0.765129E+03  0.475009E+03
  2.200   4.645  -0.755833E+03  0.464259E+03
  2.200   4.645  -0.723003E+03  0.432440E+03
  2.200   4.645  -0.666909E+03  0.382501E+03
  2.200   4.645  -0.588897E+03  0.319289E+03
  2.200   4.645  -0.491218E+03  0.249128E+03
  2.200   4.645  -0.376920E+03  0.178607E+03
  2.200   4.645  -0.249831E+03  0.112712E+03
  2.200   4.645  -0.114500E+03  0.531075E+02
  2.200   4.645   0.239874E+02 -0.234887E+01
  2.200   4.645   0.160348E+03 -0.582546E+02
  2.200   4.645   0.289548E+03 -0.118999E+03
  2.200   4.645   0.407329E+03 -0.186179E+03
  2.200   4.645   0.510614E+03 -0.257469E+03
  2.200   4.645   0.597567E+03 -0.327328E+03
  2.200   4.645   0.667162E+03 -0.388898E+03
  2.200   4.645   0.718494E+03 -0.435931E+03
  2.200   4.645   0.750298E+03 -0.463996E+03
  2.300   4.749   0.759662E+03 -0.533044E+03
  2.300   4.749   0.747886E+03 -0.517242E+03
  2.300   4.749   0.712170E+03 -0.479584E+03
  2.300   4.749   0.653391E+03 -0.423271E+03
  2.300   4.749   0.573600E+03 -0.353325E+03
  2.300   4.749   0.475684E+03 -0.276294E+03
  2.300   4.749   0.363114E+03 -0.199080E+03
  2.300   4.749   0.239778E+03 -0.126979E+03
  2.300   4.749   0.109832E+03 -0.617529E+02
  2.300   4.749  -0.224712E+02 -0.980084E+00
  2.300   4.749  -0.152933E+03  0.605644E+02
  2.300   4.749  -0.277556E+03  0.127964E+03
  2.300   4.749  -0.392787E+03  0.203204E+03
  2.300   4.749  -0.495794E+03  0.283807E+03
  2.300   4.749  -0.584550E+03  0.363588E+03
  2.300   4.749  -0.657513E+03  0.434807E+03
  2.300   4.749  -0.713052E+03  0.490414E+03
  2.300   4.749  -0.749088E+03  0.525397E+03
  2.300   4.749  -0.763305E+03  0.537082E+03
  2.300   4.749  -0.753828E+03  0.524823E+03
  2.300   4.749  -0.719906E+03  0.489716E+03
  2.300   4.749  -0.662200E+03  0.434656E+03
  2.300   4.749  -0.582641E+03  0.364533E+03
  2.300   4.749  -0.484107E+03  0.285996E+03
  2.300   4.749  -0.370160E+03  0.206245E+03
  2.300   4.749  -0.244861E+03  0.130947E+03
  2.300   4.749  -0.112593E+03  0.621797E+02
  2.300   4.749   0.221346E+02 -0.223160E+01
  2.300   4.749   0.154850E+03 -0.672494E+02
  2.300   4.749   0.281295E+03 -0.137577E+03
  2.300   4.749   0.397683E+03 -0.214718E+03
  2.300   4.749   0.501026E+03 -0.295758E+03
  2.300   4.749   0.589239E+03 -0.374326E+03
  2.300   4.749   0.660836E+03 -0.442844E+03
  2.300   4.749   0.714353E+03 -0.494708E+03
  2.300   4.749   0.747965E+03 -0.525480E+03
  2.400   4.851   0.750562E+03 -0.598338E+03
  2.400   4.851   0.738748E+03 -0.581500E+03
  2.400   4.851   0.702185E+03 -0.541176E+03
  2.400   4.851   0.642151E+03 -0.480297E+03
  2.400   4.851   0.561305E+03 -0.403691E+03
  2.400   4.851   0.463221E+03 -0.318046E+03
  2.400   4.851   0.351955E+03 -0.230814E+03
  2.400   4.851   0.231682E+03 -0.148041E+03
  2.400   4.851   0.106366E+03 -0.720758E+02
  2.400   4.851  -0.204454E+02 -0.650183E+00
  2.400   4.851  -0.145571E+03  0.716563E+02
  2.400   4.851  -0.265975E+03  0.150093E+03
  2.400   4.851  -0.378669E+03  0.236402E+03
  2.400   4.851  -0.480879E+03  0.327390E+03
  2.400   4.851  -0.570230E+03  0.415971E+03
  2.400   4.851  -0.644621E+03  0.493749E+03
  2.400   4.851  -0.701811E+03  0.553495E+03
  2.400   4.851  -0.739163E+03  0.590449E+03
  2.400   4.851  -0.753956E+03  0.602335E+03
  2.400   4.851  -0.744156E+03  0.588758E+03
  2.400   4.851  -0.709156E+03  0.550766E+03
  2.400   4.851  -0.650047E+03  0.491002E+03
  2.400   4.851  -0.569385E+03  0.414177E+03
  2.400   4.851  -0.470733E+03  0.327092E+03
  2.400   4.851  -0.358228E+03  0.237514E+03
  2.400   4.851  -0.236195E+03  0.151853E+03
  2.400   4.851  -0.108799E+03  0.727323E+02
  2.400   4.851   0.201846E+02 -0.194173E+01
  2.400   4.851   0.147328E+03 -0.774047E+02
  2.400   4.851   0.269352E+03 -0.158575E+03
  2.400   4.851   0.383054E+03 -0.246720E+03
  2.400   4.851   0.485518E+03 -0.338188E+03
  2.400   4.851   0.574326E+03 -0.425685E+03
  2.400   4.851   0.647446E+03 -0.500957E+03
  2.400   4.851   0.702802E+03 -0.557216E+03
  2.400   4.851   0.737992E+03 -0.590260E+03
  2.500   4.951   0.724563E+03 -0.658018E+03
  2.500   4.951   0.713009E+03 -0.640455E+03
  2.500   4.951   0.676707E+03 -0.598147E+03
  2.500   4.951   0.617157E+03 -0.533601E+03
  2.500   4.951   0.537387E+03 -0.451270E+03
  2.500   4.951   0.441435E+03 -0.357839E+03
  2.500   4.951   0.333803E+03 -0.261250E+03
  2.500   4.951   0.218907E+03 -0.168328E+03
  2.500   4.951   0.100518E+03 -0.820725E+02
  2.500   4.951  -0.185208E+02 -0.435215E+00
  2.500   4.951  -0.136061E+03  0.821634E+02
  2.500   4.951  -0.250029E+03  0.171111E+03
  2.500   4.951  -0.357970E+03  0.267876E+03
  2.500   4.951  -0.457124E+03  0.368511E+03
  2.500   4.951  -0.544784E+03  0.465040E+03
  2.500   4.951  -0.618414E+03  0.548479E+03
  2.500   4.951  -0.675384E+03  0.611565E+03
  2.500   4.951  -0.712759E+03  0.649956E+03
  2.500   4.951  -0.727617E+03  0.661909E+03
  2.500   4.951  -0.717847E+03  0.647317E+03
  2.500   4.951  -0.682925E+03  0.607115E+03
  2.500   4.951  -0.624186E+03  0.543542E+03
  2.500   4.951  -0.544572E+03  0.460940E+03
  2.500   4.951  -0.448117E+03  0.366124E+03
  2.500   4.951  -0.339400E+03  0.267363E+03
  2.500   4.951  -0.222969E+03  0.171844E+03
  2.500   4.951  -0.102765E+03  0.828032E+02
  2.500   4.951   0.181788E+02 -0.170600E+01
  2.500   4.951   0.137504E+03 -0.871532E+02
  2.500   4.951   0.252921E+03 -0.178642E+03
  2.500   4.951   0.361781E+03 -0.277168E+03
  2.500   4.951   0.461184E+03 -0.378306E+03
  2.500   4.951   0.548377E+03 -0.473846E+03
  2.500   4.951   0.620885E+03 -0.554946E+03
  2.500   4.951   0.676226E+03 -0.614782E+03
  2.500   4.951   0.711680E+03 -0.649558E+03
  2.600   5.049   0.691540E+03 -0.716285E+03
  2.600   5.049   0.680267E+03 -0.698163E+03
  2.600   5.049   0.644565E+03 -0.654340E+03
  2.600   5.049   0.586084E+03 -0.586747E+03
  2.600   5.049   0.508129E+03 -0.499275E+03
  2.600   5.049   0.415152E+03 -0.398459E+03
  2.600   5.049   0.312118E+03 -0.292661E+03
  2.600   5.049   0.203727E+03 -0.189505E+03
  2.600   5.049   0.935641E+02 -0.927083E+02
  2.600   5.049  -0.163284E+02 -0.503951E+00
  2.600   5.049  -0.124999E+03  0.927901E+02
  2.600   5.049  -0.231473E+03  0.192629E+03
  2.600   5.049  -0.333848E+03  0.300093E+03
  2.600   5.049  -0.429279E+03  0.410370E+03
  2.600   5.049  -0.514598E+03  0.514535E+03
  2.600   5.049  -0.586770E+03  0.603081E+03
  2.600   5.049  -0.642823E+03  0.668882E+03
  2.600   5.049  -0.679645E+03  0.708228E+03
  2.600   5.049  -0.694241E+03  0.720077E+03
  2.600   5.049  -0.684500E+03  0.704669E+03
  2.600   5.049  -0.649975E+03  0.662760E+03
  2.600   5.049  -0.592177E+03  0.596026E+03
  2.600   5.049  -0.514345E+03  0.508248E+03
  2.600   5.049  -0.420931E+03  0.406098E+03
  2.600   5.049  -0.316974E+03  0.298283E+03
  2.600   5.049  -0.207282E+03  0.192787E+03
  2.600   5.049  -0.955790E+02  0.935301E+02
  2.600   5.049   0.159412E+02 -0.121708E+01
  2.600   5.049   0.126154E+03 -0.970966E+02
  2.600   5.049   0.233897E+03 -0.199318E+03
  2.600   5.049   0.337088E+03 -0.308488E+03
  2.600   5.049   0.432750E+03 -0.419289E+03
  2.600   5.049   0.517668E+03 -0.522544E+03
  2.600   5.049   0.588861E+03 -0.608890E+03
  2.600   5.049   0.643495E+03 -0.671649E+03
  2.600   5.049   0.678649E+03 -0.707645E+03
  2.700   5.146   0.649086E+03 -0.771700E+03
  2.700   5.146   0.638355E+03 -0.753404E+03
  2.700   5.146   0.603972E+03 -0.708623E+03
  2.700   5.146   0.547553E+03 -0.638559E+03
  2.700   5.146   0.472487E+03 -0.546381E+03
  2.700   5.146   0.383524E+03 -0.438383E+03
  2.700   5.146   0.286122E+03 -0.323388E+03
  2.700   5.146   0.185384E+03 -0.209954E+03
  2.700   5.146   0.848063E+02 -0.102676E+03
  2.700   5.146  -0.143892E+02 -0.159192E+00
  2.700   5.146  -0.112593E+03  0.103401E+03
  2.700   5.146  -0.210086E+03  0.213606E+03
  2.700   5.146  -0.305582E+03  0.331221E+03
  2.700   5.146  -0.396099E+03  0.450600E+03
  2.700   5.146  -0.477925E+03  0.561886E+03
  2.700   5.146  -0.547520E+03  0.655078E+03
  2.700   5.146  -0.601681E+03  0.723250E+03
  2.700   5.146  -0.637294E+03  0.763405E+03
  2.700   5.146  -0.651448E+03  0.775258E+03
  2.700   5.146  -0.642082E+03  0.759402E+03
  2.700   5.146  -0.608736E+03  0.716327E+03
  2.700   5.146  -0.552910E+03  0.646994E+03
  2.700   5.146  -0.477939E+03  0.554470E+03
  2.700   5.146  -0.388591E+03  0.445196E+03
  2.700   5.146  -0.290392E+03  0.328354E+03
  2.700   5.146  -0.188545E+03  0.212867E+03
  2.700   5.146  -0.866517E+02  0.103500E+03
  2.700   5.146   0.139550E+02 -0.118319E+01
  2.700   5.146   0.113529E+03 -0.107028E+03
  2.700   5.146   0.212185E+03 -0.219441E+03
  2.700   5.146   0.308459E+03 -0.338714E+03
  2.700   5.146   0.399232E+03 -0.458663E+03
  2.700   5.146   0.480730E+03 -0.569149E+03
  2.700   5.146   0.549460E+03 -0.660307E+03
  2.700   5.146   0.602346E+03 -0.725665E+03
  2.700   5.146   0.636459E+03 -0.762752E+03
  2.800   5.240   0.597632E+03 -0.822027E+03
  2.800   5.240   0.587769E+03 -0.803746E+03
  2.800   5.240   0.555593E+03 -0.758466E+03
  2.800   5.240   0.502464E+03 -0.686567E+03
  2.800   5.240   0.431586E+03 -0.590390E+03
  2.800   5.240   0.347822E+03 -0.475901E+03
  2.800   5.240   0.257078E+03 -0.352344E+03
  2.800   5.240   0.164953E+03 -0.229232E+03
  2.800   5.240   0.749605E+02 -0.112075E+03
  2.800   5.240  -0.124858E+02  0.139338E+00
  2.800   5.240  -0.991926E+02  0.113356E+03
  2.800   5.240  -0.186761E+03  0.233339E+03
  2.800   5.240  -0.274476E+03  0.360520E+03
  2.800   5.240  -0.359088E+03  0.488376E+03
  2.800   5.240  -0.436235E+03  0.606104E+03
  2.800   5.240  -0.501919E+03  0.703260E+03
  2.800   5.240  -0.552902E+03  0.773229E+03
  2.800   5.240  -0.586354E+03  0.813840E+03
  2.800   5.240  -0.599676E+03  0.825648E+03
  2.800   5.240  -0.590948E+03  0.809603E+03
  2.800   5.240  -0.559619E+03  0.765878E+03
  2.800   5.240  -0.506956E+03  0.694618E+03
  2.800   5.240  -0.436132E+03  0.598048E+03
  2.800   5.240  -0.352042E+03  0.482284E+03
  2.800   5.240  -0.260662E+03  0.356945E+03
  2.800   5.240  -0.167671E+03  0.231917E+03
  2.800   5.240  -0.766533E+02  0.112859E+03
  2.800   5.240   0.119105E+02 -0.132277E+01
  2.800   5.240   0.997348E+02 -0.116657E+03
  2.800   5.240   0.188289E+03 -0.238729E+03
  2.800   5.240   0.276700E+03 -0.367487E+03
  2.800   5.240   0.361580E+03 -0.495857E+03
  2.800   5.240   0.438500E+03 -0.612756E+03
  2.800   5.240   0.503484E+03 -0.707908E+03
  2.800   5.240   0.553405E+03 -0.775174E+03
  2.800   5.240   0.585594E+03 -0.812904E+03
  2.900   5.333   0.538297E+03 -0.868416E+03
  2.900   5.333   0.529458E+03 -0.850255E+03
  2.900   5.333   0.500105E+03 -0.804724E+03
  2.900   5.333   0.451130E+03 -0.731326E+03
  2.900   5.333   0.385336E+03 -0.631521E+03
  2.900   5.333   0.307602E+03 -0.510932E+03
  2.900   5.333   0.224355E+03 -0.379260E+03
  2.900   5.333   0.141859E+03 -0.247034E+03
  2.900   5.333   0.637447E+02 -0.120712E+03
  2.900   5.333  -0.104711E+02  0.379916E+00
  2.900   5.333  -0.842600E+02  0.122432E+03
  2.900   5.333  -0.160770E+03  0.251474E+03
  2.900   5.333  -0.239891E+03  0.387638E+03
  2.900   5.333  -0.317933E+03  0.523487E+03
  2.900   5.333  -0.389667E+03  0.647211E+03
  2.900   5.333  -0.450537E+03  0.747907E+03
  2.900   5.333  -0.497387E+03  0.819306E+03
  2.900   5.333  -0.527910E+03  0.860133E+03
  2.900   5.333  -0.540059E+03  0.871829E+03
  2.900   5.333  -0.532156E+03  0.855715E+03
  2.900   5.333  -0.503478E+03  0.811609E+03
  2.900   5.333  -0.454852E+03  0.738773E+03
  2.900   5.333  -0.389071E+03  0.638548E+03
  2.900   5.333  -0.311057E+03  0.516716E+03
  2.900   5.333  -0.227308E+03  0.383380E+03
  2.900   5.333  -0.144149E+03  0.249462E+03
  2.900   5.333  -0.652498E+02  0.121545E+03
  2.900   5.333   0.984721E+01 -0.119802E+01
  2.900   5.333   0.845571E+02 -0.125126E+03
  2.900   5.333   0.161919E+03 -0.256138E+03
  2.900   5.333   0.241672E+03 -0.393873E+03
  2.900   5.333   0.319986E+03 -0.530304E+03
  2.900   5.333   0.391553E+03 -0.653306E+03
  2.900   5.333   0.451835E+03 -0.752136E+03
  2.900   5.333   0.497779E+03 -0.821014E+03
  2.900   5.333   0.527227E+03 -0.859179E+03
  3.000   5.424   0.472152E+03 -0.909462E+03
  3.000   5.424   0.464662E+03 -0.891604E+03
  3.000   5.424   0.438930E+03 -0.846150E+03
  3.000   5.424   0.395110E+03 -0.771700E+03
  3.000   5.424   0.335308E+03 -0.668805E+03
  3.000   5.424   0.264261E+03 -0.542715E+03
  3.000   5.424   0.188994E+03 -0.403583E+03
  3.000   5.424   0.116667E+03 -0.262977E+03
  3.000   5.424   0.512290E+02 -0.128334E+03
  3.000   5.424  -0.870890E+01  0.686688E+00
  3.000   5.424  -0.684893E+02  0.130577E+03
  3.000   5.424  -0.133026E+03  0.267704E+03
  3.000   5.424  -0.202852E+03  0.411954E+03
  3.000   5.424  -0.273682E+03  0.555003E+03
  3.000   5.424  -0.339224E+03  0.684053E+03
  3.000   5.424  -0.394318E+03  0.787766E+03
  3.000   5.424  -0.436047E+03  0.860241E+03
  3.000   5.424  -0.462908E+03  0.901108E+03
  3.000   5.424  -0.473654E+03  0.912693E+03
  3.000   5.424  -0.466935E+03  0.896680E+03
  3.000   5.424  -0.441734E+03  0.852519E+03
  3.000   5.424  -0.398158E+03  0.778570E+03
  3.000   5.424  -0.338327E+03  0.675242E+03
  3.000   5.424  -0.267040E+03  0.547943E+03
  3.000   5.424  -0.191394E+03  0.407247E+03
  3.000   5.424  -0.118596E+03  0.265131E+03
  3.000   5.424  -0.525982E+02  0.129140E+03
  3.000   5.424   0.800117E+01 -0.127564E+01
  3.000   5.424   0.685267E+02 -0.132837E+03
  3.000   5.424   0.133806E+03 -0.271816E+03
  3.000   5.424   0.204228E+03 -0.417597E+03
  3.000   5.424   0.275355E+03 -0.561236E+03
  3.000   5.424   0.340805E+03 -0.689609E+03
  3.000   5.424   0.395422E+03 -0.791550E+03
  3.000   5.424   0.436380E+03 -0.861666E+03
  3.000   5.424   0.462320E+03 -0.900095E+03
