  0.000   0.000   0.000000E+00  0.000000E+00
  0.000   0.000   0.000000E+00  0.000000E+00
  0.000   0.000   0.000000E+00  0.000000E+00
  0.000   0.000   0.000000E+00  0.000000E+00
  0.000   0.000   0.000000E+00  0.000000E+00
  0.000   0.000   0.000000E+00  0.000000E+00
  0.000   0.000   0.000000E+00  0.000000E+00
  0.000   0.000   0.000000E+00  0.000000E+00
  0.000   0.000   0.000000E+00  0.000000E+00
  0.000   0.000   0.000000E+00  0.000000E+00
  0.000   0.000   0.000000E+00  0.000000E+00
  0.000   0.000   0.000000E+00  0.000000E+00
  0.000   0.000   0.000000E+00  0.000000E+00
  0.000   0.000   0.000000E+00  0.000000E+00
  0.000   0.000   0.000000E+00  0.000000E+00
  0.000   0.000   0.000000E+00  0.000000E+00
  0.000   0.000   0.000000E+00  0.000000E+00
  0.000   0.000   0.000000E+00  0.000000E+00
  0.000   0.000   0.000000E+00  0.000000E+00
  0.000   0.000   0.000000E+00  0.000000E+00
  0.000   0.000   0.000000E+00  0.000000E+00
  0.000   0.000   0.000000E+00  0.000000E+00
  0.000   0.000   0.000000E+00  0.000000E+00
  0.000   0.000   0.000000E+00  0.000000E+00
  0.000   0.000   0.000000E+00  0.000000E+00
  0.000   0.000   0.000000E+00  0.000000E+00
  0.000   0.000   0.000000E+00  0.000000E+00
  0.000   0.000   0.000000E+00  0.000000E+00
  0.000   0.000   0.000000E+00  0.000000E+00
  0.000   0.000   0.000000E+00  0.000000E+00
  0.000   0.000   0.000000E+00  0.000000E+00
  0.000   0.000   0.000000E+00  0.000000E+00
  0.000   0.000   0.000000E+00  0.000000E+00
  0.000   0.000   0.000000E+00  0.000000E+00
  0.000   0.000   0.000000E+00  0.000000E+00
  0.000   0.000   0.000000E+00  0.000000E+00
 -1.000  -1.000            NaN           NaN
 -1.000  -1.000            NaN           NaN
 -1.000  -1.000            NaN           NaN
 -1.000  -1.000            NaN           NaN
 -1.000  -1.000            NaN           NaN
 -1.000  -1.000            NaN           NaN
 -1.000  -1.000            NaN           NaN
 -1.000  -1.000            NaN           NaN
 -1.000  -1.000            NaN           NaN
 -1.000  -1.000            NaN           NaN
 -1.000  -1.000            NaN           NaN
 -1.000  -1.000            NaN           NaN
 -1.000  -1.000            NaN           NaN
 -1.000  -1.000            NaN           NaN
 -1.000  -1.000            NaN           NaN
 -1.000  -1.000            NaN           NaN
 -1.000  -1.000            NaN           NaN
 -1.000  -1.000            NaN           NaN
 -1.000  -1.000            NaN           NaN
 -1.000  -1.000            NaN           NaN
 -1.000  -1.000            NaN           NaN
 -1.000  -1.000            NaN           NaN
 -1.000  -1.000            NaN           NaN
 -1.000  -1.000            NaN           NaN
 -1.000  -1.000            NaN           NaN
 -1.000  -1.000            NaN           NaN
 -1.000  -1.000            NaN           NaN
 -1.000  -1.000            NaN           NaN
 -1.000  -1.000            NaN           NaN
 -1.000  -1.000            NaN           NaN
 -1.000  -1.000            NaN           NaN
 -1.000  -1.000            NaN           NaN
 -1.000  -1.000            NaN           NaN
 -1.000  -1.000            NaN           NaN
 -1.000  -1.000            NaN           NaN
 -1.000  -1.000            NaN           NaN
  0.120   0.990  -0.268003E+04  0.103105E+02
  0.120   0.990  -0.263632E+04  0.102780E+02
  0.120   0.990  -0.251251E+04  0.103207E+02
  0.120   0.990  -0.231236E+04  0.104420E+02
  0.120   0.990  -0.204193E+04  0.106408E+02
  0.120   0.990  -0.170946E+04  0.109115E+02
  0.120   0.990  -0.132504E+04  0.112438E+02
  0.120   0.990  -0.900343E+03  0.116234E+02
  0.120   0.990  -0.448286E+03  0.120330E+02
  0.120   0.990   0.173963E+02  0.124537E+02
  0.120   0.990   0.482553E+03  0.128657E+02
  0.120   0.990   0.933050E+03  0.132506E+02
  0.120   0.990   0.135520E+04  0.135919E+02
  0.120   0.990   0.173617E+04  0.138767E+02
  0.120   0.990   0.206439E+04  0.140960E+02
  0.120   0.990   0.232989E+04  0.142450E+02
  0.120   0.990   0.252461E+04  0.143235E+02
  0.120   0.990   0.264262E+04  0.143348E+02
  0.120   0.990   0.268035E+04  0.142852E+02
  0.120   0.990   0.263664E+04  0.141830E+02
  0.120   0.990   0.251283E+04  0.140374E+02
  0.120   0.990   0.231267E+04  0.138574E+02
  0.120   0.990   0.204225E+04  0.136512E+02
  0.120   0.990   0.170978E+04  0.134253E+02
  0.120   0.990   0.132535E+04  0.131846E+02
  0.120   0.990   0.900660E+03  0.129323E+02
  0.120   0.990   0.448604E+03  0.126703E+02
  0.120   0.990  -0.170788E+02  0.123999E+02
  0.120   0.990  -0.482236E+03  0.121226E+02
  0.120   0.990  -0.932733E+03  0.118406E+02
  0.120   0.990  -0.135488E+04  0.115580E+02
  0.120   0.990  -0.173585E+04  0.112806E+02
  0.120   0.990  -0.206407E+04  0.110166E+02
  0.120   0.990  -0.232957E+04  0.107759E+02
  0.120   0.990  -0.252429E+04  0.105701E+02
  0.120   0.990  -0.264230E+04  0.104111E+02
  0.207   1.400  -0.454137E+04 -0.634506E+01
  0.207   1.400  -0.446747E+04 -0.623362E+01
  0.207   1.400  -0.425782E+04 -0.556225E+01
  0.207   1.400  -0.391879E+04 -0.433815E+01
  0.207   1.400  -0.346066E+04 -0.259096E+01
  0.207   1.400  -0.289736E+04 -0.372782E+00
  0.207   1.400  -0.224598E+04  0.224326E+01
  0.207   1.400  -0.152634E+04  0.516597E+01
  0.207   1.400  -0.760291E+03  0.829021E+01
  0.207   1.400   0.288732E+02  0.115021E+02
  0.207   1.400   0.817166E+03  0.146848E+02
  0.207   1.400   0.158063E+04  0.177243E+02
  0.207   1.400   0.229606E+04  0.205151E+02
  0.207   1.400   0.294172E+04  0.229646E+02
  0.207   1.400   0.349800E+04  0.249977E+02
  0.207   1.400   0.394801E+04  0.265583E+02
  0.207   1.400   0.427808E+04  0.276108E+02
  0.207   1.400   0.447820E+04  0.281396E+02
  0.207   1.400   0.454228E+04  0.281477E+02
  0.207   1.400   0.446837E+04  0.276539E+02
  0.207   1.400   0.425872E+04  0.266906E+02
  0.207   1.400   0.391969E+04  0.253001E+02
  0.207   1.400   0.346157E+04  0.235320E+02
  0.207   1.400   0.289826E+04  0.214411E+02
  0.207   1.400   0.224689E+04  0.190849E+02
  0.207   1.400   0.152724E+04  0.165235E+02
  0.207   1.400   0.761192E+03  0.138183E+02
  0.207   1.400  -0.279737E+02  0.110327E+02
  0.207   1.400  -0.816268E+03  0.823231E+01
  0.207   1.400  -0.157973E+04  0.548491E+01
  0.207   1.400  -0.229516E+04  0.286087E+01
  0.207   1.400  -0.294082E+04  0.432361E+00
  0.207   1.400  -0.349710E+04 -0.172783E+01
  0.207   1.400  -0.394711E+04 -0.354839E+01
  0.207   1.400  -0.427718E+04 -0.496236E+01
  0.207   1.400  -0.447729E+04 -0.591049E+01
  0.301   1.715  -0.651390E+04 -0.655397E+02
  0.301   1.715  -0.640810E+04 -0.646111E+02
  0.301   1.715  -0.610760E+04 -0.613473E+02
  0.301   1.715  -0.562151E+04 -0.558198E+02
  0.301   1.715  -0.496456E+04 -0.481808E+02
  0.301   1.715  -0.415670E+04 -0.386598E+02
  0.301   1.715  -0.322246E+04 -0.275577E+02
  0.301   1.715  -0.219023E+04 -0.152356E+02
  0.301   1.715  -0.109139E+04 -0.210161E+01
  0.301   1.715   0.406404E+02  0.114061E+02
  0.301   1.715   0.117144E+04  0.248371E+02
  0.301   1.715   0.226661E+04  0.377475E+02
  0.301   1.715   0.329289E+04  0.497176E+02
  0.301   1.715   0.421909E+04  0.603682E+02
  0.301   1.715   0.501708E+04  0.693741E+02
  0.301   1.715   0.566265E+04  0.764737E+02
  0.301   1.715   0.613621E+04  0.814763E+02
  0.301   1.715   0.642340E+04  0.842637E+02
  0.301   1.715   0.651550E+04  0.847905E+02
  0.301   1.715   0.640971E+04  0.830800E+02
  0.301   1.715   0.610922E+04  0.792193E+02
  0.301   1.715   0.562313E+04  0.733519E+02
  0.301   1.715   0.496619E+04  0.656705E+02
  0.301   1.715   0.415832E+04  0.564099E+02
  0.301   1.715   0.322407E+04  0.458392E+02
  0.301   1.715   0.219183E+04  0.342557E+02
  0.301   1.715   0.109298E+04  0.219784E+02
  0.301   1.715  -0.390621E+02  0.934244E+01
  0.301   1.715  -0.116987E+04 -0.330684E+01
  0.301   1.715  -0.226506E+04 -0.156197E+02
  0.301   1.715  -0.329134E+04 -0.272487E+02
  0.301   1.715  -0.421753E+04 -0.378560E+02
  0.301   1.715  -0.501552E+04 -0.471216E+02
  0.301   1.715  -0.566108E+04 -0.547530E+02
  0.301   1.715  -0.613463E+04 -0.604950E+02
  0.301   1.715  -0.642181E+04 -0.641403E+02
  0.400   1.981  -0.846156E+04 -0.202036E+03
  0.400   1.981  -0.832439E+04 -0.199003E+03
  0.400   1.981  -0.793434E+04 -0.189537E+03
  0.400   1.981  -0.730320E+04 -0.173876E+03
  0.400   1.981  -0.645007E+04 -0.152468E+03
  0.400   1.981  -0.540082E+04 -0.125956E+03
  0.400   1.981  -0.418731E+04 -0.951630E+02
  0.400   1.981  -0.284641E+04 -0.610659E+02
  0.400   1.981  -0.141892E+04 -0.247585E+02
  0.400   1.981   0.517336E+02  0.125880E+02
  0.400   1.981   0.152080E+04  0.497683E+02
  0.400   1.981   0.294358E+04  0.855898E+02
  0.400   1.981   0.427682E+04  0.118916E+03
  0.400   1.981   0.548003E+04  0.148708E+03
  0.400   1.981   0.651669E+04  0.174059E+03
  0.400   1.981   0.735536E+04  0.194221E+03
  0.400   1.981   0.797064E+04  0.208626E+03
  0.400   1.981   0.834388E+04  0.216897E+03
  0.400   1.981   0.846376E+04  0.218851E+03
  0.400   1.981   0.832664E+04  0.214495E+03
  0.400   1.981   0.793662E+04  0.204018E+03
  0.400   1.981   0.730549E+04  0.187783E+03
  0.400   1.981   0.645236E+04  0.166303E+03
  0.400   1.981   0.540310E+04  0.140231E+03
  0.400   1.981   0.418956E+04  0.110337E+03
  0.400   1.981   0.284863E+04  0.774880E+02
  0.400   1.981   0.142109E+04  0.426288E+02
  0.400   1.981  -0.496124E+02  0.675658E+01
  0.400   1.981  -0.151872E+04 -0.291011E+02
  0.400   1.981  -0.294153E+04 -0.639108E+02
  0.400   1.981  -0.427479E+04 -0.966586E+02
  0.400   1.981  -0.547800E+04 -0.126376E+03
  0.400   1.981  -0.651464E+04 -0.152165E+03
  0.400   1.981  -0.735329E+04 -0.173226E+03
  0.400   1.981  -0.796853E+04 -0.188883E+03
  0.400   1.981  -0.834172E+04 -0.198606E+03
  0.500   2.214  -0.102672E+05 -0.438170E+03
  0.500   2.214  -0.101011E+05 -0.431344E+03
  0.500   2.214  -0.962829E+04 -0.411009E+03
  0.500   2.214  -0.886289E+04 -0.377702E+03
  0.500   2.214  -0.782807E+04 -0.332383E+03
  0.500   2.214  -0.655517E+04 -0.276411E+03
  0.500   2.214  -0.508281E+04 -0.211509E+03
  0.500   2.214  -0.345575E+04 -0.139709E+03
  0.500   2.214  -0.172349E+04 -0.632817E+02
  0.500   2.214   0.612154E+02  0.153406E+02
  0.500   2.214   0.184400E+04  0.936554E+02
  0.500   2.214   0.357059E+04  0.169180E+03
  0.500   2.214   0.518849E+04  0.239544E+03
  0.500   2.214   0.664855E+04  0.302568E+03
  0.500   2.214   0.790649E+04  0.356338E+03
  0.500   2.214   0.892421E+04  0.399263E+03
  0.500   2.214   0.967094E+04  0.430114E+03
  0.500   2.214   0.101241E+05  0.448052E+03
  0.500   2.214   0.102699E+05  0.452638E+03
  0.500   2.214   0.101039E+05  0.443834E+03
  0.500   2.214   0.963118E+04  0.421990E+03
  0.500   2.214   0.886583E+04  0.387826E+03
  0.500   2.214   0.783102E+04  0.342401E+03
  0.500   2.214   0.655808E+04  0.287089E+03
  0.500   2.214   0.508564E+04  0.223531E+03
  0.500   2.214   0.345846E+04  0.153596E+03
  0.500   2.214   0.172607E+04  0.793328E+02
  0.500   2.214  -0.587568E+02  0.291344E+01
  0.500   2.214  -0.184166E+04 -0.734242E+02
  0.500   2.214  -0.356834E+04 -0.147436E+03
  0.500   2.214  -0.518629E+04 -0.216934E+03
  0.500   2.214  -0.664635E+04 -0.279846E+03
  0.500   2.214  -0.790425E+04 -0.334272E+03
  0.500   2.214  -0.892190E+04 -0.378542E+03
  0.500   2.214  -0.966851E+04 -0.411265E+03
  0.500   2.214  -0.101215E+05 -0.431375E+03
  0.600   2.426  -0.118508E+05 -0.772822E+03
  0.600   2.426  -0.116596E+05 -0.760534E+03
  0.600   2.426  -0.111145E+05 -0.724732E+03
  0.600   2.426  -0.102316E+05 -0.666376E+03
  0.600   2.426  -0.903774E+04 -0.587146E+03
  0.600   2.426  -0.756889E+04 -0.489405E+03
  0.600   2.426  -0.586962E+04 -0.376139E+03
  0.600   2.426  -0.399157E+04 -0.250869E+03
  0.600   2.426  -0.199193E+04 -0.117534E+03
  0.600   2.426   0.683430E+02  0.196481E+02
  0.600   2.426   0.212643E+04  0.156330E+03
  0.600   2.426   0.411961E+04  0.288197E+03
  0.600   2.426   0.598726E+04  0.411123E+03
  0.600   2.426   0.767264E+04  0.521315E+03
  0.600   2.426   0.912471E+04  0.615436E+03
  0.600   2.426   0.102995E+05  0.690703E+03
  0.600   2.426   0.111617E+05  0.744955E+03
  0.600   2.426   0.116851E+05  0.776700E+03
  0.600   2.426   0.118539E+05  0.785132E+03
  0.600   2.426   0.116630E+05  0.770134E+03
  0.600   2.426   0.111180E+05  0.732267E+03
  0.600   2.426   0.102353E+05  0.672739E+03
  0.600   2.426   0.904142E+04  0.593367E+03
  0.600   2.426   0.757248E+04  0.496530E+03
  0.600   2.426   0.587303E+04  0.385104E+03
  0.600   2.426   0.399474E+04  0.262387E+03
  0.600   2.426   0.199482E+04  0.132013E+03
  0.600   2.426  -0.657406E+02 -0.215314E+01
  0.600   2.426  -0.212408E+04 -0.136127E+03
  0.600   2.426  -0.411747E+04 -0.265920E+03
  0.600   2.426  -0.598522E+04 -0.387658E+03
  0.600   2.426  -0.767063E+04 -0.497694E+03
  0.600   2.426  -0.912260E+04 -0.592712E+03
  0.600   2.426  -0.102973E+05 -0.669822E+03
  0.600   2.426  -0.111591E+05 -0.726641E+03
  0.600   2.426  -0.116822E+05 -0.761363E+03
  0.700   2.620  -0.131489E+05 -0.117450E+04
  0.700   2.620  -0.129375E+05 -0.115565E+04
  0.700   2.620  -0.123335E+05 -0.110132E+04
  0.700   2.620  -0.113548E+05 -0.101297E+04
  0.700   2.620  -0.100309E+05 -0.893111E+03
  0.700   2.620  -0.840169E+04 -0.745286E+03
  0.700   2.620  -0.651656E+04 -0.573983E+03
  0.700   2.620  -0.443280E+04 -0.384498E+03
  0.700   2.620  -0.221389E+04 -0.182777E+03
  0.700   2.620   0.724311E+02  0.248002E+02
  0.700   2.620   0.235638E+04  0.231649E+03
  0.700   2.620   0.456828E+04  0.431232E+03
  0.700   2.620   0.664079E+04  0.617303E+03
  0.700   2.620   0.851100E+04  0.784128E+03
  0.700   2.620   0.101223E+05  0.926673E+03
  0.700   2.620   0.114260E+05  0.104074E+04
  0.700   2.620   0.123830E+05  0.112308E+04
  0.700   2.620   0.129642E+05  0.117143E+04
  0.700   2.620   0.131523E+05  0.118455E+04
  0.700   2.620   0.129415E+05  0.116222E+04
  0.700   2.620   0.123378E+05  0.110525E+04
  0.700   2.620   0.113593E+05  0.101540E+04
  0.700   2.620   0.100354E+05  0.895357E+03
  0.700   2.620   0.840607E+04  0.748691E+03
  0.700   2.620   0.652061E+04  0.579742E+03
  0.700   2.620   0.443639E+04  0.393526E+03
  0.700   2.620   0.221695E+04  0.195595E+03
  0.700   2.620  -0.699123E+02 -0.812108E+01
  0.700   2.620  -0.235434E+04 -0.211500E+03
  0.700   2.620  -0.456662E+04 -0.408422E+03
  0.700   2.620  -0.663935E+04 -0.592965E+03
  0.700   2.620  -0.850958E+04 -0.759584E+03
  0.700   2.620  -0.101207E+05 -0.903275E+03
  0.700   2.620  -0.114241E+05 -0.101971E+04
  0.700   2.620  -0.123806E+05 -0.110533E+04
  0.700   2.620  -0.129613E+05 -0.115750E+04
  0.800   2.801  -0.141220E+05 -0.158494E+04
  0.800   2.801  -0.138959E+05 -0.155946E+04
  0.800   2.801  -0.132482E+05 -0.148635E+04
  0.800   2.801  -0.121982E+05 -0.136753E+04
  0.800   2.801  -0.107773E+05 -0.120633E+04
  0.800   2.801  -0.902821E+04 -0.100744E+04
  0.800   2.801  -0.700396E+04 -0.776860E+03
  0.800   2.801  -0.476605E+04 -0.521679E+03
  0.800   2.801  -0.238271E+04 -0.249909E+03
  0.800   2.801   0.732236E+02  0.298242E+02
  0.800   2.801   0.252668E+04  0.308599E+03
  0.800   2.801   0.490272E+04  0.577559E+03
  0.800   2.801   0.712899E+04  0.828256E+03
  0.800   2.801   0.913790E+04  0.105297E+04
  0.800   2.801   0.108687E+05  0.124493E+04
  0.800   2.801   0.122693E+05  0.139856E+04
  0.800   2.801   0.132976E+05  0.150952E+04
  0.800   2.801   0.139227E+05  0.157480E+04
  0.800   2.801   0.141257E+05  0.159276E+04
  0.800   2.801   0.139005E+05  0.156307E+04
  0.800   2.801   0.132534E+05  0.148675E+04
  0.800   2.801   0.122037E+05  0.136610E+04
  0.800   2.801   0.107828E+05  0.120465E+04
  0.800   2.801   0.903351E+04  0.100714E+04
  0.800   2.801   0.700872E+04  0.779381E+03
  0.800   2.801   0.477005E+04  0.528127E+03
  0.800   2.801   0.238584E+04  0.260922E+03
  0.800   2.801  -0.709834E+02 -0.141493E+02
  0.800   2.801  -0.252524E+04 -0.288722E+03
  0.800   2.801  -0.490191E+04 -0.554444E+03
  0.800   2.801  -0.712853E+04 -0.803264E+03
  0.800   2.801  -0.913750E+04 -0.102769E+04
  0.800   2.801  -0.108681E+05 -0.122101E+04
  0.800   2.801  -0.122681E+05 -0.137747E+04
  0.800   2.801  -0.132956E+05 -0.149239E+04
  0.800   2.801  -0.139198E+05 -0.156229E+04
  0.900   2.971  -0.147666E+05 -0.193559E+04
  0.900   2.971  -0.145313E+05 -0.190462E+04
  0.900   2.971  -0.138552E+05 -0.181573E+04
  0.900   2.971  -0.127585E+05 -0.167117E+04
  0.900   2.971  -0.112738E+05 -0.147488E+04
  0.900   2.971  -0.944568E+04 -0.123250E+04
  0.900   2.971  -0.732952E+04 -0.951224E+03
  0.900   2.971  -0.498958E+04 -0.639689E+03
  0.900   2.971  -0.249727E+04 -0.307701E+03
  0.900   2.971   0.711540E+02  0.341226E+02
  0.900   2.971   0.263708E+04  0.374771E+03
  0.900   2.971   0.512207E+04  0.703318E+03
  0.900   2.971   0.745037E+04  0.100938E+04
  0.900   2.971   0.955136E+04  0.128350E+04
  0.900   2.971   0.113616E+05  0.151751E+04
  0.900   2.971   0.128266E+05  0.170468E+04
  0.900   2.971   0.139026E+05  0.183983E+04
  0.900   2.971   0.145572E+05  0.191942E+04
  0.900   2.971   0.147708E+05  0.194147E+04
  0.900   2.971   0.145367E+05  0.190560E+04
  0.900   2.971   0.138616E+05  0.181298E+04
  0.900   2.971   0.127654E+05  0.166631E+04
  0.900   2.971   0.112807E+05  0.146978E+04
  0.900   2.971   0.945221E+04  0.122903E+04
  0.900   2.971   0.733522E+04  0.951068E+03
  0.900   2.971   0.499415E+04  0.644125E+03
  0.900   2.971   0.250052E+04  0.317462E+03
  0.900   2.971  -0.692579E+02 -0.189303E+02
  0.900   2.971  -0.263640E+04 -0.354689E+03
  0.900   2.971  -0.512232E+04 -0.679475E+03
  0.900   2.971  -0.745117E+04 -0.983361E+03
  0.900   2.971  -0.955223E+04 -0.125718E+04
  0.900   2.971  -0.113621E+05 -0.149280E+04
  0.900   2.971  -0.128263E+05 -0.168329E+04
  0.900   2.971  -0.139011E+05 -0.182308E+04
  0.900   2.971  -0.145544E+05 -0.190806E+04
  1.000   3.132  -0.151101E+05 -0.216575E+04
  1.000   3.132  -0.148704E+05 -0.213144E+04
  1.000   3.132  -0.141799E+05 -0.203262E+04
  1.000   3.132  -0.130588E+05 -0.187166E+04
  1.000   3.132  -0.115407E+05 -0.165279E+04
  1.000   3.132  -0.967088E+04 -0.138211E+04
  1.000   3.132  -0.750602E+04 -0.106756E+04
  1.000   3.132  -0.511186E+04 -0.718744E+03
  1.000   3.132  -0.256152E+04 -0.346699E+03
  1.000   3.132   0.669144E+02  0.365377E+02
  1.000   3.132   0.269289E+04  0.418439E+03
  1.000   3.132   0.523608E+04  0.786573E+03
  1.000   3.132   0.761893E+04  0.112919E+04
  1.000   3.132   0.976919E+04  0.143569E+04
  1.000   3.132   0.116220E+05  0.169699E+04
  1.000   3.132   0.131218E+05  0.190575E+04
  1.000   3.132   0.142237E+05  0.205638E+04
  1.000   3.132   0.148947E+05  0.214506E+04
  1.000   3.132   0.151147E+05  0.216972E+04
  1.000   3.132   0.148768E+05  0.212994E+04
  1.000   3.132   0.141875E+05  0.202696E+04
  1.000   3.132   0.130672E+05  0.186365E+04
  1.000   3.132   0.115491E+05  0.164451E+04
  1.000   3.132   0.967876E+04  0.137566E+04
  1.000   3.132   0.751275E+04  0.106480E+04
  1.000   3.132   0.511702E+04  0.721100E+03
  1.000   3.132   0.256484E+04  0.354990E+03
  1.000   3.132  -0.654651E+02 -0.221915E+02
  1.000   3.132  -0.269313E+04 -0.398634E+03
  1.000   3.132  -0.523761E+04 -0.762562E+03
  1.000   3.132  -0.762122E+04 -0.110274E+04
  1.000   3.132  -0.977159E+04 -0.140888E+04
  1.000   3.132  -0.116239E+05 -0.167198E+04
  1.000   3.132  -0.131225E+05 -0.188445E+04
  1.000   3.132  -0.142228E+05 -0.204026E+04
  1.000   3.132  -0.148920E+05 -0.213497E+04
  1.100   3.284  -0.152034E+05 -0.223814E+04
  1.100   3.284  -0.149634E+05 -0.220321E+04
  1.100   3.284  -0.142697E+05 -0.210198E+04
  1.100   3.284  -0.131428E+05 -0.193667E+04
  1.100   3.284  -0.116161E+05 -0.171140E+04
  1.100   3.284  -0.973556E+04 -0.143221E+04
  1.100   3.284  -0.755784E+04 -0.110711E+04
  1.100   3.284  -0.514919E+04 -0.745993E+03
  1.100   3.284  -0.258320E+04 -0.360348E+03
  1.100   3.284   0.615112E+02  0.371306E+02
  1.100   3.284   0.270386E+04  0.433169E+03
  1.100   3.284   0.526296E+04  0.814606E+03
  1.100   3.284   0.766082E+04  0.116908E+04
  1.100   3.284   0.982476E+04  0.148560E+04
  1.100   3.284   0.116896E+05  0.175490E+04
  1.100   3.284   0.131994E+05  0.196963E+04
  1.100   3.284   0.143092E+05  0.212430E+04
  1.100   3.284   0.149857E+05  0.221526E+04
  1.100   3.284   0.152086E+05  0.224051E+04
  1.100   3.284   0.149707E+05  0.219968E+04
  1.100   3.284   0.142787E+05  0.209396E+04
  1.100   3.284   0.131527E+05  0.192613E+04
  1.100   3.284   0.116262E+05  0.170058E+04
  1.100   3.284   0.974490E+04  0.142337E+04
  1.100   3.284   0.756570E+04  0.110226E+04
  1.100   3.284   0.515499E+04  0.746655E+03
  1.100   3.284   0.258660E+04  0.367406E+03
  1.100   3.284  -0.605511E+02 -0.235450E+02
  1.100   3.284  -0.270510E+04 -0.413694E+03
  1.100   3.284  -0.526591E+04 -0.790587E+03
  1.100   3.284  -0.766476E+04 -0.114243E+04
  1.100   3.284  -0.982884E+04 -0.145856E+04
  1.100   3.284  -0.116929E+05 -0.172979E+04
  1.100   3.284  -0.132013E+05 -0.194853E+04
  1.100   3.284  -0.143090E+05 -0.210881E+04
  1.100   3.284  -0.149831E+05 -0.220628E+04
  1.200   3.430  -0.151040E+05 -0.214110E+04
  1.200   3.430  -0.148664E+05 -0.210838E+04
  1.200   3.430  -0.141782E+05 -0.201270E+04
  1.200   3.430  -0.130595E+05 -0.185588E+04
  1.200   3.430  -0.115435E+05 -0.164151E+04
  1.200   3.430  -0.967578E+04 -0.137501E+04
  1.200   3.430  -0.751277E+04 -0.106379E+04
  1.200   3.430  -0.512027E+04 -0.717233E+03
  1.200   3.430  -0.257138E+04 -0.346490E+03
  1.200   3.430   0.557832E+02  0.359391E+02
  1.200   3.430   0.268068E+04  0.416884E+03
  1.200   3.430   0.522299E+04  0.783298E+03
  1.200   3.430   0.760528E+04  0.112305E+04
  1.200   3.430   0.975539E+04  0.142556E+04
  1.200   3.430   0.116086E+05  0.168213E+04
  1.200   3.430   0.131095E+05  0.188606E+04
  1.200   3.430   0.142132E+05  0.203253E+04
  1.200   3.430   0.148866E+05  0.211841E+04
  1.200   3.430   0.151095E+05  0.214205E+04
  1.200   3.430   0.148747E+05  0.210316E+04
  1.200   3.430   0.141886E+05  0.200279E+04
  1.200   3.430   0.130710E+05  0.184334E+04
  1.200   3.430   0.115552E+05  0.162868E+04
  1.200   3.430   0.968659E+04  0.136425E+04
  1.200   3.430   0.752175E+04  0.105719E+04
  1.200   3.430   0.512671E+04  0.716389E+03
  1.200   3.430   0.257487E+04  0.352319E+03
  1.200   3.430  -0.553124E+02 -0.232951E+02
  1.200   3.430  -0.268293E+04 -0.398081E+03
  1.200   3.430  -0.522736E+04 -0.759731E+03
  1.200   3.430  -0.761088E+04 -0.109671E+04
  1.200   3.430  -0.976118E+04 -0.139879E+04
  1.200   3.430  -0.116135E+05 -0.165736E+04
  1.200   3.430  -0.131125E+05 -0.186549E+04
  1.200   3.430  -0.142137E+05 -0.201784E+04
  1.200   3.430  -0.148841E+05 -0.211054E+04
  1.300   3.571  -0.148637E+05 -0.188406E+04
  1.300   3.571  -0.146307E+05 -0.185615E+04
  1.300   3.571  -0.139540E+05 -0.177342E+04
  1.300   3.571  -0.128535E+05 -0.163712E+04
  1.300   3.571  -0.113621E+05 -0.144989E+04
  1.300   3.571  -0.952443E+04 -0.121603E+04
  1.300   3.571  -0.739622E+04 -0.941709E+03
  1.300   3.571  -0.504226E+04 -0.635093E+03
  1.300   3.571  -0.253448E+04 -0.306212E+03
  1.300   3.571   0.502796E+02  0.334395E+02
  1.300   3.571   0.263288E+04  0.371610E+03
  1.300   3.571   0.513439E+04  0.696184E+03
  1.300   3.571   0.747869E+04  0.996061E+03
  1.300   3.571   0.959485E+04  0.126182E+04
  1.300   3.571   0.114192E+05  0.148607E+04
  1.300   3.571   0.128972E+05  0.166337E+04
  1.300   3.571   0.139846E+05  0.179008E+04
  1.300   3.571   0.146488E+05  0.186394E+04
  1.300   3.571   0.148696E+05  0.188383E+04
  1.300   3.571   0.146398E+05  0.184964E+04
  1.300   3.571   0.139656E+05  0.176216E+04
  1.300   3.571   0.128666E+05  0.162319E+04
  1.300   3.571   0.113753E+05  0.143567E+04
  1.300   3.571   0.953662E+04  0.120391E+04
  1.300   3.571   0.740625E+04  0.933820E+03
  1.300   3.571   0.504929E+04  0.633038E+03
  1.300   3.571   0.253804E+04  0.310919E+03
  1.300   3.571  -0.502842E+02 -0.218217E+02
  1.300   3.571  -0.263610E+04 -0.353734E+03
  1.300   3.571  -0.514011E+04 -0.673451E+03
  1.300   3.571  -0.748588E+04 -0.970481E+03
  1.300   3.571  -0.960228E+04 -0.123579E+04
  1.300   3.571  -0.114256E+05 -0.146206E+04
  1.300   3.571  -0.129014E+05 -0.164363E+04
  1.300   3.571  -0.139858E+05 -0.177632E+04
  1.300   3.571  -0.146465E+05 -0.185712E+04
  1.400   3.705  -0.145242E+05 -0.148987E+04
  1.400   3.705  -0.142971E+05 -0.146890E+04
  1.400   3.705  -0.136362E+05 -0.140541E+04
  1.400   3.705  -0.125610E+05 -0.129983E+04
  1.400   3.705  -0.111037E+05 -0.115359E+04
  1.400   3.705  -0.930807E+04 -0.969414E+03
  1.400   3.705  -0.722875E+04 -0.751709E+03
  1.400   3.705  -0.492911E+04 -0.506783E+03
  1.400   3.705  -0.247944E+04 -0.242871E+03
  1.400   3.705   0.453080E+02  0.302276E+02
  1.400   3.705   0.256798E+04  0.301880E+03
  1.400   3.705   0.501167E+04  0.561597E+03
  1.400   3.705   0.730214E+04  0.799996E+03
  1.400   3.705   0.937018E+04  0.100949E+04
  1.400   3.705   0.111536E+05  0.118458E+04
  1.400   3.705   0.125989E+05  0.132166E+04
  1.400   3.705   0.136629E+05  0.141864E+04
  1.400   3.705   0.143134E+05  0.147448E+04
  1.400   3.705   0.145306E+05  0.148877E+04
  1.400   3.705   0.143071E+05  0.146158E+04
  1.400   3.705   0.136491E+05  0.139339E+04
  1.400   3.705   0.125755E+05  0.128519E+04
  1.400   3.705   0.111183E+05  0.113869E+04
  1.400   3.705   0.932150E+04  0.956631E+03
  1.400   3.705   0.723974E+04  0.743123E+03
  1.400   3.705   0.493670E+04  0.503973E+03
  1.400   3.705   0.248308E+04  0.246746E+03
  1.400   3.705  -0.457177E+02 -0.195198E+02
  1.400   3.705  -0.257206E+04 -0.284977E+03
  1.400   3.705  -0.501859E+04 -0.539876E+03
  1.400   3.705  -0.731074E+04 -0.775443E+03
  1.400   3.705  -0.937906E+04 -0.984485E+03
  1.400   3.705  -0.111613E+05 -0.116158E+04
  1.400   3.705  -0.126042E+05 -0.130291E+04
  1.400   3.705  -0.136647E+05 -0.140585E+04
  1.400   3.705  -0.143112E+05 -0.146859E+04
  1.500   3.835  -0.141139E+05 -0.988315E+03
  1.500   3.835  -0.138936E+05 -0.975879E+03
  1.500   3.835  -0.132515E+05 -0.936408E+03
  1.500   3.835  -0.122065E+05 -0.869426E+03
  1.500   3.835  -0.107900E+05 -0.774911E+03
  1.500   3.835  -0.904499E+04 -0.653723E+03
  1.500   3.835  -0.702459E+04 -0.508075E+03
  1.500   3.835  -0.479055E+04 -0.341947E+03
  1.500   3.835  -0.241115E+04 -0.161238E+03
  1.500   3.835   0.409553E+02  0.265200E+02
  1.500   3.835   0.249106E+04  0.212893E+03
  1.500   3.835   0.486470E+04  0.389596E+03
  1.500   3.835   0.708998E+04  0.549525E+03
  1.500   3.835   0.909972E+04  0.687463E+03
  1.500   3.835   0.108335E+05  0.800267E+03
  1.500   3.835   0.122392E+05  0.886560E+03
  1.500   3.835   0.132745E+05  0.946134E+03
  1.500   3.835   0.139081E+05  0.979327E+03
  1.500   3.835   0.141204E+05  0.986567E+03
  1.500   3.835   0.139042E+05  0.968136E+03
  1.500   3.835   0.132651E+05  0.924144E+03
  1.500   3.835   0.122219E+05  0.854646E+03
  1.500   3.835   0.108057E+05  0.759897E+03
  1.500   3.835   0.905932E+04  0.640747E+03
  1.500   3.835   0.703626E+04  0.499133E+03
  1.500   3.835   0.479852E+04  0.338545E+03
  1.500   3.835   0.241482E+04  0.164243E+03
  1.500   3.835  -0.416964E+02 -0.169565E+02
  1.500   3.835  -0.249580E+04 -0.197366E+03
  1.500   3.835  -0.487257E+04 -0.369407E+03
  1.500   3.835  -0.709969E+04 -0.526575E+03
  1.500   3.835  -0.910975E+04 -0.664042E+03
  1.500   3.835  -0.108422E+05 -0.778769E+03
  1.500   3.835  -0.122453E+05 -0.869154E+03
  1.500   3.835  -0.132768E+05 -0.934473E+03
  1.500   3.835  -0.139061E+05 -0.974330E+03
  1.600   3.961  -0.136516E+05 -0.407917E+03
  1.600   3.961  -0.134389E+05 -0.405161E+03
  1.600   3.961  -0.128176E+05 -0.393194E+03
  1.600   3.961  -0.118063E+05 -0.370541E+03
  1.600   3.961  -0.104355E+05 -0.335593E+03
  1.600   3.961  -0.874720E+04 -0.287101E+03
  1.600   3.961  -0.679304E+04 -0.224796E+03
  1.600   3.961  -0.463292E+04 -0.149969E+03
  1.600   3.961  -0.233284E+04 -0.657889E+02
  1.600   3.961   0.371689E+02  0.228834E+02
  1.600   3.961   0.240524E+04  0.110226E+03
  1.600   3.961   0.469976E+04  0.190570E+03
  1.600   3.961   0.685147E+04  0.259503E+03
  1.600   3.961   0.879551E+04  0.314573E+03
  1.600   3.961   0.104733E+05  0.355375E+03
  1.600   3.961   0.118343E+05  0.383052E+03
  1.600   3.961   0.128374E+05  0.399505E+03
  1.600   3.961   0.134518E+05  0.406616E+03
  1.600   3.961   0.136583E+05  0.405708E+03
  1.600   3.961   0.134499E+05  0.397299E+03
  1.600   3.961   0.128318E+05  0.381087E+03
  1.600   3.961   0.118223E+05  0.356097E+03
  1.600   3.961   0.104518E+05  0.320970E+03
  1.600   3.961   0.876213E+04  0.274439E+03
  1.600   3.961   0.680516E+04  0.215961E+03
  1.600   3.961   0.464114E+04  0.146359E+03
  1.600   3.961   0.233652E+04  0.682060E+02
  1.600   3.961  -0.381508E+02 -0.142987E+02
  1.600   3.961  -0.241046E+04 -0.960214E+02
  1.600   3.961  -0.470829E+04 -0.171959E+03
  1.600   3.961  -0.686197E+04 -0.238273E+03
  1.600   3.961  -0.880635E+04 -0.292895E+03
  1.600   3.961  -0.104828E+05 -0.335527E+03
  1.600   3.961  -0.118410E+05 -0.367099E+03
  1.600   3.961  -0.128401E+05 -0.389013E+03
  1.600   3.961  -0.134499E+05 -0.402445E+03
  1.700   4.083  -0.131501E+05  0.224734E+03
  1.700   4.083  -0.129454E+05  0.217165E+03
  1.700   4.083  -0.123466E+05  0.199439E+03
  1.700   4.083  -0.113716E+05  0.174053E+03
  1.700   4.083  -0.100502E+05  0.144281E+03
  1.700   4.083  -0.842324E+04  0.113617E+03
  1.700   4.083  -0.654082E+04  0.850219E+02
  1.700   4.083  -0.446086E+04  0.601534E+02
  1.700   4.083  -0.224690E+04  0.388639E+02
  1.700   4.083   0.339175E+02  0.192571E+02
  1.700   4.083   0.231285E+04 -0.159140E+01
  1.700   4.083   0.452139E+04 -0.264591E+02
  1.700   4.083   0.659318E+04 -0.567992E+02
  1.700   4.083   0.846586E+04 -0.920412E+02
  1.700   4.083   0.100829E+05 -0.129627E+03
  1.700   4.083   0.113954E+05 -0.165701E+03
  1.700   4.083   0.123633E+05 -0.196119E+03
  1.700   4.083   0.129566E+05 -0.217377E+03
  1.700   4.083   0.131567E+05 -0.227214E+03
  1.700   4.083   0.129564E+05 -0.224860E+03
  1.700   4.083   0.123609E+05 -0.211031E+03
  1.700   4.083   0.113878E+05 -0.187768E+03
  1.700   4.083   0.100667E+05 -0.158121E+03
  1.700   4.083   0.843830E+04 -0.125613E+03
  1.700   4.083   0.655303E+04 -0.934718E+02
  1.700   4.083   0.446911E+04 -0.637953E+02
  1.700   4.083   0.225053E+04 -0.369759E+02
  1.700   4.083  -0.350366E+02 -0.117089E+02
  1.700   4.083  -0.231829E+04  0.143147E+02
  1.700   4.083  -0.453022E+04  0.432621E+02
  1.700   4.083  -0.660403E+04  0.760453E+02
  1.700   4.083  -0.847708E+04  0.111719E+03
  1.700   4.083  -0.100928E+05  0.147612E+03
  1.700   4.083  -0.114024E+05  0.180064E+03
  1.700   4.083  -0.123662E+05  0.205407E+03
  1.700   4.083  -0.129548E+05  0.220801E+03
  1.800   4.201  -0.126148E+05  0.885263E+03
  1.800   4.201  -0.124187E+05  0.867040E+03
  1.800   4.201  -0.118436E+05  0.818530E+03
  1.800   4.201  -0.109072E+05  0.743244E+03
  1.800   4.201  -0.963834E+04  0.646128E+03
  1.800   4.201  -0.807662E+04  0.532961E+03
  1.800   4.201  -0.627064E+04  0.409484E+03
  1.800   4.201  -0.427623E+04  0.280436E+03
  1.800   4.201  -0.215430E+04  0.148842E+03
  1.800   4.201   0.311274E+02  0.159352E+02
  1.800   4.201   0.221469E+04 -0.118146E+03
  1.800   4.201   0.433130E+04 -0.253116E+03
  1.800   4.201   0.631771E+04 -0.387294E+03
  1.800   4.201   0.811421E+04 -0.516919E+03
  1.800   4.201   0.966644E+04 -0.636325E+03
  1.800   4.201   0.109271E+05 -0.738847E+03
  1.800   4.201   0.118574E+05 -0.818052E+03
  1.800   4.201   0.124282E+05 -0.868810E+03
  1.800   4.201   0.126212E+05 -0.887942E+03
  1.800   4.201   0.124293E+05 -0.874443E+03
  1.800   4.201   0.118575E+05 -0.829445E+03
  1.800   4.201   0.109229E+05 -0.756047E+03
  1.800   4.201   0.965436E+04 -0.659000E+03
  1.800   4.201   0.809128E+04 -0.544126E+03
  1.800   4.201   0.628253E+04 -0.417424E+03
  1.800   4.201   0.428424E+04 -0.284039E+03
  1.800   4.201   0.215780E+04 -0.147474E+03
  1.800   4.201  -0.322743E+02 -0.947501E+01
  1.800   4.201  -0.222009E+04  0.129285E+03
  1.800   4.201  -0.434004E+04  0.267973E+03
  1.800   4.201  -0.632845E+04  0.404403E+03
  1.800   4.201  -0.812535E+04  0.534448E+03
  1.800   4.201  -0.967630E+04  0.652319E+03
  1.800   4.201  -0.109341E+05  0.751529E+03
  1.800   4.201  -0.118604E+05  0.826092E+03
  1.800   4.201  -0.124266E+05  0.871500E+03
  1.900   4.317  -0.120498E+05  0.155449E+04
  1.900   4.317  -0.118626E+05  0.152558E+04
  1.900   4.317  -0.113126E+05  0.144609E+04
  1.900   4.317  -0.104167E+05  0.132048E+04
  1.900   4.317  -0.920308E+04  0.115533E+04
  1.900   4.317  -0.771012E+04  0.958684E+03
  1.900   4.317  -0.598479E+04  0.739082E+03
  1.900   4.317  -0.408070E+04  0.504396E+03
  1.900   4.317  -0.205601E+04  0.260894E+03
  1.900   4.317   0.285877E+02  0.130082E+02
  1.900   4.317   0.211137E+04 -0.235995E+03
  1.900   4.317   0.413087E+04 -0.482705E+03
  1.900   4.317   0.602716E+04 -0.722235E+03
  1.900   4.317   0.774330E+04 -0.947561E+03
  1.900   4.317   0.922717E+04 -0.114985E+04
  1.900   4.317   0.104332E+05 -0.131960E+04
  1.900   4.317   0.113237E+05 -0.144812E+04
  1.900   4.317   0.118706E+05 -0.152868E+04
  1.900   4.317   0.120559E+05 -0.155725E+04
  1.900   4.317   0.118727E+05 -0.153258E+04
  1.900   4.317   0.113258E+05 -0.145622E+04
  1.900   4.317   0.104317E+05 -0.133227E+04
  1.900   4.317   0.921833E+04 -0.116713E+04
  1.900   4.317   0.772408E+04 -0.968895E+03
  1.900   4.317   0.599609E+04 -0.746369E+03
  1.900   4.317   0.408833E+04 -0.507795E+03
  1.900   4.317   0.205935E+04 -0.259864E+03
  1.900   4.317  -0.296643E+02 -0.743984E+01
  1.900   4.317  -0.211649E+04  0.245757E+03
  1.900   4.317  -0.413919E+04  0.495830E+03
  1.900   4.317  -0.603740E+04  0.737420E+03
  1.900   4.317  -0.775394E+04  0.963146E+03
  1.900   4.317  -0.923658E+04  0.116404E+04
  1.900   4.317  -0.104399E+05  0.133078E+04
  1.900   4.317  -0.113266E+05  0.145507E+04
  1.900   4.317  -0.118691E+05  0.153078E+04
  2.000   4.429  -0.114577E+05  0.221659E+04
  2.000   4.429  -0.112796E+05  0.217722E+04
  2.000   4.429  -0.107557E+05  0.206730E+04
  2.000   4.429  -0.990212E+04  0.189219E+04
  2.000   4.429  -0.874626E+04  0.165997E+04
  2.000   4.429  -0.732523E+04  0.138087E+04
  2.000   4.429  -0.568433E+04  0.106617E+04
  2.000   4.429  -0.387497E+04  0.726850E+03
  2.000   4.429  -0.195236E+04  0.372426E+03
  2.000   4.429   0.263125E+02  0.105285E+02
  2.000   4.429   0.200322E+04 -0.352455E+03
  2.000   4.429   0.392078E+04 -0.709985E+03
  2.000   4.429   0.572255E+04 -0.105396E+04
  2.000   4.429   0.735452E+04 -0.137409E+04
  2.000   4.429   0.876682E+04 -0.165837E+04
  2.000   4.429   0.991557E+04 -0.189451E+04
  2.000   4.429   0.107645E+05 -0.207164E+04
  2.000   4.429   0.112863E+05 -0.218156E+04
  2.000   4.429   0.114634E+05 -0.221945E+04
  2.000   4.429   0.112891E+05 -0.218388E+04
  2.000   4.429   0.107681E+05 -0.207675E+04
  2.000   4.429   0.991615E+04 -0.190308E+04
  2.000   4.429   0.876051E+04 -0.167080E+04
  2.000   4.429   0.733826E+04 -0.139022E+04
  2.000   4.429   0.569489E+04 -0.107285E+04
  2.000   4.429   0.388211E+04 -0.730036E+03
  2.000   4.429   0.195552E+04 -0.371662E+03
  2.000   4.429  -0.272457E+02 -0.571984E+01
  2.000   4.429  -0.200791E+04  0.361020E+03
  2.000   4.429  -0.392845E+04  0.721590E+03
  2.000   4.429  -0.573203E+04  0.106745E+04
  2.000   4.429  -0.736437E+04  0.138794E+04
  2.000   4.429  -0.877553E+04  0.167094E+04
  2.000   4.429  -0.992177E+04  0.190431E+04
  2.000   4.429  -0.107672E+05  0.207758E+04
  2.000   4.429  -0.112848E+05  0.218309E+04
  2.100   4.538  -0.108396E+05  0.285826E+04
  2.100   4.538  -0.106711E+05  0.280885E+04
  2.100   4.538  -0.101744E+05  0.266970E+04
  2.100   4.538  -0.936499E+04  0.244691E+04
  2.100   4.538  -0.826938E+04  0.214993E+04
  2.100   4.538  -0.692337E+04  0.179102E+04
  2.100   4.538  -0.537057E+04  0.138411E+04
  2.100   4.538  -0.366003E+04  0.943214E+03
  2.100   4.538  -0.184396E+04  0.481048E+03
  2.100   4.538   0.241427E+02  0.837981E+01
  2.100   4.538   0.189056E+04 -0.465347E+03
  2.100   4.538   0.370176E+04 -0.930536E+03
  2.100   4.538   0.540496E+04 -0.137593E+04
  2.100   4.538   0.694913E+04 -0.178802E+04
  2.100   4.538   0.828673E+04 -0.215170E+04
  2.100   4.538   0.937568E+04 -0.245201E+04
  2.100   4.538   0.101810E+05 -0.267603E+04
  2.100   4.538   0.106764E+05 -0.281424E+04
  2.100   4.538   0.108448E+05 -0.286113E+04
  2.100   4.538   0.106798E+05 -0.281514E+04
  2.100   4.538   0.101856E+05 -0.267847E+04
  2.100   4.538   0.937776E+04 -0.245693E+04
  2.100   4.538   0.828233E+04 -0.215985E+04
  2.100   4.538   0.693523E+04 -0.179956E+04
  2.100   4.538   0.538018E+04 -0.139024E+04
  2.100   4.538   0.366656E+04 -0.946236E+03
  2.100   4.538   0.184690E+04 -0.480580E+03
  2.100   4.538  -0.249131E+02 -0.433468E+01
  2.100   4.538  -0.189474E+04  0.472748E+03
  2.100   4.538  -0.370866E+04  0.940696E+03
  2.100   4.538  -0.541352E+04  0.138783E+04
  2.100   4.538  -0.695804E+04  0.180029E+04
  2.100   4.538  -0.829461E+04  0.216282E+04
  2.100   4.538  -0.938128E+04  0.246062E+04
  2.100   4.538  -0.101834E+05  0.268112E+04
  2.100   4.538  -0.106750E+05  0.281532E+04
  2.200   4.645  -0.101978E+05  0.346899E+04
  2.200   4.645  -0.100392E+05  0.341016E+04
  2.200   4.645  -0.957064E+04  0.324347E+04
  2.200   4.645  -0.880721E+04  0.297564E+04
  2.200   4.645  -0.777421E+04  0.261730E+04
  2.200   4.645  -0.650614E+04  0.218255E+04
  2.200   4.645  -0.504478E+04  0.168782E+04
  2.200   4.645  -0.343681E+04  0.115006E+04
  2.200   4.645  -0.173132E+04  0.585063E+03
  2.200   4.645   0.220487E+02  0.664259E+01
  2.200   4.645   0.177382E+04 -0.572826E+03
  2.200   4.645   0.347470E+04 -0.114081E+04
  2.200   4.645   0.507567E+04 -0.168299E+04
  2.200   4.645   0.652874E+04 -0.218273E+04
  2.200   4.645   0.778877E+04 -0.262196E+04
  2.200   4.645   0.881550E+04 -0.298317E+04
  2.200   4.645   0.957544E+04 -0.325156E+04
  2.200   4.645   0.100432E+05 -0.341648E+04
  2.200   4.645   0.102025E+05 -0.347189E+04
  2.200   4.645   0.100470E+05 -0.341613E+04
  2.200   4.645   0.958074E+04 -0.325165E+04
  2.200   4.645   0.881862E+04 -0.298490E+04
  2.200   4.645   0.778579E+04 -0.262641E+04
  2.200   4.645   0.651672E+04 -0.219036E+04
  2.200   4.645   0.505338E+04 -0.169343E+04
  2.200   4.645   0.344268E+04 -0.115288E+04
  2.200   4.645   0.173401E+04 -0.584802E+03
  2.200   4.645  -0.226288E+02 -0.321418E+01
  2.200   4.645  -0.177743E+04  0.579258E+03
  2.200   4.645  -0.348074E+04  0.114975E+04
  2.200   4.645  -0.508321E+04  0.169355E+04
  2.200   4.645  -0.653662E+04  0.219365E+04
  2.200   4.645  -0.779574E+04  0.263183E+04
  2.200   4.645  -0.882044E+04  0.299072E+04
  2.200   4.645  -0.957748E+04  0.325588E+04
  2.200   4.645  -0.100419E+05  0.341716E+04
  2.300   4.749  -0.953257E+04  0.404011E+04
  2.300   4.749  -0.938424E+04  0.397264E+04
  2.300   4.749  -0.894507E+04  0.378052E+04
  2.300   4.749  -0.822941E+04  0.347093E+04
  2.300   4.749  -0.726145E+04  0.305546E+04
  2.300   4.749  -0.607420E+04  0.254988E+04
  2.300   4.749  -0.470757E+04  0.197293E+04
  2.300   4.749  -0.320578E+04  0.134436E+04
  2.300   4.749  -0.161470E+04  0.682925E+03
  2.300   4.749   0.199517E+02  0.530355E+01
  2.300   4.749   0.165312E+04 -0.673365E+03
  2.300   4.749   0.323989E+04 -0.133778E+04
  2.300   4.749   0.473507E+04 -0.197074E+04
  2.300   4.749   0.609382E+04 -0.255261E+04
  2.300   4.749   0.727341E+04 -0.306247E+04
  2.300   4.749   0.823549E+04 -0.348045E+04
  2.300   4.749   0.894808E+04 -0.379007E+04
  2.300   4.749   0.938698E+04 -0.397974E+04
  2.300   4.749   0.953666E+04 -0.404304E+04
  2.300   4.749   0.939099E+04 -0.397828E+04
  2.300   4.749   0.895385E+04 -0.378807E+04
  2.300   4.749   0.823933E+04 -0.347937E+04
  2.300   4.749   0.727150E+04 -0.306369E+04
  2.300   4.749   0.608339E+04 -0.255688E+04
  2.300   4.749   0.471503E+04 -0.197792E+04
  2.300   4.749   0.321089E+04 -0.134687E+04
  2.300   4.749   0.161709E+04 -0.682722E+03
  2.300   4.749  -0.203763E+02 -0.231691E+01
  2.300   4.749  -0.165617E+04  0.679016E+03
  2.300   4.749  -0.324507E+04  0.134569E+04
  2.300   4.749  -0.474160E+04  0.198010E+04
  2.300   4.749  -0.610069E+04  0.256228E+04
  2.300   4.749  -0.727952E+04  0.307114E+04
  2.300   4.749  -0.823984E+04  0.348694E+04
  2.300   4.749  -0.894992E+04  0.379360E+04
  2.300   4.749  -0.938588E+04  0.397999E+04
  2.400   4.851  -0.885171E+04  0.456778E+04
  2.400   4.851  -0.871378E+04  0.449241E+04
  2.400   4.851  -0.830471E+04  0.427710E+04
  2.400   4.851  -0.763802E+04  0.392930E+04
  2.400   4.851  -0.673668E+04  0.346134E+04
  2.400   4.851  -0.563216E+04  0.289040E+04
  2.400   4.851  -0.436244E+04  0.223734E+04
  2.400   4.851  -0.296927E+04  0.152458E+04
  2.400   4.851  -0.149527E+04  0.773673E+03
  2.400   4.851   0.179084E+02  0.402324E+01
  2.400   4.851   0.152977E+04 -0.766662E+03
  2.400   4.851   0.299992E+04 -0.152051E+04
  2.400   4.851   0.438710E+04 -0.223759E+04
  2.400   4.851   0.564953E+04 -0.289543E+04
  2.400   4.851   0.674687E+04 -0.347043E+04
  2.400   4.851   0.764270E+04 -0.394053E+04
  2.400   4.851   0.830665E+04 -0.428786E+04
  2.400   4.851   0.871578E+04 -0.450012E+04
  2.400   4.851   0.885542E+04 -0.457069E+04
  2.400   4.851   0.871977E+04 -0.449785E+04
  2.400   4.851   0.831242E+04 -0.428433E+04
  2.400   4.851   0.764669E+04 -0.393736E+04
  2.400   4.851   0.674545E+04 -0.346918E+04
  2.400   4.851   0.564017E+04 -0.289706E+04
  2.400   4.851   0.436897E+04 -0.224215E+04
  2.400   4.851   0.297378E+04 -0.152714E+04
  2.400   4.851   0.149747E+04 -0.773810E+03
  2.400   4.851  -0.181150E+02 -0.166577E+01
  2.400   4.851  -0.153223E+04  0.771461E+03
  2.400   4.851  -0.300423E+04  0.152745E+04
  2.400   4.851  -0.439258E+04  0.224598E+04
  2.400   4.851  -0.565530E+04  0.290421E+04
  2.400   4.851  -0.675198E+04  0.347834E+04
  2.400   4.851  -0.764628E+04  0.394645E+04
  2.400   4.851  -0.830804E+04  0.429102E+04
  2.400   4.851  -0.871463E+04  0.450020E+04
  2.500   4.951  -0.814738E+04  0.504366E+04
  2.500   4.951  -0.802033E+04  0.496131E+04
  2.500   4.951  -0.764285E+04  0.472529E+04
  2.500   4.951  -0.702745E+04  0.434319E+04
  2.500   4.951  -0.619560E+04  0.382791E+04
  2.500   4.951  -0.517696E+04  0.319789E+04
  2.500   4.951  -0.400740E+04  0.247601E+04
  2.500   4.951  -0.272611E+04  0.168718E+04
  2.500   4.951  -0.137246E+04  0.855568E+03
  2.500   4.951   0.159618E+02  0.300658E+01
  2.500   4.951   0.140325E+04 -0.850565E+03
  2.500   4.951   0.275351E+04 -0.168505E+04
  2.500   4.951   0.402940E+04 -0.247809E+04
  2.500   4.951   0.519226E+04 -0.320460E+04
  2.500   4.951   0.620420E+04 -0.383846E+04
  2.500   4.951   0.703088E+04 -0.435560E+04
  2.500   4.951   0.764380E+04 -0.473688E+04
  2.500   4.951   0.802158E+04 -0.496944E+04
  2.500   4.951   0.815062E+04 -0.504654E+04
  2.500   4.951   0.802550E+04 -0.496652E+04
  2.500   4.951   0.764947E+04 -0.473213E+04
  2.500   4.951   0.703487E+04 -0.435076E+04
  2.500   4.951   0.620309E+04 -0.383523E+04
  2.500   4.951   0.518379E+04 -0.320408E+04
  2.500   4.951   0.401298E+04 -0.248048E+04
  2.500   4.951   0.273002E+04 -0.168961E+04
  2.500   4.951   0.137444E+04 -0.855842E+03
  2.500   4.951  -0.159818E+02 -0.105758E+01
  2.500   4.951  -0.140517E+04  0.854735E+03
  2.500   4.951  -0.275702E+04  0.169122E+04
  2.500   4.951  -0.403393E+04  0.248566E+04
  2.500   4.951  -0.519707E+04  0.321258E+04
  2.500   4.951  -0.620846E+04  0.384565E+04
  2.500   4.951  -0.703383E+04  0.436092E+04
  2.500   4.951  -0.764489E+04  0.473961E+04
  2.500   4.951  -0.802051E+04  0.496931E+04
  2.600   5.049  -0.743193E+04  0.546603E+04
  2.600   5.049  -0.731587E+04  0.537766E+04
  2.600   5.049  -0.697062E+04  0.512355E+04
  2.600   5.049  -0.640755E+04  0.471130E+04
  2.600   5.049  -0.564651E+04  0.415417E+04
  2.600   5.049  -0.471523E+04  0.347167E+04
  2.600   5.049  -0.364742E+04  0.268852E+04
  2.600   5.049  -0.247970E+04  0.183194E+04
  2.600   5.049  -0.124814E+04  0.928495E+03
  2.600   5.049   0.137890E+02  0.220455E+01
  2.600   5.049   0.127485E+04 -0.925074E+03
  2.600   5.049   0.250374E+04 -0.183132E+04
  2.600   5.049   0.366698E+04 -0.269202E+04
  2.600   5.049   0.472895E+04 -0.347966E+04
  2.600   5.049   0.565416E+04 -0.416581E+04
  2.600   5.049   0.641038E+04 -0.472456E+04
  2.600   5.049   0.697111E+04 -0.513570E+04
  2.600   5.049   0.731670E+04 -0.538604E+04
  2.600   5.049   0.743474E+04 -0.546889E+04
  2.600   5.049   0.732028E+04 -0.538266E+04
  2.600   5.049   0.697623E+04 -0.513006E+04
  2.600   5.049   0.641381E+04 -0.471846E+04
  2.600   5.049   0.565280E+04 -0.416106E+04
  2.600   5.049   0.472097E+04 -0.347748E+04
  2.600   5.049   0.365213E+04 -0.269272E+04
  2.600   5.049   0.248304E+04 -0.183428E+04
  2.600   5.049   0.124992E+04 -0.928918E+03
  2.600   5.049  -0.136508E+02 -0.642406E+00
  2.600   5.049  -0.127629E+04  0.928669E+03
  2.600   5.049  -0.250652E+04  0.183681E+04
  2.600   5.049  -0.367065E+04  0.269888E+04
  2.600   5.049  -0.473288E+04  0.348695E+04
  2.600   5.049  -0.565764E+04  0.417237E+04
  2.600   5.049  -0.641277E+04  0.472935E+04
  2.600   5.049  -0.697192E+04  0.513806E+04
  2.600   5.049  -0.731570E+04  0.538573E+04
  2.700   5.146  -0.670669E+04  0.583239E+04
  2.700   5.146  -0.660196E+04  0.573900E+04
  2.700   5.146  -0.628972E+04  0.546948E+04
  2.700   5.146  -0.578004E+04  0.503127E+04
  2.700   5.146  -0.509097E+04  0.443784E+04
  2.700   5.146  -0.424816E+04  0.370961E+04
  2.700   5.146  -0.328318E+04  0.287297E+04
  2.700   5.146  -0.223015E+04  0.195734E+04
  2.700   5.146  -0.112196E+04  0.991530E+03
  2.700   5.146   0.120296E+02  0.141010E+01
  2.700   5.146   0.114531E+04 -0.989613E+03
  2.700   5.146   0.225126E+04 -0.195800E+04
  2.700   5.146   0.330037E+04 -0.287743E+04
  2.700   5.146   0.426006E+04 -0.371824E+04
  2.700   5.146   0.509722E+04 -0.444985E+04
  2.700   5.146   0.578180E+04 -0.504469E+04
  2.700   5.146   0.628936E+04 -0.548164E+04
  2.700   5.146   0.660215E+04 -0.574731E+04
  2.700   5.146   0.670907E+04 -0.583514E+04
  2.700   5.146   0.660568E+04 -0.574367E+04
  2.700   5.146   0.629442E+04 -0.547550E+04
  2.700   5.146   0.578526E+04 -0.503786E+04
  2.700   5.146   0.509620E+04 -0.444413E+04
  2.700   5.146   0.425292E+04 -0.371486E+04
  2.700   5.146   0.328710E+04 -0.287673E+04
  2.700   5.146   0.223298E+04 -0.195947E+04
  2.700   5.146   0.112354E+04 -0.992004E+03
  2.700   5.146  -0.117674E+02 -0.178585E+00
  2.700   5.146  -0.114636E+04  0.992647E+03
  2.700   5.146  -0.225345E+04  0.196279E+04
  2.700   5.146  -0.330336E+04  0.288353E+04
  2.700   5.146  -0.426331E+04  0.372478E+04
  2.700   5.146  -0.510013E+04  0.445574E+04
  2.700   5.146  -0.578379E+04  0.504894E+04
  2.700   5.146  -0.629003E+04  0.548364E+04
  2.700   5.146  -0.660128E+04  0.574686E+04
  2.800   5.240  -0.597484E+04  0.614015E+04
  2.800   5.240  -0.588167E+04  0.604265E+04
  2.800   5.240  -0.560312E+04  0.576037E+04
  2.800   5.240  -0.514781E+04  0.530047E+04
  2.800   5.240  -0.453175E+04  0.467646E+04
  2.800   5.240  -0.377839E+04  0.390955E+04
  2.800   5.240  -0.291703E+04  0.302769E+04
  2.800   5.240  -0.197935E+04  0.206231E+04
  2.800   5.240  -0.995116E+03  0.104418E+04
  2.800   5.240   0.103658E+02  0.708127E+00
  2.800   5.240   0.101532E+04 -0.104358E+04
  2.800   5.240   0.199778E+04 -0.206405E+04
  2.800   5.240   0.293215E+04 -0.303290E+04
  2.800   5.240   0.378877E+04 -0.391861E+04
  2.800   5.240   0.453691E+04 -0.468864E+04
  2.800   5.240   0.514874E+04 -0.531388E+04
  2.800   5.240   0.560211E+04 -0.577245E+04
  2.800   5.240   0.588136E+04 -0.605091E+04
  2.800   5.240   0.597688E+04 -0.614295E+04
  2.800   5.240   0.588479E+04 -0.604722E+04
  2.800   5.240   0.560702E+04 -0.576618E+04
  2.800   5.240   0.515210E+04 -0.530678E+04
  2.800   5.240   0.453602E+04 -0.468246E+04
  2.800   5.240   0.378226E+04 -0.391452E+04
  2.800   5.240   0.292023E+04 -0.303123E+04
  2.800   5.240   0.198171E+04 -0.206432E+04
  2.800   5.240   0.996524E+03 -0.104468E+04
  2.800   5.240  -0.998148E+01  0.352360E+00
  2.800   5.240  -0.101598E+04  0.104632E+04
  2.800   5.240  -0.199939E+04  0.206846E+04
  2.800   5.240  -0.293443E+04  0.303858E+04
  2.800   5.240  -0.379130E+04  0.392470E+04
  2.800   5.240  -0.453918E+04  0.469406E+04
  2.800   5.240  -0.515026E+04  0.531769E+04
  2.800   5.240  -0.560255E+04  0.577410E+04
  2.800   5.240  -0.588055E+04  0.605026E+04
  2.900   5.333  -0.524159E+04  0.638947E+04
  2.900   5.333  -0.516000E+04  0.628880E+04
  2.900   5.333  -0.491535E+04  0.599641E+04
  2.900   5.333  -0.451470E+04  0.551905E+04
  2.900   5.333  -0.397188E+04  0.487018E+04
  2.900   5.333  -0.330807E+04  0.407161E+04
  2.900   5.333  -0.255039E+04  0.315273E+04
  2.900   5.333  -0.172815E+04  0.214684E+04
  2.900   5.333  -0.868076E+03  0.108643E+04
  2.900   5.333   0.862185E+01  0.848600E-01
  2.900   5.333   0.885027E+03 -0.108697E+04
  2.900   5.333   0.174395E+04 -0.214944E+04
  2.900   5.333   0.256365E+04 -0.315843E+04
  2.900   5.333   0.331731E+04 -0.408078E+04
  2.900   5.333   0.397639E+04 -0.488215E+04
  2.900   5.333   0.451522E+04 -0.553207E+04
  2.900   5.333   0.491402E+04 -0.600805E+04
  2.900   5.333   0.515936E+04 -0.629672E+04
  2.900   5.333   0.524330E+04 -0.639212E+04
  2.900   5.333   0.516256E+04 -0.629309E+04
  2.900   5.333   0.491851E+04 -0.600184E+04
  2.900   5.333   0.451814E+04 -0.552494E+04
  2.900   5.333   0.397526E+04 -0.487574E+04
  2.900   5.333   0.331112E+04 -0.407617E+04
  2.900   5.333   0.255292E+04 -0.315595E+04
  2.900   5.333   0.173007E+04 -0.214870E+04
  2.900   5.333   0.869312E+03 -0.108701E+04
  2.900   5.333  -0.814044E+01  0.663128E+00
  2.900   5.333  -0.885358E+03  0.108922E+04
  2.900   5.333  -0.174506E+04  0.215327E+04
  2.900   5.333  -0.256537E+04  0.316352E+04
  2.900   5.333  -0.331929E+04  0.408633E+04
  2.900   5.333  -0.397817E+04  0.488712E+04
  2.900   5.333  -0.451641E+04  0.553554E+04
  2.900   5.333  -0.491432E+04  0.600950E+04
  2.900   5.333  -0.515864E+04  0.629604E+04
  3.000   5.424  -0.451090E+04  0.657939E+04
  3.000   5.424  -0.444100E+04  0.647648E+04
  3.000   5.424  -0.423050E+04  0.617664E+04
  3.000   5.424  -0.388471E+04  0.568611E+04
  3.000   5.424  -0.341513E+04  0.501815E+04
  3.000   5.424  -0.284054E+04  0.419509E+04
  3.000   5.424  -0.218590E+04  0.324758E+04
  3.000   5.424  -0.147830E+04  0.221061E+04
  3.000   5.424  -0.741560E+03  0.111813E+04
  3.000   5.424   0.711987E+01 -0.432481E+00
  3.000   5.424   0.755701E+03 -0.111960E+04
  3.000   5.424   0.149179E+04 -0.221383E+04
  3.000   5.424   0.219750E+04 -0.325351E+04
  3.000   5.424   0.284869E+04 -0.420410E+04
  3.000   5.424   0.341892E+04 -0.502967E+04
  3.000   5.424   0.388472E+04 -0.569853E+04
  3.000   5.424   0.422875E+04 -0.618770E+04
  3.000   5.424   0.444001E+04 -0.648399E+04
  3.000   5.424   0.451233E+04 -0.658191E+04
  3.000   5.424   0.444308E+04 -0.648048E+04
  3.000   5.424   0.423303E+04 -0.618168E+04
  3.000   5.424   0.388741E+04 -0.569157E+04
  3.000   5.424   0.341775E+04 -0.502328E+04
  3.000   5.424   0.284289E+04 -0.419925E+04
  3.000   5.424   0.218787E+04 -0.325048E+04
  3.000   5.424   0.147984E+04 -0.221229E+04
  3.000   5.424   0.742654E+03 -0.111871E+04
  3.000   5.424  -0.655285E+01  0.983550E+00
  3.000   5.424  -0.755753E+03  0.112149E+04
  3.000   5.424  -0.149250E+04  0.221722E+04
  3.000   5.424  -0.219874E+04  0.325811E+04
  3.000   5.424  -0.285019E+04  0.420917E+04
  3.000   5.424  -0.342031E+04  0.503418E+04
  3.000   5.424  -0.388564E+04  0.570161E+04
  3.000   5.424  -0.422895E+04  0.618889E+04
  3.000   5.424  -0.443938E+04  0.648324E+04
