  0.004   0.200   -0.82946E-09  -0.27576E-08   0.21670E-07   0.23612E-08  -0.14329E-06   0.52296E+08
  0.009   0.300   -0.62425E-09  -0.97219E-09   0.14156E-07   0.24362E-08  -0.90193E-07   0.52772E+08
  0.016   0.400   -0.47498E-09   0.75971E-09   0.11181E-07   0.35094E-08  -0.46246E-07   0.53481E+08
  0.025   0.500   -0.56366E-09  -0.40533E-08   0.80429E-08   0.23123E-08  -0.16014E-06   0.54477E+08
  0.037   0.600   -0.60936E-09   0.11480E-08   0.10874E-07   0.28977E-08  -0.27763E-07   0.55857E+08
  0.050   0.700    0.32878E-09  -0.34811E-09   0.17406E-07   0.33310E-08  -0.14903E-06   0.57772E+08
  0.065   0.800   -0.11011E-08  -0.12255E-08   0.15340E-07   0.30489E-08   0.18954E-08   0.60423E+08
  0.083   0.900   -0.76966E-10  -0.13376E-08   0.71649E-08   0.34737E-08  -0.12477E-06   0.63971E+08
  0.102   1.000   -0.79308E-09  -0.25058E-08   0.88834E-08   0.42164E-08  -0.10932E-06   0.68324E+08
  0.123   1.100    0.59265E-09  -0.24864E-08   0.76788E-08   0.13679E-08  -0.22279E-07   0.72827E+08
  0.147   1.200    0.23704E-09  -0.11039E-08   0.80267E-08   0.13751E-08  -0.10496E-06   0.76200E+08
  0.172   1.300    0.86663E-09  -0.20014E-08   0.50039E-08   0.27326E-08  -0.11472E-06   0.77132E+08
  0.200   1.400    0.22337E-08  -0.30969E-08   0.53662E-08   0.22257E-08  -0.10941E-06   0.75038E+08
  0.229   1.500   -0.46043E-10   0.45816E-09   0.45630E-08   0.27524E-08   0.13023E-06   0.70292E+08
  0.261   1.600   -0.32683E-08  -0.82105E-09   0.50807E-08   0.31806E-08  -0.50319E-07   0.63832E+08
  0.295   1.700    0.36325E-08  -0.20278E-08   0.50517E-08   0.13681E-08   0.13225E-06   0.56056E+08
  0.330   1.800    0.85663E-09   0.16301E-08   0.10990E-08   0.37245E-08  -0.93860E-07   0.46402E+08
  0.368   1.900    0.44622E-09  -0.48024E-09   0.30142E-08   0.40163E-08  -0.10578E-06   0.36560E+08
  0.408   2.000    0.10291E-08  -0.86402E-09   0.53620E-09   0.40167E-08  -0.82880E-07   0.29668E+08
  0.450   2.100   -0.60686E-09   0.34812E-08   0.10385E-08   0.38630E-08  -0.36926E-07   0.24366E+08
  0.494   2.200    0.42115E-09  -0.55929E-09   0.64541E-08   0.40154E-08  -0.52272E-07   0.18457E+08
  0.539   2.300    0.17450E-08  -0.10844E-08   0.50184E-08   0.33530E-08  -0.17083E-07   0.14834E+08
  0.587   2.400    0.14530E-08   0.20776E-08   0.44213E-08   0.33577E-08  -0.44418E-07   0.12813E+08
  0.637   2.500   -0.50721E-09   0.15958E-08   0.25835E-08   0.43847E-08  -0.34399E-07   0.97774E+07
  0.689   2.600    0.65791E-09   0.15020E-08   0.42546E-08   0.12476E-08  -0.33831E-07   0.84816E+07
  0.743   2.700   -0.59566E-09   0.65721E-09   0.28395E-08   0.20794E-08  -0.25901E-07   0.76341E+07
  0.799   2.800    0.64253E-09   0.79808E-10   0.28353E-08   0.14835E-08  -0.28457E-07   0.61313E+07
  0.858   2.900    0.41671E-09   0.12376E-08   0.32588E-08   0.10869E-08  -0.32654E-07   0.61776E+07
  0.918   3.000   -0.28366E-09  -0.26691E-09   0.32965E-08   0.17972E-08  -0.25277E-07   0.52719E+07
  0.980   3.100    0.53072E-09  -0.20046E-09   0.34597E-08   0.29478E-08  -0.16505E-07   0.52466E+07
  1.044   3.200   -0.65762E-09  -0.58091E-09   0.36211E-08   0.17282E-08  -0.20308E-07   0.50204E+07
  1.110   3.300    0.67028E-09   0.58861E-09   0.43418E-08   0.14587E-08  -0.16740E-07   0.48586E+07
  1.179   3.400    0.88207E-10   0.29432E-08   0.37471E-08   0.11488E-08  -0.14655E-07   0.49421E+07
  1.249   3.500    0.10910E-09  -0.10349E-08   0.29097E-08   0.20334E-08  -0.36007E-07   0.47765E+07
  1.322   3.600   -0.69416E-09   0.65680E-09   0.30230E-08   0.21698E-08  -0.19695E-07   0.48955E+07
  1.396   3.700    0.58496E-09   0.27381E-09   0.38131E-08   0.18989E-08  -0.19699E-07   0.48404E+07
  1.472   3.800   -0.42783E-09  -0.59651E-09   0.35675E-08   0.11134E-09  -0.25019E-07   0.49141E+07
  1.551   3.900   -0.24191E-09  -0.20161E-09   0.30156E-08   0.10283E-08  -0.28341E-07   0.51266E+07
  1.632   4.000   -0.87894E-10   0.60231E-09   0.31549E-08   0.18678E-08  -0.14530E-07   0.53317E+07
