  0.004   0.200    0.25566E+05   0.32458E-10   0.28251E-09   0.66223E-11   0.27638E+06  -0.36221E-09
  0.009   0.300    0.25931E+05   0.37062E-10   0.32736E-09   0.39222E-11   0.29384E+06  -0.38722E-09
  0.016   0.400    0.26520E+05   0.34532E-10   0.24278E-09   0.17764E-11   0.32315E+06  -0.37971E-10
  0.025   0.500    0.27341E+05   0.32898E-10   0.31127E-09   0.12960E-10   0.36414E+06  -0.46930E-09
  0.037   0.600    0.28261E+05   0.20776E-10   0.33015E-09   0.57696E-11   0.40675E+06  -0.21328E-09
  0.050   0.700    0.28948E+05   0.36948E-10   0.24943E-09   0.11681E-10   0.42843E+06  -0.26466E-09
  0.065   0.800    0.29035E+05   0.35101E-10   0.19988E-09   0.15163E-10   0.40374E+06  -0.47794E-09
  0.083   0.900    0.28449E+05   0.35868E-10   0.22052E-09   0.18304E-10   0.32248E+06  -0.39745E-09
  0.102   1.000    0.27603E+05   0.43940E-10   0.18511E-09   0.87965E-11   0.19795E+06  -0.31605E-09
  0.123   1.100    0.27259E+05   0.37772E-10   0.16945E-09   0.11980E-10   0.61285E+05  -0.48840E-09
  0.147   1.200    0.28016E+05   0.38767E-10   0.19365E-09  -0.85265E-12  -0.44652E+05  -0.24329E-09
  0.172   1.300    0.29321E+05   0.39307E-10   0.17112E-09  -0.60396E-11  -0.79977E+05  -0.18917E-09
  0.200   1.400    0.29417E+05   0.25381E-10   0.19919E-09  -0.60965E-11  -0.55547E+05  -0.36698E-09
  0.229   1.500    0.27981E+05   0.39023E-10   0.14616E-09  -0.23448E-11  -0.36624E+05  -0.32060E-09
  0.261   1.600    0.26862E+05   0.14708E-10   0.16853E-09  -0.25153E-11  -0.57191E+05  -0.31423E-09
  0.295   1.700    0.27198E+05  -0.41211E-11   0.16311E-09  -0.80504E-11  -0.92491E+05  -0.20486E-09
  0.330   1.800    0.27069E+05  -0.65370E-11   0.16027E-09  -0.20009E-10  -0.92533E+05  -0.27148E-09
  0.368   1.900    0.24783E+05   0.41595E-10   0.15270E-09   0.56133E-12  -0.68194E+05   0.66507E-10
  0.408   2.000    0.23144E+05  -0.55728E-10   0.24437E-09  -0.32792E-10  -0.69879E+05   0.61846E-10
  0.450   2.100    0.22592E+05   0.26433E-10   0.22831E-09  -0.37043E-10  -0.80836E+05  -0.29036E-09
  0.494   2.200    0.19779E+05   0.95248E-11   0.13561E-09   0.32063E-11  -0.61821E+05  -0.16973E-09
  0.539   2.300    0.17262E+05  -0.25224E-10   0.12975E-09  -0.28493E-11  -0.54595E+05  -0.14893E-08
  0.587   2.400    0.15969E+05  -0.23782E-10   0.15442E-09  -0.25917E-10  -0.58908E+05  -0.67553E-09
  0.637   2.500    0.12671E+05  -0.20869E-10   0.13208E-09  -0.17479E-10  -0.43747E+05   0.97089E-10
  0.689   2.600    0.10939E+05  -0.70912E-11   0.13283E-09   0.53006E-11  -0.40804E+05  -0.19850E-09
  0.743   2.700    0.90811E+04   0.52552E-10   0.14832E-09  -0.66223E-11  -0.36992E+05  -0.15775E-08
  0.799   2.800    0.71411E+04  -0.39506E-11   0.13101E-09  -0.13088E-10  -0.28205E+05  -0.16280E-09
  0.858   2.900    0.62874E+04   0.37232E-10   0.13499E-09  -0.69065E-11  -0.26479E+05  -0.54661E-09
  0.918   3.000    0.48905E+04   0.53547E-10   0.12673E-09   0.85691E-11  -0.19031E+05  -0.24920E-09
  0.980   3.100    0.44859E+04  -0.76312E-11   0.12893E-09  -0.78018E-11  -0.15800E+05  -0.26375E-10
  1.044   3.200    0.38081E+04  -0.40927E-11   0.13399E-09  -0.89386E-11  -0.10838E+05  -0.40973E-09
  1.110   3.300    0.36743E+04   0.26574E-11   0.13296E-09  -0.11184E-10  -0.70998E+04  -0.39654E-09
  1.179   3.400    0.34864E+04  -0.48885E-11   0.14777E-09  -0.11148E-10  -0.34816E+04  -0.26921E-09
  1.249   3.500    0.35411E+04   0.21217E-10   0.12622E-09  -0.22879E-11  -0.89339E+02  -0.13301E-09
  1.322   3.600    0.36263E+04   0.41922E-11   0.14769E-09  -0.50733E-11   0.27993E+04  -0.61391E-10
  1.396   3.700    0.38026E+04   0.92655E-11   0.14582E-09  -0.24869E-11   0.56258E+04   0.55024E-10
  1.472   3.800    0.40259E+04   0.14992E-11   0.14562E-09  -0.80789E-11   0.80237E+04  -0.20873E-09
  1.551   3.900    0.42696E+04   0.33893E-11   0.14493E-09  -0.12491E-10   0.10325E+05  -0.35789E-09
  1.632   4.000    0.45301E+04   0.13188E-10   0.14518E-09  -0.86189E-11   0.12422E+05  -0.24534E-09
