  0.004   0.200   -0.28241E-12   0.76489E-11   0.15001E-09   0.15674E-10  -0.60546E-11   0.14719E+00
  0.009   0.300   -0.18330E-11  -0.68332E-12   0.87768E-09  -0.33728E-10  -0.12663E-09   0.12634E+02
  0.016   0.400   -0.38030E-11   0.50334E-10   0.10699E-08   0.79407E-10  -0.23559E-09   0.29487E+03
  0.025   0.500    0.20197E-11   0.14109E-09   0.21547E-08   0.24865E-10  -0.14309E-08   0.33495E+04
  0.037   0.600   -0.10536E-09   0.19795E-09   0.45312E-08   0.12465E-09  -0.33961E-08   0.23939E+05
  0.050   0.700    0.12631E-09   0.12573E-09   0.41782E-08   0.21440E-09  -0.14065E-08   0.12315E+06
  0.065   0.800   -0.39054E-09  -0.35232E-09   0.47751E-08  -0.26004E-10  -0.20208E-07   0.49282E+06
  0.083   0.900    0.24696E-09  -0.44552E-09   0.80017E-08  -0.19410E-09  -0.50604E-08   0.16067E+07
  0.102   1.000   -0.64858E-10  -0.46234E-09   0.10905E-07   0.93230E-10   0.39152E-07   0.43769E+07
  0.123   1.100   -0.73132E-09  -0.16776E-08   0.11214E-07  -0.56484E-09  -0.84638E-08   0.10067E+08
  0.147   1.200   -0.16327E-08  -0.17545E-09   0.98523E-08  -0.17773E-08  -0.24586E-06   0.19644E+08
  0.172   1.300   -0.13394E-08  -0.10311E-08   0.93688E-08   0.12833E-08   0.32653E-07   0.32919E+08
  0.200   1.400    0.16402E-08  -0.74983E-08   0.11567E-07  -0.32987E-08   0.17460E-06   0.48477E+08
  0.229   1.500    0.12718E-08  -0.10377E-08   0.46981E-08   0.10803E-08  -0.25378E-06   0.64405E+08
  0.261   1.600    0.29484E-08  -0.79123E-08   0.88205E-08  -0.27058E-08  -0.58451E-07   0.79488E+08
  0.295   1.700    0.46691E-09  -0.49550E-08   0.73936E-08  -0.17934E-08  -0.62466E-07   0.93620E+08
  0.330   1.800    0.69463E-10   0.14973E-08   0.54638E-08   0.49982E-09   0.29736E-07   0.10513E+09
  0.368   1.900    0.23863E-09  -0.11023E-07   0.86839E-08   0.31656E-09  -0.64109E-07   0.10959E+09
  0.408   2.000    0.57892E-08  -0.42107E-08   0.19132E-08   0.47820E-08  -0.92174E-07   0.10929E+09
  0.450   2.100   -0.49795E-10   0.59117E-10   0.41017E-08  -0.12989E-09  -0.10354E-06   0.11023E+09
  0.494   2.200    0.34843E-08  -0.97384E-09   0.48964E-08   0.46651E-09  -0.40716E-07   0.10856E+09
  0.539   2.300    0.17726E-08  -0.20816E-09   0.58583E-08   0.51290E-08   0.14762E-07   0.10267E+09
  0.587   2.400    0.34499E-08  -0.51443E-08   0.22857E-08  -0.61084E-09   0.32886E-07   0.99884E+08
  0.637   2.500   -0.56184E-09  -0.15918E-08  -0.14389E-08   0.22039E-08   0.22942E-08   0.96188E+08
  0.689   2.600    0.26671E-09  -0.57412E-09  -0.79615E-09  -0.13081E-08  -0.14694E-07   0.89698E+08
  0.743   2.700    0.25866E-08   0.21942E-10   0.18111E-08  -0.18655E-08   0.40654E-07   0.87107E+08
  0.799   2.800    0.43201E-09  -0.55270E-08   0.74527E-09  -0.46874E-08  -0.26558E-07   0.81819E+08
  0.858   2.900   -0.42246E-09   0.20650E-08   0.57442E-09   0.44787E-09   0.30741E-08   0.77204E+08
  0.918   3.000   -0.18522E-08  -0.30604E-08  -0.11083E-08   0.18437E-08   0.20703E-07   0.74319E+08
  0.980   3.100    0.23715E-08  -0.26294E-08  -0.11311E-08   0.22022E-08   0.43954E-07   0.68850E+08
  1.044   3.200    0.77989E-09  -0.53849E-08  -0.19562E-08   0.59117E-10   0.34610E-08   0.66924E+08
  1.110   3.300   -0.16505E-08  -0.37710E-08  -0.26971E-08  -0.63231E-09  -0.37481E-08   0.61868E+08
  1.179   3.400   -0.49806E-09   0.54076E-08  -0.62371E-09  -0.58348E-09   0.40419E-07   0.60270E+08
  1.249   3.500   -0.23252E-08   0.12862E-08  -0.26386E-08  -0.20985E-09   0.17114E-07   0.56026E+08
  1.322   3.600    0.22087E-08  -0.17347E-08  -0.32018E-08  -0.61649E-08   0.45244E-08   0.54971E+08
  1.396   3.700    0.11380E-08  -0.32597E-08  -0.18214E-08  -0.60018E-08   0.21696E-07   0.51762E+08
  1.472   3.800    0.10539E-09  -0.55778E-08  -0.28368E-08  -0.32854E-08   0.23948E-07   0.51661E+08
  1.551   3.900    0.13814E-08   0.18520E-08  -0.31377E-08  -0.91639E-09   0.28137E-07   0.49923E+08
  1.632   4.000   -0.48135E-09  -0.68285E-09  -0.24141E-08  -0.37550E-08   0.31194E-07   0.50734E+08
