  0.004   0.200   -0.21587E-13   0.15245E+01   0.45048E-11   0.78645E+00   0.38791E-12  -0.20914E-12
  0.009   0.300    0.88984E-13   0.25946E+02  -0.59273E-10   0.13442E+02   0.38121E-11   0.12055E-11
  0.016   0.400    0.60019E-12   0.19290E+03  -0.26631E-10   0.10052E+03   0.14722E-10   0.42212E-11
  0.025   0.500    0.15312E-11   0.90728E+03  -0.18434E-09   0.47624E+03   0.29303E-09   0.38809E-11
  0.037   0.600    0.48246E-11   0.31764E+04   0.34106E-11   0.16816E+04   0.61937E-09  -0.16184E-10
  0.050   0.700    0.10239E-10   0.89971E+04  -0.67337E-09   0.48095E+04  -0.12692E-08   0.21767E-09
  0.065   0.800    0.13614E-10   0.21584E+05   0.44042E-09   0.11660E+05  -0.25566E-08   0.49567E-10
  0.083   0.900    0.34134E-10   0.45002E+05  -0.10976E-08   0.24589E+05   0.15607E-08   0.33776E-09
  0.102   1.000    0.47464E-10   0.82938E+05  -0.63415E-09   0.45864E+05  -0.36725E-08   0.78580E-09
  0.123   1.100    0.19156E-10   0.13731E+06  -0.95031E-09   0.76887E+05   0.17197E-07  -0.34288E-09
  0.147   1.200    0.58520E-10   0.20823E+06  -0.18929E-09   0.11811E+06   0.14734E-08  -0.13461E-09
  0.172   1.300   -0.10402E-10   0.29514E+06  -0.77500E-09   0.16959E+06   0.21097E-07   0.40418E-08
  0.200   1.400   -0.77193E-10   0.39586E+06  -0.83048E-09   0.23039E+06   0.76288E-08  -0.19663E-08
  0.229   1.500   -0.14535E-09   0.50235E+06  -0.32287E-10   0.29597E+06   0.34652E-08   0.14297E-08
  0.261   1.600    0.38654E-10   0.59907E+06  -0.61391E-09   0.35701E+06   0.22374E-09   0.38272E-08
  0.295   1.700    0.44224E-10   0.66840E+06  -0.11189E-08   0.40244E+06   0.44129E-08   0.10350E-07
  0.330   1.800    0.16803E-09   0.70569E+06  -0.11596E-10   0.42872E+06   0.96043E-09   0.21537E-08
  0.368   1.900   -0.43656E-10   0.72263E+06  -0.86015E-09   0.44244E+06  -0.24120E-08   0.21973E-08
  0.408   2.000    0.12744E-09   0.72462E+06  -0.28206E-09   0.44661E+06   0.93132E-09   0.65047E-08
  0.450   2.100    0.85379E-10   0.70640E+06  -0.62619E-09   0.43759E+06   0.17990E-08   0.18917E-08
  0.494   2.200   -0.11107E-09   0.68136E+06  -0.34083E-09   0.42366E+06   0.95843E-08  -0.55297E-09
  0.539   2.300    0.40473E-10   0.65934E+06   0.47748E-10   0.41105E+06   0.47930E-08   0.20809E-08
  0.587   2.400    0.51671E-10   0.62764E+06  -0.15211E-09   0.39161E+06   0.38199E-08   0.16007E-09
  0.637   2.500    0.10061E-10   0.59588E+06  -0.26716E-10   0.37155E+06   0.42892E-08   0.19500E-08
  0.689   2.600   -0.10340E-09   0.57014E+06   0.66279E-10   0.35485E+06   0.51841E-10  -0.53042E-08
  0.743   2.700    0.11553E-09   0.53695E+06   0.78671E-10   0.33284E+06   0.23956E-08   0.31287E-09
  0.799   2.800    0.15196E-09   0.50986E+06  -0.20975E-10   0.31443E+06   0.35379E-09   0.12369E-08
  0.858   2.900    0.40501E-10   0.48285E+06  -0.62016E-10   0.29570E+06   0.22237E-08   0.14552E-08
  0.918   3.000    0.12790E-12   0.45407E+06   0.10829E-09   0.27560E+06  -0.89858E-09  -0.33906E-08
  0.980   3.100   -0.64645E-10   0.43208E+06   0.30241E-10   0.25964E+06   0.27585E-08   0.37035E-08
  1.044   3.200    0.74863E-10   0.40511E+06   0.10530E-09   0.24037E+06  -0.23647E-10  -0.70650E-08
  1.110   3.300    0.30582E-10   0.38628E+06   0.21637E-09   0.22616E+06  -0.36744E-09   0.21100E-09
  1.179   3.400    0.52339E-10   0.36329E+06   0.10880E-09   0.20926E+06  -0.84174E-09   0.82728E-08
  1.249   3.500   -0.11298E-09   0.34838E+06   0.16422E-09   0.19733E+06  -0.10104E-08   0.40745E-09
  1.322   3.600   -0.69271E-10   0.33109E+06   0.13497E-09   0.18392E+06  -0.33433E-08   0.81418E-08
  1.396   3.700   -0.27612E-10   0.32250E+06  -0.38298E-10   0.17569E+06  -0.19822E-08  -0.39508E-08
  1.472   3.800   -0.86686E-12   0.31341E+06   0.64617E-10   0.16718E+06  -0.28938E-08  -0.64683E-08
  1.551   3.900   -0.22339E-09   0.31316E+06   0.23874E-11   0.16379E+06  -0.13308E-08   0.27212E-08
  1.632   4.000   -0.27955E-09   0.31221E+06   0.27470E-10   0.16020E+06  -0.18144E-08  -0.24738E-08
