  0.004   0.200    0.22149E-13  -0.31008E-11   0.12993E+05  -0.35317E-12   0.48295E-12   0.31203E-11
  0.009   0.300   -0.35194E-13   0.15035E-11   0.40785E+05   0.42249E-11  -0.20641E-11   0.12524E-10
  0.016   0.400   -0.12967E-12   0.10275E-10   0.86820E+05   0.12039E-11  -0.50818E-10   0.21897E-10
  0.025   0.500    0.24869E-11  -0.86331E-12   0.14705E+06   0.25197E-10   0.47066E-09   0.54154E-11
  0.037   0.600    0.46541E-11   0.78497E-11   0.21334E+06   0.35099E-10   0.78580E-09   0.81112E-10
  0.050   0.700    0.13330E-10   0.22084E-10   0.27629E+06  -0.31097E-10   0.28376E-09   0.13498E-09
  0.065   0.800    0.22197E-10   0.32301E-10   0.32699E+06   0.29502E-10   0.92768E-09   0.40006E-09
  0.083   0.900   -0.51017E-10  -0.19043E-10   0.35762E+06  -0.73214E-10  -0.32451E-08   0.41473E-09
  0.102   1.000    0.27967E-10   0.20955E-09   0.36352E+06  -0.18360E-10   0.25975E-08   0.53979E-09
  0.123   1.100    0.21657E-10   0.96804E-10   0.34841E+06   0.64489E-10   0.69231E-08   0.25102E-09
  0.147   1.200   -0.96634E-11  -0.21123E-09   0.32426E+06  -0.31093E-10   0.24374E-09  -0.19681E-08
  0.172   1.300    0.11607E-09   0.16485E-09   0.30147E+06  -0.13091E-09   0.30195E-08   0.19354E-08
  0.200   1.400    0.20583E-09   0.29945E-09   0.28283E+06  -0.29615E-10   0.33542E-08  -0.99317E-09
  0.229   1.500   -0.15120E-10  -0.54263E-09   0.26497E+06  -0.42292E-09  -0.56043E-08  -0.18190E-09
  0.261   1.600    0.12449E-09   0.19554E-10   0.24118E+06   0.61391E-10   0.95861E-09  -0.13497E-08
  0.295   1.700    0.15120E-10   0.23783E-09   0.21148E+06   0.26569E-09   0.17439E-07  -0.20518E-08
  0.330   1.800    0.37176E-10  -0.98908E-10   0.18317E+06  -0.19349E-09   0.84310E-08   0.99681E-09
  0.368   1.900   -0.19031E-09  -0.31764E-09   0.15908E+06   0.16257E-09   0.30068E-08   0.32851E-08
  0.408   2.000   -0.52478E-09  -0.15029E-09   0.13546E+06   0.23931E-09  -0.82055E-08   0.10841E-08
  0.450   2.100    0.37397E-09   0.20975E-09   0.11179E+06   0.37369E-09  -0.24265E-07  -0.13464E-07
  0.494   2.200    0.34413E-09  -0.16665E-08   0.92325E+05  -0.40211E-09   0.52152E-07  -0.23578E-07
  0.539   2.300   -0.80149E-11   0.25785E-08   0.76119E+05  -0.72561E-09  -0.17606E-07   0.11303E-07
  0.587   2.400    0.30022E-09   0.14562E-08   0.61149E+05   0.11550E-08   0.77516E-08  -0.10841E-07
  0.637   2.500   -0.12903E-09   0.19463E-09   0.49638E+05   0.32173E-10   0.92573E-08   0.80599E-08
  0.689   2.600    0.35621E-09  -0.72509E-09   0.40530E+05  -0.58077E-09   0.66611E-08  -0.98080E-08
  0.743   2.700    0.10385E-09  -0.12597E-08   0.32888E+05   0.61470E-09   0.68758E-09  -0.35252E-08
  0.799   2.800   -0.99021E-10   0.15893E-09   0.27412E+05   0.35902E-09   0.67166E-09  -0.10024E-07
  0.858   2.900    0.79421E-10  -0.16286E-09   0.22819E+05   0.31829E-09  -0.16073E-08   0.12020E-07
  0.918   3.000    0.15359E-09   0.69093E-09   0.19140E+05   0.70941E-09   0.80017E-08  -0.11561E-07
  0.980   3.100    0.71999E-10  -0.11636E-09   0.16062E+05  -0.14107E-09  -0.58776E-10   0.42292E-09
  1.044   3.200   -0.59342E-09  -0.34225E-09   0.13164E+05  -0.59698E-09   0.51423E-08   0.67221E-08
  1.110   3.300    0.47943E-09   0.39918E-09   0.10653E+05  -0.27056E-09   0.10372E-07  -0.61941E-08
  1.179   3.400    0.42649E-09   0.89494E-09   0.82847E+04   0.60353E-09   0.83560E-09  -0.17200E-07
  1.249   3.500   -0.70099E-10  -0.12237E-08   0.63193E+04  -0.75229E-09   0.75204E-10   0.15915E-07
  1.322   3.600    0.45497E-09  -0.23793E-09   0.46233E+04   0.15902E-09  -0.44847E-08   0.89790E-09
  1.396   3.700    0.43316E-09  -0.66272E-09   0.33202E+04  -0.55503E-09   0.11681E-09  -0.89974E-08
  1.472   3.800   -0.65015E-10   0.24116E-10   0.22878E+04  -0.17665E-09   0.12785E-08  -0.26409E-08
  1.551   3.900   -0.12377E-09   0.53542E-09   0.15437E+04   0.25116E-09   0.17963E-08   0.10402E-07
  1.632   4.000   -0.41317E-09   0.19799E-09   0.99803E+03  -0.14425E-09  -0.18090E-09   0.24602E-09
