  0.004   0.200   -0.45473E-13   0.62364E+00   0.71916E-11   0.31444E+00   0.68445E-12  -0.67043E-12
  0.009   0.300    0.13462E-12   0.10581E+02  -0.14541E-09   0.53587E+01   0.17144E-10   0.32250E-11
  0.016   0.400    0.12884E-11   0.78217E+02   0.30127E-10   0.39850E+02   0.27047E-10   0.40141E-11
  0.025   0.500    0.22977E-11   0.36426E+03  -0.29564E-09   0.18696E+03   0.64421E-09   0.13290E-10
  0.037   0.600    0.60947E-11   0.12546E+04   0.58790E-10   0.64949E+03   0.12149E-08  -0.58611E-10
  0.050   0.700    0.16744E-10   0.34647E+04  -0.12865E-08   0.18108E+04  -0.29135E-08   0.29149E-09
  0.065   0.800    0.27597E-10   0.80136E+04   0.66740E-09   0.42311E+04  -0.77807E-08  -0.23412E-09
  0.083   0.900    0.51134E-10   0.15931E+05  -0.21572E-08   0.85024E+04   0.88994E-09   0.28055E-09
  0.102   1.000    0.88761E-10   0.27851E+05  -0.12228E-08   0.15038E+05  -0.10009E-07   0.85134E-09
  0.123   1.100    0.52871E-10   0.44226E+05  -0.13750E-08   0.24194E+05   0.26361E-07  -0.44815E-09
  0.147   1.200    0.15974E-09   0.66660E+05  -0.10215E-09   0.37030E+05  -0.49986E-08  -0.13590E-08
  0.172   1.300   -0.20641E-10   0.98814E+05  -0.10442E-08   0.55852E+05   0.35845E-07   0.56923E-08
  0.200   1.400   -0.14241E-09   0.14410E+06  -0.17685E-08   0.82903E+05   0.96034E-08  -0.27298E-08
  0.229   1.500   -0.24819E-09   0.20206E+06   0.80055E-09   0.11817E+06   0.35661E-08   0.27053E-08
  0.261   1.600    0.67445E-10   0.26807E+06  -0.11256E-08   0.15909E+06  -0.60099E-08   0.52323E-08
  0.295   1.700   -0.24215E-10   0.33159E+06  -0.19838E-08   0.19930E+06   0.83946E-08   0.15282E-07
  0.330   1.800    0.15513E-09   0.38001E+06   0.94246E-10   0.23088E+06   0.91268E-09   0.62391E-09
  0.368   1.900   -0.55934E-10   0.41211E+06  -0.20990E-08   0.25269E+06  -0.79731E-08   0.87075E-08
  0.408   2.000    0.15959E-09   0.43521E+06   0.32736E-09   0.26895E+06  -0.11589E-07   0.50422E-08
  0.450   2.100    0.18687E-10   0.44428E+06  -0.62626E-09   0.27627E+06   0.18970E-07   0.77616E-08
  0.494   2.200   -0.57742E-09   0.44034E+06   0.25845E-09   0.27513E+06  -0.18740E-07   0.26084E-08
  0.539   2.300   -0.32135E-09   0.43625E+06   0.90850E-10   0.27353E+06   0.17972E-07  -0.18863E-08
  0.587   2.400   -0.58338E-09   0.42598E+06  -0.63251E-09   0.26758E+06   0.87120E-08   0.22274E-07
  0.637   2.500    0.50626E-09   0.40855E+06  -0.12074E-09   0.25667E+06   0.72368E-08   0.51477E-09
  0.689   2.600    0.11416E-09   0.39545E+06  -0.33826E-09   0.24818E+06  -0.16723E-07  -0.19145E-07
  0.743   2.700    0.55858E-09   0.37658E+06   0.56501E-09   0.23560E+06  -0.40995E-09  -0.16025E-08
  0.799   2.800   -0.15012E-09   0.35708E+06   0.38018E-09   0.22239E+06   0.25798E-08  -0.34888E-08
  0.858   2.900    0.76235E-09   0.34046E+06   0.40964E-09   0.21074E+06  -0.25011E-09   0.11125E-07
  0.918   3.000    0.84240E-10   0.31869E+06   0.24660E-09   0.19564E+06  -0.15591E-08  -0.14614E-07
  0.980   3.100    0.95106E-10   0.30262E+06   0.37093E-09   0.18404E+06   0.13871E-07   0.63155E-08
  1.044   3.200    0.28119E-09   0.28213E+06   0.30540E-09   0.16953E+06  -0.58333E-09  -0.10363E-07
  1.110   3.300   -0.10562E-09   0.26659E+06   0.45841E-09   0.15815E+06   0.43483E-08  -0.11045E-07
  1.179   3.400    0.25400E-09   0.24891E+06   0.41072E-09   0.14535E+06  -0.55414E-08   0.15589E-07
  1.249   3.500   -0.26006E-09   0.23585E+06   0.98836E-10   0.13549E+06   0.54353E-08   0.51223E-08
  1.322   3.600   -0.86015E-10   0.22222E+06   0.15724E-09   0.12524E+06  -0.76559E-08   0.41384E-07
  1.396   3.700    0.82651E-10   0.21412E+06   0.14854E-09   0.11837E+06  -0.19375E-08  -0.13633E-07
  1.472   3.800    0.30033E-10   0.20626E+06   0.14623E-10   0.11166E+06  -0.36430E-08  -0.16824E-07
  1.551   3.900   -0.19988E-09   0.20457E+06   0.83631E-11   0.10856E+06   0.40330E-09   0.81363E-08
  1.632   4.000   -0.70641E-09   0.20212E+06   0.50951E-10   0.10516E+06  -0.62425E-09  -0.44347E-08
