  0.004   0.200    0.50813E+00   0.67075E-13   0.39364E-11  -0.31125E-14   0.37645E+02  -0.54743E-13
  0.009   0.300    0.84549E+01  -0.58290E-13   0.10701E-10   0.42267E-13   0.61790E+03   0.47746E-13
  0.016   0.400    0.60187E+02   0.10067E-12   0.17920E-10   0.71711E-12   0.43251E+04  -0.38235E-12
  0.025   0.500    0.26204E+03  -0.81668E-12   0.90978E-10   0.58603E-12   0.18499E+05  -0.58092E-12
  0.037   0.600    0.80742E+03  -0.23537E-12   0.76000E-10   0.21312E-11   0.56113E+05  -0.12226E-11
  0.050   0.700    0.18840E+04  -0.13767E-12   0.87766E-10   0.45119E-11   0.12964E+06   0.15095E-10
  0.065   0.800    0.34558E+04   0.36913E-11   0.87937E-10   0.81748E-11   0.23783E+06  -0.22567E-10
  0.083   0.900    0.51312E+04   0.25935E-11   0.68553E-10   0.58407E-11   0.35789E+06   0.47947E-10
  0.102   1.000    0.63622E+04   0.12186E-10   0.11266E-09   0.13660E-10   0.45329E+06  -0.64631E-10
  0.123   1.100    0.69412E+04   0.20535E-10   0.65000E-10   0.29679E-10   0.48829E+06  -0.73669E-10
  0.147   1.200    0.76162E+04   0.25707E-10   0.69349E-11   0.29594E-10   0.44407E+06  -0.16621E-09
  0.172   1.300    0.10041E+05   0.42888E-10   0.13279E-09   0.33225E-10   0.35011E+06  -0.12415E-09
  0.200   1.400    0.14449E+05   0.31974E-10   0.71395E-10   0.40828E-10   0.29013E+06  -0.11005E-09
  0.229   1.500    0.18282E+05   0.60254E-10   0.15405E-10   0.34163E-10   0.30137E+06   0.11823E-10
  0.261   1.600    0.20175E+05   0.49113E-10   0.15231E-09   0.42121E-10   0.32614E+06  -0.32014E-09
  0.295   1.700    0.22635E+05  -0.62528E-11   0.80462E-10   0.28592E-10   0.29537E+06  -0.10787E-08
  0.330   1.800    0.28616E+05   0.50818E-10   0.58691E-10   0.25096E-10   0.21892E+06  -0.74033E-09
  0.368   1.900    0.33975E+05   0.11261E-09   0.96747E-10   0.42746E-10   0.19690E+06  -0.81218E-09
  0.408   2.000    0.36322E+05   0.70258E-10   0.23911E-09   0.26830E-10   0.20641E+06   0.60209E-09
  0.450   2.100    0.41088E+05  -0.70429E-10   0.15353E-09   0.38966E-10   0.16525E+06  -0.22046E-08
  0.494   2.200    0.47247E+05   0.77250E-10   0.20049E-09   0.93792E-11   0.12325E+06  -0.53205E-09
  0.539   2.300    0.48397E+05   0.42746E-10  -0.11170E-10   0.34305E-10   0.13143E+06  -0.22410E-08
  0.587   2.400    0.51832E+05  -0.88789E-10   0.11957E-09  -0.23960E-10   0.10279E+06   0.98771E-09
  0.637   2.500    0.54232E+05   0.79012E-11   0.15538E-09  -0.74749E-10   0.78757E+05   0.10969E-08
  0.689   2.600    0.52779E+05  -0.57469E-10   0.93479E-10   0.93110E-10   0.81102E+05  -0.79490E-09
  0.743   2.700    0.54296E+05   0.32230E-10   0.80433E-10  -0.12903E-10   0.52703E+05  -0.32142E-08
  0.799   2.800    0.51250E+05  -0.52012E-10   0.10299E-09   0.46981E-10   0.49645E+05  -0.12915E-08
  0.858   2.900    0.49851E+05  -0.47152E-10  -0.17295E-10   0.27015E-10   0.38448E+05   0.23647E-10
  0.918   3.000    0.46963E+05   0.55707E-11   0.38014E-10   0.22339E-10   0.27262E+05  -0.14825E-09
  0.980   3.100    0.43987E+05   0.66194E-10   0.77726E-10   0.51408E-10   0.23415E+05  -0.79490E-09
  1.044   3.200    0.41282E+05  -0.35811E-11   0.39584E-10  -0.71054E-13   0.13065E+05   0.58117E-09
  1.110   3.300    0.38045E+05  -0.16698E-10   0.53436E-10   0.18359E-10   0.10657E+05  -0.12742E-08
  1.179   3.400    0.35464E+05  -0.81712E-11   0.22009E-10   0.18048E-10   0.37856E+04   0.35766E-09
  1.249   3.500    0.32541E+05  -0.33555E-11   0.11976E-10   0.40146E-11   0.18080E+04  -0.31264E-09
  1.322   3.600    0.30206E+05   0.38455E-10   0.48320E-10   0.26646E-10  -0.23856E+04  -0.37085E-09
  1.396   3.700    0.27743E+05  -0.87255E-11   0.22972E-10   0.19114E-10  -0.37389E+04  -0.32264E-09
  1.472   3.800    0.25789E+05   0.57447E-11  -0.54419E-11   0.27250E-10  -0.63382E+04  -0.54752E-09
  1.551   3.900    0.23762E+05  -0.30418E-10  -0.13276E-10  -0.12136E-10  -0.69472E+04   0.34339E-09
  1.632   4.000    0.22292E+05  -0.22492E-10   0.24904E-10  -0.17100E-10  -0.87117E+04  -0.38199E-10
