  0.004   0.200  -0.160336E+05 -0.665203E-01
  0.009   0.300  -0.355571E+05 -0.625325E+00
  0.016   0.400  -0.613850E+05  0.747884E+01
  0.025   0.500  -0.908527E+05  0.130932E+03
  0.037   0.600  -0.119227E+06  0.867668E+03
  0.050   0.700  -0.139836E+06  0.348214E+04
  0.065   0.800  -0.145562E+06  0.961247E+04
  0.083   0.900  -0.130939E+06  0.193582E+05
  0.102   1.000  -0.934787E+05  0.292842E+05
  0.123   1.100  -0.347235E+05  0.332396E+05
  0.147   1.200   0.368477E+05  0.267462E+05
  0.172   1.300   0.100866E+06  0.104717E+05
  0.200   1.400   0.128222E+06 -0.135974E+05
  0.229   1.500   0.101711E+06 -0.410347E+05
  0.261   1.600   0.278385E+05 -0.555215E+05
  0.295   1.700  -0.653257E+05 -0.419706E+05
  0.330   1.800  -0.125356E+06 -0.508918E+04
  0.368   1.900  -0.103173E+06  0.416035E+05
  0.408   2.000  -0.889865E+04  0.679452E+05
  0.450   2.100   0.985255E+05  0.461617E+05
  0.494   2.200   0.124307E+06 -0.988021E+04
  0.539   2.300   0.403149E+05 -0.673734E+05
  0.587   2.400  -0.840408E+05 -0.653445E+05
  0.637   2.500  -0.115832E+06 -0.285319E+04
  0.689   2.600  -0.248730E+05  0.691562E+05
  0.743   2.700   0.909831E+05  0.655479E+05
  0.799   2.800   0.845187E+05 -0.214460E+05
  0.858   2.900  -0.277617E+05 -0.770089E+05
  0.918   3.000  -0.889817E+05 -0.239792E+05
  0.980   3.100  -0.189787E+05  0.619767E+05
  1.044   3.200   0.718049E+05  0.452989E+05
  1.110   3.300   0.391205E+05 -0.451057E+05
  1.179   3.400  -0.561630E+05 -0.483687E+05
  1.249   3.500  -0.422522E+05  0.363833E+05
  1.322   3.600   0.495502E+05  0.420885E+05
  1.396   3.700   0.355630E+05 -0.358601E+05
  1.472   3.800  -0.508401E+05 -0.301716E+05
  1.551   3.900  -0.201395E+05  0.391033E+05
  1.632   4.000   0.541278E+05  0.135418E+05
