  0.004   0.200  -0.250697E-10  0.328029E-08
  0.009   0.300   0.379971E-09 -0.443006E-08
  0.016   0.400  -0.742508E-09 -0.636904E-09
  0.025   0.500  -0.156865E-08 -0.304216E-08
  0.037   0.600  -0.118457E-08  0.270766E-08
  0.050   0.700  -0.142374E-08  0.283194E-08
  0.065   0.800  -0.422645E-08 -0.230108E-08
  0.083   0.900   0.260039E-08 -0.317650E-09
  0.102   1.000   0.260142E-09 -0.202128E-08
  0.123   1.100  -0.127719E-08 -0.131530E-08
  0.147   1.200  -0.420317E-08 -0.390780E-08
  0.172   1.300  -0.493962E-09  0.127559E-08
  0.200   1.400  -0.929416E-09 -0.176945E-08
  0.229   1.500  -0.120017E-08 -0.518598E-09
  0.261   1.600  -0.834730E-09 -0.324597E-09
  0.295   1.700   0.340604E-08 -0.402312E-08
  0.330   1.800  -0.692395E-08  0.174510E-08
  0.368   1.900   0.112481E-08 -0.364848E-08
  0.408   2.000   0.422344E-08  0.237675E-08
  0.450   2.100   0.477772E-09 -0.179423E-08
  0.494   2.200   0.282653E-08  0.446171E-08
  0.539   2.300  -0.152068E-08  0.112461E-08
  0.587   2.400   0.779333E-09  0.411185E-08
  0.637   2.500   0.470122E-08 -0.822616E-09
  0.689   2.600  -0.254156E-09  0.283892E-08
  0.743   2.700   0.567107E-08 -0.223627E-08
  0.799   2.800   0.111984E-08 -0.442742E-09
  0.858   2.900   0.132963E-08  0.528027E-09
  0.918   3.000  -0.668875E-09  0.823441E-09
  0.980   3.100  -0.481006E-09 -0.237981E-08
  1.044   3.200   0.320682E-08  0.769091E-09
  1.110   3.300   0.465661E-09 -0.225611E-08
  1.179   3.400  -0.457224E-08 -0.210384E-09
  1.249   3.500  -0.266975E-08 -0.241873E-08
  1.322   3.600  -0.536896E-08  0.113797E-08
  1.396   3.700  -0.606420E-09 -0.198526E-09
  1.472   3.800   0.129903E-08 -0.138919E-09
  1.551   3.900  -0.206539E-08  0.800525E-09
  1.632   4.000  -0.694736E-09  0.226003E-09
