  0.004   0.200   0.400232E-08 -0.333317E-07
  0.009   0.300   0.743282E-09 -0.495758E-07
  0.016   0.400   0.210135E-08 -0.343462E-07
  0.025   0.500  -0.141018E-08 -0.262350E-07
  0.037   0.600   0.739540E-08 -0.310969E-08
  0.050   0.700   0.188491E-07 -0.956253E-08
  0.065   0.800  -0.100317E-07 -0.290384E-07
  0.083   0.900  -0.464855E-08 -0.138168E-07
  0.102   1.000  -0.784932E-08 -0.185593E-07
  0.123   1.100  -0.141651E-07 -0.110727E-07
  0.147   1.200   0.208595E-07  0.276070E-07
  0.172   1.300  -0.151331E-07  0.627846E-09
  0.200   1.400   0.338389E-08  0.704340E-08
  0.229   1.500  -0.986662E-08 -0.158151E-08
  0.261   1.600  -0.170637E-07 -0.151874E-07
  0.295   1.700   0.142359E-07  0.131868E-07
  0.330   1.800  -0.256375E-07 -0.911255E-08
  0.368   1.900  -0.552626E-08 -0.895988E-08
  0.408   2.000   0.138696E-07  0.461580E-07
  0.450   2.100  -0.159496E-07 -0.242312E-07
  0.494   2.200   0.263552E-07  0.661753E-08
  0.539   2.300  -0.143587E-07  0.464056E-08
  0.587   2.400  -0.158762E-07  0.168433E-07
  0.637   2.500   0.102654E-07  0.118783E-07
  0.689   2.600  -0.302332E-08  0.145274E-08
  0.743   2.700   0.131041E-07 -0.504880E-08
  0.799   2.800  -0.969763E-08  0.126542E-07
  0.858   2.900   0.348629E-08  0.570297E-08
  0.918   3.000   0.610821E-08 -0.110850E-08
  0.980   3.100   0.191380E-09 -0.679389E-08
  1.044   3.200   0.903245E-08  0.503278E-08
  1.110   3.300   0.139670E-07 -0.450452E-08
  1.179   3.400   0.265538E-08 -0.126733E-07
  1.249   3.500   0.138869E-07  0.617393E-08
  1.322   3.600   0.203712E-07  0.141255E-08
  1.396   3.700   0.151284E-07  0.149061E-07
  1.472   3.800  -0.256423E-07 -0.546161E-09
  1.551   3.900   0.325114E-08 -0.933070E-08
  1.632   4.000  -0.281946E-08 -0.175408E-07
