  0.004   0.200  -0.119356E+07 -0.571350E+01
  0.009   0.300  -0.261621E+07 -0.702900E+02
  0.016   0.400  -0.445941E+07  0.244840E+03
  0.025   0.500  -0.653499E+07  0.730995E+04
  0.037   0.600  -0.856377E+07  0.520730E+05
  0.050   0.700  -0.102052E+08  0.215701E+06
  0.065   0.800  -0.111535E+08  0.613869E+06
  0.083   0.900  -0.112401E+08  0.129359E+07
  0.102   1.000  -0.104479E+08  0.210960E+07
  0.123   1.100  -0.884225E+07  0.271798E+07
  0.147   1.200  -0.650748E+07  0.275084E+07
  0.172   1.300  -0.361662E+07  0.213216E+07
  0.200   1.400  -0.718812E+06  0.116977E+07
  0.229   1.500   0.138766E+07  0.135482E+06
  0.261   1.600   0.233220E+07 -0.747973E+06
  0.295   1.700   0.217235E+07 -0.104613E+07
  0.330   1.800   0.106279E+07 -0.647206E+06
  0.368   1.900  -0.273527E+06 -0.708890E+05
  0.408   2.000  -0.105590E+07  0.390488E+06
  0.450   2.100  -0.105698E+07  0.341085E+06
  0.494   2.200  -0.257359E+06  0.946609E+04
  0.539   2.300   0.463971E+06 -0.205525E+06
  0.587   2.400   0.693847E+06 -0.897821E+05
  0.637   2.500   0.187457E+06  0.103367E+06
  0.689   2.600  -0.318104E+06  0.136754E+06
  0.743   2.700  -0.401128E+06 -0.795914E+05
  0.799   2.800  -0.402382E+05 -0.113641E+06
  0.858   2.900   0.309462E+06  0.405612E+04
  0.918   3.000   0.194426E+06  0.101573E+06
  0.980   3.100  -0.135062E+06  0.368074E+05
  1.044   3.200  -0.229738E+06 -0.901354E+05
  1.110   3.300   0.188246E+05 -0.424044E+05
  1.179   3.400   0.220668E+06  0.802292E+05
  1.249   3.500   0.316922E+05  0.363530E+05
  1.322   3.600  -0.207617E+06 -0.781631E+05
  1.396   3.700  -0.371718E+05 -0.224638E+05
  1.472   3.800   0.204347E+06  0.818232E+05
  1.551   3.900   0.121355E+05 -0.398725E+04
  1.632   4.000  -0.223137E+06 -0.801532E+05
