  0.004   0.200  -0.258936E+04 -0.182256E+07
  0.009   0.300  -0.121469E+05 -0.175430E+07
  0.016   0.400  -0.340622E+05 -0.165221E+07
  0.025   0.500  -0.701043E+05 -0.151626E+07
  0.037   0.600  -0.115514E+06 -0.134879E+07
  0.050   0.700  -0.158705E+06 -0.115264E+07
  0.065   0.800  -0.184787E+06 -0.929960E+06
  0.083   0.900  -0.182807E+06 -0.683658E+06
  0.102   1.000  -0.153401E+06 -0.424343E+06
  0.123   1.100  -0.106852E+06 -0.179372E+06
  0.147   1.200  -0.506577E+05  0.139549E+05
  0.172   1.300   0.993990E+04  0.131896E+06
  0.200   1.400   0.586879E+05  0.173065E+06
  0.229   1.500   0.725808E+05  0.147024E+06
  0.261   1.600   0.501126E+05  0.709547E+05
  0.295   1.700   0.136735E+05 -0.121181E+05
  0.330   1.800  -0.209591E+05 -0.616704E+05
  0.368   1.900  -0.320376E+05 -0.677989E+05
  0.408   2.000  -0.138311E+05 -0.301747E+05
  0.450   2.100   0.684600E+04  0.153245E+05
  0.494   2.200   0.173669E+05  0.378915E+05
  0.539   2.300   0.376152E+04  0.246538E+05
  0.587   2.400  -0.763966E+04 -0.570321E+04
  0.637   2.500  -0.962213E+04 -0.233279E+05
  0.689   2.600   0.275751E+04 -0.121505E+05
  0.743   2.700   0.783301E+04  0.648091E+04
  0.799   2.800   0.131276E+04  0.152257E+05
  0.858   2.900  -0.476841E+04  0.376272E+04
  0.918   3.000  -0.385885E+04 -0.959300E+04
  0.980   3.100   0.298985E+04 -0.777337E+04
  1.044   3.200   0.384953E+04  0.373708E+04
  1.110   3.300  -0.211395E+04  0.851693E+04
  1.179   3.400  -0.319331E+04 -0.460716E+03
  1.249   3.500   0.197815E+04 -0.813638E+04
  1.322   3.600   0.255285E+04 -0.684657E+03
  1.396   3.700  -0.242474E+04  0.770212E+04
  1.472   3.800  -0.168224E+04  0.427657E+03
  1.551   3.900   0.301906E+04 -0.762548E+04
  1.632   4.000   0.159719E+03  0.742688E+03
