  0.000   0.000    0.12326E+00   0.72823E+00   0.24889E+04  -0.27136E+01   0.41306E+00  -0.61477E-06
 -1.000  -1.000    0.48491E-01   0.28723E+00   0.18634E+04  -0.41595E+01   0.61223E+00  -0.63373E-06
  0.120   0.990    0.12970E+00   0.76656E+00   0.24677E+04  -0.25996E+01   0.39699E+00  -0.61851E-06
  0.207   1.400    0.13932E+00   0.82652E+00   0.23795E+04  -0.24887E+01   0.38137E+00  -0.59892E-06
  0.301   1.715    0.15361E+00   0.91058E+00   0.22284E+04  -0.24050E+01   0.37031E+00  -0.61931E-06
  0.400   1.981    0.16818E+00   0.10047E+01   0.20758E+04  -0.23454E+01   0.36284E+00  -0.63761E-06
  0.500   2.214    0.18301E+00   0.11057E+01   0.19487E+04  -0.22975E+01   0.35707E+00  -0.62456E-06
  0.600   2.426    0.19933E+00   0.11836E+01   0.18483E+04  -0.22556E+01   0.35226E+00  -0.66973E-06
  0.700   2.620    0.20544E+00   0.12223E+01   0.17709E+04  -0.22128E+01   0.34660E+00  -0.68064E-06
  0.800   2.801    0.19701E+00   0.12065E+01   0.17121E+04  -0.21670E+01   0.34047E+00  -0.69800E-06
  0.900   2.971    0.19400E+00   0.11544E+01   0.16684E+04  -0.21191E+01   0.33513E+00  -0.71240E-06
  1.000   3.132    0.17392E+00   0.10469E+01   0.16337E+04  -0.20632E+01   0.32829E+00  -0.74329E-06
  1.100   3.284    0.15477E+00   0.91714E+00   0.16133E+04  -0.20053E+01   0.32110E+00  -0.76912E-06
  1.200   3.430    0.12702E+00   0.76476E+00   0.16009E+04  -0.19407E+01   0.31401E+00  -0.76622E-06
  1.300   3.571    0.10061E+00   0.61097E+00   0.15945E+04  -0.18686E+01   0.30408E+00  -0.79571E-06
  1.400   3.705    0.79322E-01   0.47200E+00   0.15927E+04  -0.17912E+01   0.29583E+00  -0.87941E-06
  1.500   3.835    0.55907E-01   0.34154E+00   0.15943E+04  -0.16984E+01   0.28625E+00  -0.79151E-06
  1.600   3.961    0.40022E-01   0.23363E+00   0.15989E+04  -0.16064E+01   0.27288E+00  -0.92439E-06
  1.700   4.083    0.24680E-01   0.14193E+00   0.16052E+04  -0.15033E+01   0.26175E+00  -0.82457E-06
  1.800   4.201    0.93586E-02   0.63801E-01   0.16127E+04  -0.13815E+01   0.24411E+00  -0.79613E-06
  1.900   4.317    0.27681E-02   0.53463E-02   0.16211E+04  -0.12578E+01   0.22769E+00   0.14715E-05
  2.000   4.429   -0.37225E-02  -0.40517E-01   0.16300E+04  -0.11306E+01   0.21452E+00  -0.78101E-06
  2.100   4.538   -0.37892E-01  -0.95372E-01   0.16391E+04  -0.10038E+01   0.20426E+00   0.89992E-06
  2.200   4.645   -0.12805E-01  -0.10428E+00   0.16483E+04  -0.86355E+00   0.18119E+00   0.49489E-06
  2.300   4.749   -0.15879E-01  -0.13616E+00   0.16574E+04  -0.72996E+00   0.16116E+00  -0.89130E-06
  2.400   4.851   -0.12350E-01  -0.13334E+00   0.16663E+04  -0.60184E+00   0.14622E+00  -0.74518E-06
  2.500   4.951   -0.10532E-01  -0.13857E+00   0.16751E+04  -0.48520E+00   0.12901E+00  -0.75525E-06
  2.600   5.049   -0.68070E-02  -0.13292E+00   0.16836E+04  -0.37923E+00   0.11615E+00  -0.99743E-06
  2.700   5.146   -0.10481E-01  -0.14396E+00   0.16920E+04  -0.30317E+00   0.10733E+00  -0.10169E-05
  2.800   5.240   -0.65883E-02  -0.13027E+00   0.17000E+04  -0.23409E+00   0.10003E+00  -0.68998E-06
  2.900   5.333   -0.34175E-02  -0.12001E+00   0.17078E+04  -0.19243E+00   0.92295E-01  -0.82312E-06
  3.000   5.424   -0.39612E-02  -0.10954E+00   0.17152E+04  -0.17520E+00   0.91891E-01  -0.79858E-06
