  0.000   0.000   -0.11778E+01   0.45569E+02  -0.32318E+01   0.23368E+03  -0.33406E+01  -0.17007E-06
 -1.000  -1.000   -0.47215E+00   0.30437E+02  -0.23019E+01   0.23184E+03  -0.34177E+01  -0.20056E-06
  0.120   0.990   -0.12538E+01   0.46692E+02  -0.32078E+01   0.23644E+03  -0.33480E+01  -0.14754E-06
  0.207   1.400   -0.13595E+01   0.46031E+02  -0.30899E+01   0.23708E+03  -0.33481E+01  -0.13980E-06
  0.301   1.715   -0.14840E+01   0.45549E+02  -0.28751E+01   0.23774E+03  -0.33470E+01  -0.13298E-06
  0.400   1.981   -0.16076E+01   0.45997E+02  -0.26520E+01   0.23832E+03  -0.33430E+01  -0.13039E-06
  0.500   2.214   -0.17059E+01   0.47951E+02  -0.24659E+01   0.23877E+03  -0.33361E+01  -0.10985E-06
  0.600   2.426   -0.17619E+01   0.51693E+02  -0.23179E+01   0.23908E+03  -0.33268E+01  -0.11227E-06
  0.700   2.620   -0.17557E+01   0.57165E+02  -0.21995E+01   0.23928E+03  -0.33169E+01  -0.11196E-06
  0.800   2.801   -0.16789E+01   0.63902E+02  -0.21063E+01   0.23938E+03  -0.33081E+01  -0.11850E-06
  0.900   2.971   -0.15366E+01   0.71174E+02  -0.20412E+01   0.23939E+03  -0.33010E+01  -0.10899E-06
  1.000   3.132   -0.13447E+01   0.77253E+02  -0.19878E+01   0.23814E+03  -0.32932E+01  -0.10717E-06
  1.100   3.284   -0.11211E+01   0.83589E+02  -0.19532E+01   0.23873E+03  -0.32944E+01  -0.11049E-06
  1.200   3.430   -0.89019E+00   0.88487E+02  -0.19268E+01   0.23941E+03  -0.32984E+01  -0.10051E-06
  1.300   3.571   -0.67063E+00   0.91743E+02  -0.19092E+01   0.24010E+03  -0.33035E+01  -0.10763E-06
  1.400   3.705   -0.47365E+00   0.93425E+02  -0.19033E+01   0.24076E+03  -0.33083E+01  -0.86830E-07
  1.500   3.835   -0.30664E+00   0.93697E+02  -0.18927E+01   0.24133E+03  -0.33117E+01  -0.87399E-07
  1.600   3.961   -0.16886E+00   0.92825E+02  -0.19001E+01   0.24189E+03  -0.33125E+01  -0.82719E-07
  1.700   4.083   -0.58995E-01   0.91120E+02  -0.19082E+01   0.24233E+03  -0.33110E+01  -0.72482E-07
  1.800   4.201    0.25842E-01   0.88758E+02  -0.19025E+01   0.24268E+03  -0.33079E+01  -0.61019E-07
  1.900   4.317    0.89742E-01   0.85955E+02  -0.19086E+01   0.24293E+03  -0.33006E+01  -0.71578E-07
  2.000   4.429    0.13655E+00   0.82902E+02  -0.19187E+01   0.24311E+03  -0.32907E+01  -0.42122E-07
  2.100   4.538    0.17622E+00   0.79623E+02  -0.19283E+01   0.24319E+03  -0.32797E+01  -0.10889E-05
  2.200   4.645    0.19351E+00   0.76376E+02  -0.19327E+01   0.24323E+03  -0.32642E+01  -0.26102E-07
  2.300   4.749    0.21191E+00   0.73012E+02  -0.19324E+01   0.24319E+03  -0.32459E+01  -0.31156E-07
  2.400   4.851    0.21524E+00   0.69909E+02  -0.19428E+01   0.24314E+03  -0.32273E+01  -0.63273E-08
  2.500   4.951    0.21369E+00   0.66628E+02  -0.19459E+01   0.24299E+03  -0.32020E+01  -0.10062E-07
  2.600   5.049    0.20563E+00   0.63545E+02  -0.19482E+01   0.24282E+03  -0.31755E+01  -0.45104E-07
  2.700   5.146    0.20352E+00   0.60602E+02  -0.19590E+01   0.24263E+03  -0.31473E+01   0.11828E-08
  2.800   5.240    0.18982E+00   0.57737E+02  -0.19546E+01   0.24240E+03  -0.31163E+01   0.90593E-07
  2.900   5.333    0.17391E+00   0.55026E+02  -0.19531E+01   0.24217E+03  -0.30831E+01   0.20783E-07
  3.000   5.424    0.15819E+00   0.52415E+02  -0.19467E+01   0.24185E+03  -0.30479E+01   0.14020E-07
