  0.000   0.000  -0.000000E+00  0.000000E+00
  0.000   0.000  -0.000000E+00  0.000000E+00
  0.000   0.000  -0.000000E+00  0.000000E+00
  0.000   0.000  -0.000000E+00  0.000000E+00
  0.000   0.000  -0.000000E+00  0.000000E+00
  0.000   0.000  -0.000000E+00  0.000000E+00
  0.000   0.000  -0.000000E+00  0.000000E+00
  0.000   0.000  -0.000000E+00  0.000000E+00
  0.000   0.000  -0.000000E+00  0.000000E+00
  0.000   0.000  -0.000000E+00  0.000000E+00
  0.000   0.000  -0.000000E+00  0.000000E+00
  0.000   0.000  -0.000000E+00  0.000000E+00
  0.000   0.000  -0.000000E+00  0.000000E+00
  0.000   0.000  -0.000000E+00  0.000000E+00
  0.000   0.000  -0.000000E+00  0.000000E+00
  0.000   0.000  -0.000000E+00  0.000000E+00
  0.000   0.000  -0.000000E+00  0.000000E+00
  0.000   0.000  -0.000000E+00  0.000000E+00
  0.000   0.000   0.000000E+00 -0.000000E+00
  0.000   0.000   0.000000E+00 -0.000000E+00
  0.000   0.000   0.000000E+00 -0.000000E+00
  0.000   0.000   0.000000E+00 -0.000000E+00
  0.000   0.000   0.000000E+00 -0.000000E+00
  0.000   0.000   0.000000E+00 -0.000000E+00
  0.000   0.000   0.000000E+00 -0.000000E+00
  0.000   0.000   0.000000E+00 -0.000000E+00
  0.000   0.000   0.000000E+00 -0.000000E+00
  0.000   0.000   0.000000E+00 -0.000000E+00
  0.000   0.000   0.000000E+00 -0.000000E+00
  0.000   0.000   0.000000E+00 -0.000000E+00
  0.000   0.000   0.000000E+00 -0.000000E+00
  0.000   0.000   0.000000E+00 -0.000000E+00
  0.000   0.000   0.000000E+00 -0.000000E+00
  0.000   0.000   0.000000E+00 -0.000000E+00
  0.000   0.000   0.000000E+00 -0.000000E+00
  0.000   0.000   0.000000E+00 -0.000000E+00
 -1.000  -1.000            NaN           NaN
 -1.000  -1.000            NaN           NaN
 -1.000  -1.000            NaN           NaN
 -1.000  -1.000            NaN           NaN
 -1.000  -1.000            NaN           NaN
 -1.000  -1.000            NaN           NaN
 -1.000  -1.000            NaN           NaN
 -1.000  -1.000            NaN           NaN
 -1.000  -1.000            NaN           NaN
 -1.000  -1.000            NaN           NaN
 -1.000  -1.000            NaN           NaN
 -1.000  -1.000            NaN           NaN
 -1.000  -1.000            NaN           NaN
 -1.000  -1.000            NaN           NaN
 -1.000  -1.000            NaN           NaN
 -1.000  -1.000            NaN           NaN
 -1.000  -1.000            NaN           NaN
 -1.000  -1.000            NaN           NaN
 -1.000  -1.000            NaN           NaN
 -1.000  -1.000            NaN           NaN
 -1.000  -1.000            NaN           NaN
 -1.000  -1.000            NaN           NaN
 -1.000  -1.000            NaN           NaN
 -1.000  -1.000            NaN           NaN
 -1.000  -1.000            NaN           NaN
 -1.000  -1.000            NaN           NaN
 -1.000  -1.000            NaN           NaN
 -1.000  -1.000            NaN           NaN
 -1.000  -1.000            NaN           NaN
 -1.000  -1.000            NaN           NaN
 -1.000  -1.000            NaN           NaN
 -1.000  -1.000            NaN           NaN
 -1.000  -1.000            NaN           NaN
 -1.000  -1.000            NaN           NaN
 -1.000  -1.000            NaN           NaN
 -1.000  -1.000            NaN           NaN
  0.120   0.990  -0.377333E+03 -0.276224E+05
  0.120   0.990  -0.378307E+03 -0.276222E+05
  0.120   0.990  -0.379223E+03 -0.276220E+05
  0.120   0.990  -0.380053E+03 -0.276218E+05
  0.120   0.990  -0.380772E+03 -0.276217E+05
  0.120   0.990  -0.381359E+03 -0.276217E+05
  0.120   0.990  -0.381794E+03 -0.276217E+05
  0.120   0.990  -0.382065E+03 -0.276218E+05
  0.120   0.990  -0.382163E+03 -0.276220E+05
  0.120   0.990  -0.382085E+03 -0.276222E+05
  0.120   0.990  -0.381833E+03 -0.276224E+05
  0.120   0.990  -0.381414E+03 -0.276226E+05
  0.120   0.990  -0.380842E+03 -0.276228E+05
  0.120   0.990  -0.380134E+03 -0.276229E+05
  0.120   0.990  -0.379311E+03 -0.276229E+05
  0.120   0.990  -0.378399E+03 -0.276229E+05
  0.120   0.990  -0.377425E+03 -0.276228E+05
  0.120   0.990  -0.376419E+03 -0.276227E+05
  0.120   0.990  -0.375412E+03 -0.276225E+05
  0.120   0.990  -0.374433E+03 -0.276223E+05
  0.120   0.990  -0.373512E+03 -0.276221E+05
  0.120   0.990  -0.372678E+03 -0.276219E+05
  0.120   0.990  -0.371957E+03 -0.276218E+05
  0.120   0.990  -0.371369E+03 -0.276218E+05
  0.120   0.990  -0.370934E+03 -0.276218E+05
  0.120   0.990  -0.370665E+03 -0.276219E+05
  0.120   0.990  -0.370571E+03 -0.276221E+05
  0.120   0.990  -0.370654E+03 -0.276223E+05
  0.120   0.990  -0.370911E+03 -0.276225E+05
  0.120   0.990  -0.371334E+03 -0.276227E+05
  0.120   0.990  -0.371911E+03 -0.276229E+05
  0.120   0.990  -0.372621E+03 -0.276230E+05
  0.120   0.990  -0.373445E+03 -0.276230E+05
  0.120   0.990  -0.374356E+03 -0.276230E+05
  0.120   0.990  -0.375328E+03 -0.276228E+05
  0.120   0.990  -0.376330E+03 -0.276227E+05
  0.207   1.400  -0.107784E+04 -0.239907E+05
  0.207   1.400  -0.107939E+04 -0.239900E+05
  0.207   1.400  -0.108085E+04 -0.239894E+05
  0.207   1.400  -0.108218E+04 -0.239889E+05
  0.207   1.400  -0.108333E+04 -0.239886E+05
  0.207   1.400  -0.108428E+04 -0.239884E+05
  0.207   1.400  -0.108499E+04 -0.239885E+05
  0.207   1.400  -0.108544E+04 -0.239888E+05
  0.207   1.400  -0.108561E+04 -0.239892E+05
  0.207   1.400  -0.108550E+04 -0.239898E+05
  0.207   1.400  -0.108511E+04 -0.239904E+05
  0.207   1.400  -0.108444E+04 -0.239910E+05
  0.207   1.400  -0.108353E+04 -0.239915E+05
  0.207   1.400  -0.108239E+04 -0.239918E+05
  0.207   1.400  -0.108107E+04 -0.239920E+05
  0.207   1.400  -0.107960E+04 -0.239919E+05
  0.207   1.400  -0.107802E+04 -0.239917E+05
  0.207   1.400  -0.107640E+04 -0.239913E+05
  0.207   1.400  -0.107476E+04 -0.239908E+05
  0.207   1.400  -0.107317E+04 -0.239902E+05
  0.207   1.400  -0.107167E+04 -0.239897E+05
  0.207   1.400  -0.107032E+04 -0.239893E+05
  0.207   1.400  -0.106914E+04 -0.239890E+05
  0.207   1.400  -0.106819E+04 -0.239889E+05
  0.207   1.400  -0.106748E+04 -0.239890E+05
  0.207   1.400  -0.106705E+04 -0.239893E+05
  0.207   1.400  -0.106691E+04 -0.239898E+05
  0.207   1.400  -0.106706E+04 -0.239904E+05
  0.207   1.400  -0.106749E+04 -0.239909E+05
  0.207   1.400  -0.106820E+04 -0.239915E+05
  0.207   1.400  -0.106914E+04 -0.239919E+05
  0.207   1.400  -0.107030E+04 -0.239922E+05
  0.207   1.400  -0.107163E+04 -0.239923E+05
  0.207   1.400  -0.107309E+04 -0.239921E+05
  0.207   1.400  -0.107465E+04 -0.239918E+05
  0.207   1.400  -0.107624E+04 -0.239913E+05
  0.301   1.715  -0.194147E+04 -0.208629E+05
  0.301   1.715  -0.194356E+04 -0.208616E+05
  0.301   1.715  -0.194553E+04 -0.208604E+05
  0.301   1.715  -0.194734E+04 -0.208594E+05
  0.301   1.715  -0.194892E+04 -0.208587E+05
  0.301   1.715  -0.195023E+04 -0.208584E+05
  0.301   1.715  -0.195123E+04 -0.208585E+05
  0.301   1.715  -0.195188E+04 -0.208591E+05
  0.301   1.715  -0.195215E+04 -0.208600E+05
  0.301   1.715  -0.195204E+04 -0.208611E+05
  0.301   1.715  -0.195153E+04 -0.208624E+05
  0.301   1.715  -0.195065E+04 -0.208636E+05
  0.301   1.715  -0.194941E+04 -0.208646E+05
  0.301   1.715  -0.194785E+04 -0.208653E+05
  0.301   1.715  -0.194603E+04 -0.208656E+05
  0.301   1.715  -0.194399E+04 -0.208655E+05
  0.301   1.715  -0.194179E+04 -0.208650E+05
  0.301   1.715  -0.193952E+04 -0.208642E+05
  0.301   1.715  -0.193722E+04 -0.208631E+05
  0.301   1.715  -0.193499E+04 -0.208620E+05
  0.301   1.715  -0.193288E+04 -0.208610E+05
  0.301   1.715  -0.193096E+04 -0.208602E+05
  0.301   1.715  -0.192931E+04 -0.208596E+05
  0.301   1.715  -0.192797E+04 -0.208595E+05
  0.301   1.715  -0.192700E+04 -0.208597E+05
  0.301   1.715  -0.192642E+04 -0.208603E+05
  0.301   1.715  -0.192625E+04 -0.208613E+05
  0.301   1.715  -0.192650E+04 -0.208624E+05
  0.301   1.715  -0.192715E+04 -0.208636E+05
  0.301   1.715  -0.192818E+04 -0.208647E+05
  0.301   1.715  -0.192953E+04 -0.208655E+05
  0.301   1.715  -0.193116E+04 -0.208661E+05
  0.301   1.715  -0.193301E+04 -0.208662E+05
  0.301   1.715  -0.193503E+04 -0.208659E+05
  0.301   1.715  -0.193715E+04 -0.208652E+05
  0.301   1.715  -0.193932E+04 -0.208642E+05
  0.400   1.981  -0.274061E+04 -0.182050E+05
  0.400   1.981  -0.274317E+04 -0.182029E+05
  0.400   1.981  -0.274559E+04 -0.182008E+05
  0.400   1.981  -0.274781E+04 -0.181991E+05
  0.400   1.981  -0.274979E+04 -0.181980E+05
  0.400   1.981  -0.275145E+04 -0.181975E+05
  0.400   1.981  -0.275275E+04 -0.181978E+05
  0.400   1.981  -0.275363E+04 -0.181987E+05
  0.400   1.981  -0.275404E+04 -0.182002E+05
  0.400   1.981  -0.275396E+04 -0.182021E+05
  0.400   1.981  -0.275339E+04 -0.182042E+05
  0.400   1.981  -0.275232E+04 -0.182062E+05
  0.400   1.981  -0.275080E+04 -0.182080E+05
  0.400   1.981  -0.274885E+04 -0.182091E+05
  0.400   1.981  -0.274655E+04 -0.182096E+05
  0.400   1.981  -0.274396E+04 -0.182094E+05
  0.400   1.981  -0.274117E+04 -0.182085E+05
  0.400   1.981  -0.273825E+04 -0.182071E+05
  0.400   1.981  -0.273530E+04 -0.182054E+05
  0.400   1.981  -0.273241E+04 -0.182035E+05
  0.400   1.981  -0.272967E+04 -0.182017E+05
  0.400   1.981  -0.272719E+04 -0.182003E+05
  0.400   1.981  -0.272504E+04 -0.181994E+05
  0.400   1.981  -0.272332E+04 -0.181991E+05
  0.400   1.981  -0.272208E+04 -0.181995E+05
  0.400   1.981  -0.272136E+04 -0.182005E+05
  0.400   1.981  -0.272120E+04 -0.182021E+05
  0.400   1.981  -0.272159E+04 -0.182040E+05
  0.400   1.981  -0.272250E+04 -0.182060E+05
  0.400   1.981  -0.272388E+04 -0.182079E+05
  0.400   1.981  -0.272567E+04 -0.182094E+05
  0.400   1.981  -0.272778E+04 -0.182103E+05
  0.400   1.981  -0.273014E+04 -0.182106E+05
  0.400   1.981  -0.273268E+04 -0.182101E+05
  0.400   1.981  -0.273531E+04 -0.182089E+05
  0.400   1.981  -0.273797E+04 -0.182071E+05
  0.500   2.214  -0.340716E+04 -0.158973E+05
  0.500   2.214  -0.341010E+04 -0.158941E+05
  0.500   2.214  -0.341289E+04 -0.158911E+05
  0.500   2.214  -0.341549E+04 -0.158887E+05
  0.500   2.214  -0.341782E+04 -0.158871E+05
  0.500   2.214  -0.341983E+04 -0.158864E+05
  0.500   2.214  -0.342143E+04 -0.158868E+05
  0.500   2.214  -0.342255E+04 -0.158881E+05
  0.500   2.214  -0.342313E+04 -0.158904E+05
  0.500   2.214  -0.342313E+04 -0.158932E+05
  0.500   2.214  -0.342252E+04 -0.158964E+05
  0.500   2.214  -0.342131E+04 -0.158994E+05
  0.500   2.214  -0.341953E+04 -0.159020E+05
  0.500   2.214  -0.341723E+04 -0.159037E+05
  0.500   2.214  -0.341449E+04 -0.159045E+05
  0.500   2.214  -0.341139E+04 -0.159041E+05
  0.500   2.214  -0.340802E+04 -0.159026E+05
  0.500   2.214  -0.340449E+04 -0.159004E+05
  0.500   2.214  -0.340090E+04 -0.158977E+05
  0.500   2.214  -0.339737E+04 -0.158948E+05
  0.500   2.214  -0.339402E+04 -0.158921E+05
  0.500   2.214  -0.339097E+04 -0.158900E+05
  0.500   2.214  -0.338833E+04 -0.158886E+05
  0.500   2.214  -0.338622E+04 -0.158882E+05
  0.500   2.214  -0.338472E+04 -0.158887E+05
  0.500   2.214  -0.338389E+04 -0.158902E+05
  0.500   2.214  -0.338376E+04 -0.158925E+05
  0.500   2.214  -0.338431E+04 -0.158953E+05
  0.500   2.214  -0.338551E+04 -0.158983E+05
  0.500   2.214  -0.338727E+04 -0.159012E+05
  0.500   2.214  -0.338950E+04 -0.159036E+05
  0.500   2.214  -0.339210E+04 -0.159050E+05
  0.500   2.214  -0.339495E+04 -0.159055E+05
  0.500   2.214  -0.339795E+04 -0.159047E+05
  0.500   2.214  -0.340104E+04 -0.159030E+05
  0.500   2.214  -0.340412E+04 -0.159004E+05
  0.600   2.426  -0.393571E+04 -0.138653E+05
  0.600   2.426  -0.393892E+04 -0.138609E+05
  0.600   2.426  -0.394199E+04 -0.138569E+05
  0.600   2.426  -0.394487E+04 -0.138536E+05
  0.600   2.426  -0.394750E+04 -0.138515E+05
  0.600   2.426  -0.394981E+04 -0.138506E+05
  0.600   2.426  -0.395169E+04 -0.138512E+05
  0.600   2.426  -0.395306E+04 -0.138530E+05
  0.600   2.426  -0.395381E+04 -0.138561E+05
  0.600   2.426  -0.395388E+04 -0.138601E+05
  0.600   2.426  -0.395325E+04 -0.138645E+05
  0.600   2.426  -0.395191E+04 -0.138687E+05
  0.600   2.426  -0.394991E+04 -0.138723E+05
  0.600   2.426  -0.394730E+04 -0.138747E+05
  0.600   2.426  -0.394417E+04 -0.138756E+05
  0.600   2.426  -0.394063E+04 -0.138749E+05
  0.600   2.426  -0.393677E+04 -0.138727E+05
  0.600   2.426  -0.393271E+04 -0.138695E+05
  0.600   2.426  -0.392857E+04 -0.138655E+05
  0.600   2.426  -0.392447E+04 -0.138614E+05
  0.600   2.426  -0.392057E+04 -0.138577E+05
  0.600   2.426  -0.391700E+04 -0.138546E+05
  0.600   2.426  -0.391391E+04 -0.138527E+05
  0.600   2.426  -0.391145E+04 -0.138520E+05
  0.600   2.426  -0.390972E+04 -0.138527E+05
  0.600   2.426  -0.390881E+04 -0.138547E+05
  0.600   2.426  -0.390873E+04 -0.138578E+05
  0.600   2.426  -0.390948E+04 -0.138617E+05
  0.600   2.426  -0.391097E+04 -0.138660E+05
  0.600   2.426  -0.391312E+04 -0.138701E+05
  0.600   2.426  -0.391578E+04 -0.138735E+05
  0.600   2.426  -0.391883E+04 -0.138756E+05
  0.600   2.426  -0.392212E+04 -0.138763E+05
  0.600   2.426  -0.392553E+04 -0.138754E+05
  0.600   2.426  -0.392897E+04 -0.138730E+05
  0.600   2.426  -0.393238E+04 -0.138695E+05
  0.700   2.620  -0.433341E+04 -0.120616E+05
  0.700   2.620  -0.433679E+04 -0.120560E+05
  0.700   2.620  -0.434003E+04 -0.120509E+05
  0.700   2.620  -0.434311E+04 -0.120468E+05
  0.700   2.620  -0.434598E+04 -0.120441E+05
  0.700   2.620  -0.434855E+04 -0.120431E+05
  0.700   2.620  -0.435070E+04 -0.120438E+05
  0.700   2.620  -0.435230E+04 -0.120462E+05
  0.700   2.620  -0.435323E+04 -0.120503E+05
  0.700   2.620  -0.435339E+04 -0.120554E+05
  0.700   2.620  -0.435275E+04 -0.120612E+05
  0.700   2.620  -0.435130E+04 -0.120668E+05
  0.700   2.620  -0.434910E+04 -0.120715E+05
  0.700   2.620  -0.434623E+04 -0.120746E+05
  0.700   2.620  -0.434281E+04 -0.120757E+05
  0.700   2.620  -0.433893E+04 -0.120746E+05
  0.700   2.620  -0.433472E+04 -0.120716E+05
  0.700   2.620  -0.433028E+04 -0.120671E+05
  0.700   2.620  -0.432573E+04 -0.120617E+05
  0.700   2.620  -0.432119E+04 -0.120562E+05
  0.700   2.620  -0.431683E+04 -0.120512E+05
  0.700   2.620  -0.431282E+04 -0.120472E+05
  0.700   2.620  -0.430934E+04 -0.120446E+05
  0.700   2.620  -0.430657E+04 -0.120436E+05
  0.700   2.620  -0.430465E+04 -0.120444E+05
  0.700   2.620  -0.430366E+04 -0.120469E+05
  0.700   2.620  -0.430364E+04 -0.120510E+05
  0.700   2.620  -0.430456E+04 -0.120561E+05
  0.700   2.620  -0.430632E+04 -0.120618E+05
  0.700   2.620  -0.430879E+04 -0.120673E+05
  0.700   2.620  -0.431182E+04 -0.120719E+05
  0.700   2.620  -0.431523E+04 -0.120749E+05
  0.700   2.620  -0.431887E+04 -0.120759E+05
  0.700   2.620  -0.432259E+04 -0.120747E+05
  0.700   2.620  -0.432629E+04 -0.120716E+05
  0.700   2.620  -0.432991E+04 -0.120671E+05
  0.800   2.801  -0.461207E+04 -0.104530E+05
  0.800   2.801  -0.461550E+04 -0.104461E+05
  0.800   2.801  -0.461881E+04 -0.104398E+05
  0.800   2.801  -0.462200E+04 -0.104349E+05
  0.800   2.801  -0.462503E+04 -0.104317E+05
  0.800   2.801  -0.462782E+04 -0.104304E+05
  0.800   2.801  -0.463021E+04 -0.104313E+05
  0.800   2.801  -0.463204E+04 -0.104343E+05
  0.800   2.801  -0.463313E+04 -0.104393E+05
  0.800   2.801  -0.463338E+04 -0.104458E+05
  0.800   2.801  -0.463271E+04 -0.104530E+05
  0.800   2.801  -0.463114E+04 -0.104602E+05
  0.800   2.801  -0.462877E+04 -0.104661E+05
  0.800   2.801  -0.462570E+04 -0.104701E+05
  0.800   2.801  -0.462208E+04 -0.104714E+05
  0.800   2.801  -0.461802E+04 -0.104698E+05
  0.800   2.801  -0.461365E+04 -0.104657E+05
  0.800   2.801  -0.460903E+04 -0.104598E+05
  0.800   2.801  -0.460426E+04 -0.104528E+05
  0.800   2.801  -0.459946E+04 -0.104457E+05
  0.800   2.801  -0.459480E+04 -0.104393E+05
  0.800   2.801  -0.459046E+04 -0.104343E+05
  0.800   2.801  -0.458668E+04 -0.104310E+05
  0.800   2.801  -0.458366E+04 -0.104297E+05
  0.800   2.801  -0.458157E+04 -0.104306E+05
  0.800   2.801  -0.458053E+04 -0.104336E+05
  0.800   2.801  -0.458054E+04 -0.104386E+05
  0.800   2.801  -0.458157E+04 -0.104451E+05
  0.800   2.801  -0.458351E+04 -0.104523E+05
  0.800   2.801  -0.458620E+04 -0.104595E+05
  0.800   2.801  -0.458946E+04 -0.104655E+05
  0.800   2.801  -0.459312E+04 -0.104694E+05
  0.800   2.801  -0.459699E+04 -0.104708E+05
  0.800   2.801  -0.460091E+04 -0.104694E+05
  0.800   2.801  -0.460477E+04 -0.104655E+05
  0.800   2.801  -0.460850E+04 -0.104597E+05
  0.900   2.971  -0.478460E+04 -0.901296E+04
  0.900   2.971  -0.478805E+04 -0.900467E+04
  0.900   2.971  -0.479138E+04 -0.899727E+04
  0.900   2.971  -0.479464E+04 -0.899146E+04
  0.900   2.971  -0.479780E+04 -0.898768E+04
  0.900   2.971  -0.480077E+04 -0.898623E+04
  0.900   2.971  -0.480337E+04 -0.898729E+04
  0.900   2.971  -0.480539E+04 -0.899089E+04
  0.900   2.971  -0.480659E+04 -0.899686E+04
  0.900   2.971  -0.480681E+04 -0.900472E+04
  0.900   2.971  -0.480600E+04 -0.901363E+04
  0.900   2.971  -0.480420E+04 -0.902243E+04
  0.900   2.971  -0.480154E+04 -0.902984E+04
  0.900   2.971  -0.479823E+04 -0.903468E+04
  0.900   2.971  -0.479444E+04 -0.903616E+04
  0.900   2.971  -0.479032E+04 -0.903407E+04
  0.900   2.971  -0.478594E+04 -0.902881E+04
  0.900   2.971  -0.478134E+04 -0.902124E+04
  0.900   2.971  -0.477655E+04 -0.901251E+04
  0.900   2.971  -0.477166E+04 -0.900376E+04
  0.900   2.971  -0.476681E+04 -0.899596E+04
  0.900   2.971  -0.476225E+04 -0.898982E+04
  0.900   2.971  -0.475823E+04 -0.898580E+04
  0.900   2.971  -0.475503E+04 -0.898420E+04
  0.900   2.971  -0.475283E+04 -0.898515E+04
  0.900   2.971  -0.475176E+04 -0.898870E+04
  0.900   2.971  -0.475181E+04 -0.899466E+04
  0.900   2.971  -0.475292E+04 -0.900253E+04
  0.900   2.971  -0.475496E+04 -0.901148E+04
  0.900   2.971  -0.475778E+04 -0.902037E+04
  0.900   2.971  -0.476118E+04 -0.902793E+04
  0.900   2.971  -0.476500E+04 -0.903299E+04
  0.900   2.971  -0.476905E+04 -0.903478E+04
  0.900   2.971  -0.477315E+04 -0.903308E+04
  0.900   2.971  -0.477715E+04 -0.902827E+04
  0.900   2.971  -0.478098E+04 -0.902120E+04
  1.000   3.132  -0.486470E+04 -0.772354E+04
  1.000   3.132  -0.486811E+04 -0.771379E+04
  1.000   3.132  -0.487139E+04 -0.770520E+04
  1.000   3.132  -0.487462E+04 -0.769852E+04
  1.000   3.132  -0.487785E+04 -0.769420E+04
  1.000   3.132  -0.488097E+04 -0.769254E+04
  1.000   3.132  -0.488377E+04 -0.769373E+04
  1.000   3.132  -0.488595E+04 -0.769786E+04
  1.000   3.132  -0.488722E+04 -0.770482E+04
  1.000   3.132  -0.488736E+04 -0.771411E+04
  1.000   3.132  -0.488631E+04 -0.772475E+04
  1.000   3.132  -0.488418E+04 -0.773536E+04
  1.000   3.132  -0.488119E+04 -0.774433E+04
  1.000   3.132  -0.487765E+04 -0.775017E+04
  1.000   3.132  -0.487381E+04 -0.775189E+04
  1.000   3.132  -0.486982E+04 -0.774922E+04
  1.000   3.132  -0.486573E+04 -0.774269E+04
  1.000   3.132  -0.486146E+04 -0.773343E+04
  1.000   3.132  -0.485697E+04 -0.772287E+04
  1.000   3.132  -0.485225E+04 -0.771243E+04
  1.000   3.132  -0.484744E+04 -0.770323E+04
  1.000   3.132  -0.484280E+04 -0.769604E+04
  1.000   3.132  -0.483866E+04 -0.769133E+04
  1.000   3.132  -0.483534E+04 -0.768939E+04
  1.000   3.132  -0.483308E+04 -0.769040E+04
  1.000   3.132  -0.483197E+04 -0.769443E+04
  1.000   3.132  -0.483200E+04 -0.770135E+04
  1.000   3.132  -0.483307E+04 -0.771066E+04
  1.000   3.132  -0.483502E+04 -0.772139E+04
  1.000   3.132  -0.483773E+04 -0.773216E+04
  1.000   3.132  -0.484104E+04 -0.774139E+04
  1.000   3.132  -0.484482E+04 -0.774760E+04
  1.000   3.132  -0.484889E+04 -0.774980E+04
  1.000   3.132  -0.485307E+04 -0.774774E+04
  1.000   3.132  -0.485717E+04 -0.774189E+04
  1.000   3.132  -0.486106E+04 -0.773336E+04
  1.100   3.284  -0.486554E+04 -0.656855E+04
  1.100   3.284  -0.486898E+04 -0.655729E+04
  1.100   3.284  -0.487224E+04 -0.654750E+04
  1.100   3.284  -0.487547E+04 -0.653997E+04
  1.100   3.284  -0.487875E+04 -0.653514E+04
  1.100   3.284  -0.488202E+04 -0.653325E+04
  1.100   3.284  -0.488500E+04 -0.653455E+04
  1.100   3.284  -0.488732E+04 -0.653918E+04
  1.100   3.284  -0.488858E+04 -0.654709E+04
  1.100   3.284  -0.488849E+04 -0.655781E+04
  1.100   3.284  -0.488699E+04 -0.657024E+04
  1.100   3.284  -0.488429E+04 -0.658274E+04
  1.100   3.284  -0.488077E+04 -0.659336E+04
  1.100   3.284  -0.487688E+04 -0.660027E+04
  1.100   3.284  -0.487299E+04 -0.660225E+04
  1.100   3.284  -0.486928E+04 -0.659898E+04
  1.100   3.284  -0.486570E+04 -0.659112E+04
  1.100   3.284  -0.486205E+04 -0.658011E+04
  1.100   3.284  -0.485812E+04 -0.656771E+04
  1.100   3.284  -0.485380E+04 -0.655559E+04
  1.100   3.284  -0.484919E+04 -0.654504E+04
  1.100   3.284  -0.484458E+04 -0.653689E+04
  1.100   3.284  -0.484040E+04 -0.653156E+04
  1.100   3.284  -0.483703E+04 -0.652932E+04
  1.100   3.284  -0.483474E+04 -0.653037E+04
  1.100   3.284  -0.483361E+04 -0.653485E+04
  1.100   3.284  -0.483357E+04 -0.654271E+04
  1.100   3.284  -0.483446E+04 -0.655346E+04
  1.100   3.284  -0.483613E+04 -0.656601E+04
  1.100   3.284  -0.483850E+04 -0.657873E+04
  1.100   3.284  -0.484151E+04 -0.658969E+04
  1.100   3.284  -0.484509E+04 -0.659708E+04
  1.100   3.284  -0.484912E+04 -0.659967E+04
  1.100   3.284  -0.485340E+04 -0.659715E+04
  1.100   3.284  -0.485770E+04 -0.659015E+04
  1.100   3.284  -0.486178E+04 -0.658005E+04
  1.200   3.430  -0.479904E+04 -0.553550E+04
  1.200   3.430  -0.480259E+04 -0.552273E+04
  1.200   3.430  -0.480586E+04 -0.551178E+04
  1.200   3.430  -0.480908E+04 -0.550346E+04
  1.200   3.430  -0.481242E+04 -0.549812E+04
  1.200   3.430  -0.481583E+04 -0.549600E+04
  1.200   3.430  -0.481901E+04 -0.549734E+04
  1.200   3.430  -0.482145E+04 -0.550238E+04
  1.200   3.430  -0.482261E+04 -0.551117E+04
  1.200   3.430  -0.482213E+04 -0.552325E+04
  1.200   3.430  -0.481997E+04 -0.553744E+04
  1.200   3.430  -0.481644E+04 -0.555185E+04
  1.200   3.430  -0.481217E+04 -0.556416E+04
  1.200   3.430  -0.480783E+04 -0.557220E+04
  1.200   3.430  -0.480394E+04 -0.557447E+04
  1.200   3.430  -0.480071E+04 -0.557062E+04
  1.200   3.430  -0.479797E+04 -0.556147E+04
  1.200   3.430  -0.479531E+04 -0.554875E+04
  1.200   3.430  -0.479230E+04 -0.553456E+04
  1.200   3.430  -0.478867E+04 -0.552088E+04
  1.200   3.430  -0.478446E+04 -0.550912E+04
  1.200   3.430  -0.478003E+04 -0.550011E+04
  1.200   3.430  -0.477588E+04 -0.549425E+04
  1.200   3.430  -0.477252E+04 -0.549174E+04
  1.200   3.430  -0.477024E+04 -0.549280E+04
  1.200   3.430  -0.476907E+04 -0.549768E+04
  1.200   3.430  -0.476886E+04 -0.550640E+04
  1.200   3.430  -0.476939E+04 -0.551850E+04
  1.200   3.430  -0.477050E+04 -0.553283E+04
  1.200   3.430  -0.477221E+04 -0.554748E+04
  1.200   3.430  -0.477459E+04 -0.556018E+04
  1.200   3.430  -0.477774E+04 -0.556874E+04
  1.200   3.430  -0.478162E+04 -0.557170E+04
  1.200   3.430  -0.478603E+04 -0.556867E+04
  1.200   3.430  -0.479062E+04 -0.556044E+04
  1.200   3.430  -0.479504E+04 -0.554870E+04
  1.300   3.571  -0.467663E+04 -0.461406E+04
  1.300   3.571  -0.468043E+04 -0.459987E+04
  1.300   3.571  -0.468376E+04 -0.458787E+04
  1.300   3.571  -0.468699E+04 -0.457883E+04
  1.300   3.571  -0.469039E+04 -0.457307E+04
  1.300   3.571  -0.469397E+04 -0.457072E+04
  1.300   3.571  -0.469737E+04 -0.457206E+04
  1.300   3.571  -0.469992E+04 -0.457741E+04
  1.300   3.571  -0.470090E+04 -0.458693E+04
  1.300   3.571  -0.469984E+04 -0.460024E+04
  1.300   3.571  -0.469672E+04 -0.461606E+04
  1.300   3.571  -0.469205E+04 -0.463227E+04
  1.300   3.571  -0.468674E+04 -0.464622E+04
  1.300   3.571  -0.468178E+04 -0.465537E+04
  1.300   3.571  -0.467790E+04 -0.465797E+04
  1.300   3.571  -0.467532E+04 -0.465360E+04
  1.300   3.571  -0.467374E+04 -0.464325E+04
  1.300   3.571  -0.467245E+04 -0.462895E+04
  1.300   3.571  -0.467071E+04 -0.461316E+04
  1.300   3.571  -0.466804E+04 -0.459811E+04
  1.300   3.571  -0.466440E+04 -0.458533E+04
  1.300   3.571  -0.466023E+04 -0.457565E+04
  1.300   3.571  -0.465618E+04 -0.456937E+04
  1.300   3.571  -0.465287E+04 -0.456665E+04
  1.300   3.571  -0.465063E+04 -0.456771E+04
  1.300   3.571  -0.464942E+04 -0.457289E+04
  1.300   3.571  -0.464896E+04 -0.458234E+04
  1.300   3.571  -0.464893E+04 -0.459566E+04
  1.300   3.571  -0.464920E+04 -0.461160E+04
  1.300   3.571  -0.464989E+04 -0.462806E+04
  1.300   3.571  -0.465134E+04 -0.464238E+04
  1.300   3.571  -0.465385E+04 -0.465204E+04
  1.300   3.571  -0.465752E+04 -0.465530E+04
  1.300   3.571  -0.466213E+04 -0.465172E+04
  1.300   3.571  -0.466721E+04 -0.464226E+04
  1.300   3.571  -0.467219E+04 -0.462891E+04
  1.400   3.705  -0.450798E+04 -0.379501E+04
  1.400   3.705  -0.451220E+04 -0.377961E+04
  1.400   3.705  -0.451568E+04 -0.376674E+04
  1.400   3.705  -0.451894E+04 -0.375714E+04
  1.400   3.705  -0.452242E+04 -0.375104E+04
  1.400   3.705  -0.452621E+04 -0.374851E+04
  1.400   3.705  -0.452987E+04 -0.374981E+04
  1.400   3.705  -0.453255E+04 -0.375536E+04
  1.400   3.705  -0.453328E+04 -0.376543E+04
  1.400   3.705  -0.453145E+04 -0.377971E+04
  1.400   3.705  -0.452705E+04 -0.379690E+04
  1.400   3.705  -0.452085E+04 -0.381468E+04
  1.400   3.705  -0.451414E+04 -0.383008E+04
  1.400   3.705  -0.450832E+04 -0.384023E+04
  1.400   3.705  -0.450439E+04 -0.384315E+04
  1.400   3.705  -0.450263E+04 -0.383835E+04
  1.400   3.705  -0.450250E+04 -0.382697E+04
  1.400   3.705  -0.450293E+04 -0.381134E+04
  1.400   3.705  -0.450277E+04 -0.379422E+04
  1.400   3.705  -0.450125E+04 -0.377807E+04
  1.400   3.705  -0.449827E+04 -0.376453E+04
  1.400   3.705  -0.449438E+04 -0.375439E+04
  1.400   3.705  -0.449043E+04 -0.374785E+04
  1.400   3.705  -0.448721E+04 -0.374498E+04
  1.400   3.705  -0.448506E+04 -0.374602E+04
  1.400   3.705  -0.448385E+04 -0.375140E+04
  1.400   3.705  -0.448310E+04 -0.376139E+04
  1.400   3.705  -0.448236E+04 -0.377567E+04
  1.400   3.705  -0.448149E+04 -0.379297E+04
  1.400   3.705  -0.448084E+04 -0.381096E+04
  1.400   3.705  -0.448103E+04 -0.382670E+04
  1.400   3.705  -0.448269E+04 -0.383732E+04
  1.400   3.705  -0.448612E+04 -0.384083E+04
  1.400   3.705  -0.449110E+04 -0.383674E+04
  1.400   3.705  -0.449695E+04 -0.382614E+04
  1.400   3.705  -0.450281E+04 -0.381132E+04
  1.500   3.835  -0.430259E+04 -0.306972E+04
  1.500   3.835  -0.430730E+04 -0.305341E+04
  1.500   3.835  -0.431093E+04 -0.303993E+04
  1.500   3.835  -0.431417E+04 -0.302998E+04
  1.500   3.835  -0.431770E+04 -0.302368E+04
  1.500   3.835  -0.432172E+04 -0.302102E+04
  1.500   3.835  -0.432570E+04 -0.302226E+04
  1.500   3.835  -0.432856E+04 -0.302788E+04
  1.500   3.835  -0.432905E+04 -0.303827E+04
  1.500   3.835  -0.432634E+04 -0.305319E+04
  1.500   3.835  -0.432047E+04 -0.307135E+04
  1.500   3.835  -0.431247E+04 -0.309028E+04
  1.500   3.835  -0.430412E+04 -0.310679E+04
  1.500   3.835  -0.429730E+04 -0.311774E+04
  1.500   3.835  -0.429335E+04 -0.312094E+04
  1.500   3.835  -0.429258E+04 -0.311586E+04
  1.500   3.835  -0.429420E+04 -0.310375E+04
  1.500   3.835  -0.429667E+04 -0.308716E+04
  1.500   3.835  -0.429837E+04 -0.306913E+04
  1.500   3.835  -0.429819E+04 -0.305229E+04
  1.500   3.835  -0.429596E+04 -0.303833E+04
  1.500   3.835  -0.429236E+04 -0.302797E+04
  1.500   3.835  -0.428851E+04 -0.302132E+04
  1.500   3.835  -0.428539E+04 -0.301838E+04
  1.500   3.835  -0.428339E+04 -0.301939E+04
  1.500   3.835  -0.428220E+04 -0.302484E+04
  1.500   3.835  -0.428113E+04 -0.303514E+04
  1.500   3.835  -0.427952E+04 -0.305005E+04
  1.500   3.835  -0.427728E+04 -0.306829E+04
  1.500   3.835  -0.427496E+04 -0.308741E+04
  1.500   3.835  -0.427360E+04 -0.310422E+04
  1.500   3.835  -0.427422E+04 -0.311555E+04
  1.500   3.835  -0.427736E+04 -0.311922E+04
  1.500   3.835  -0.428280E+04 -0.311468E+04
  1.500   3.835  -0.428960E+04 -0.310315E+04
  1.500   3.835  -0.429654E+04 -0.308717E+04
  1.600   3.961  -0.406917E+04 -0.243171E+04
  1.600   3.961  -0.407439E+04 -0.241487E+04
  1.600   3.961  -0.407809E+04 -0.240104E+04
  1.600   3.961  -0.408121E+04 -0.239092E+04
  1.600   3.961  -0.408474E+04 -0.238454E+04
  1.600   3.961  -0.408902E+04 -0.238184E+04
  1.600   3.961  -0.409345E+04 -0.238305E+04
  1.600   3.961  -0.409665E+04 -0.238867E+04
  1.600   3.961  -0.409697E+04 -0.239916E+04
  1.600   3.961  -0.409334E+04 -0.241434E+04
  1.600   3.961  -0.408579E+04 -0.243294E+04
  1.600   3.961  -0.407571E+04 -0.245246E+04
  1.600   3.961  -0.406542E+04 -0.246959E+04
  1.600   3.961  -0.405740E+04 -0.248103E+04
  1.600   3.961  -0.405340E+04 -0.248445E+04
  1.600   3.961  -0.405375E+04 -0.247928E+04
  1.600   3.961  -0.405735E+04 -0.246683E+04
  1.600   3.961  -0.406210E+04 -0.244980E+04
  1.600   3.961  -0.406578E+04 -0.243136E+04
  1.600   3.961  -0.406693E+04 -0.241425E+04
  1.600   3.961  -0.406532E+04 -0.240017E+04
  1.600   3.961  -0.406185E+04 -0.238981E+04
  1.600   3.961  -0.405800E+04 -0.238319E+04
  1.600   3.961  -0.405498E+04 -0.238026E+04
  1.600   3.961  -0.405322E+04 -0.238125E+04
  1.600   3.961  -0.405222E+04 -0.238669E+04
  1.600   3.961  -0.405093E+04 -0.239707E+04
  1.600   3.961  -0.404847E+04 -0.241223E+04
  1.600   3.961  -0.404472E+04 -0.243090E+04
  1.600   3.961  -0.404052E+04 -0.245058E+04
  1.600   3.961  -0.403739E+04 -0.246796E+04
  1.600   3.961  -0.403686E+04 -0.247969E+04
  1.600   3.961  -0.403974E+04 -0.248346E+04
  1.600   3.961  -0.404581E+04 -0.247865E+04
  1.600   3.961  -0.405383E+04 -0.246655E+04
  1.600   3.961  -0.406210E+04 -0.244985E+04
  1.700   4.083  -0.381372E+04 -0.187449E+04
  1.700   4.083  -0.381936E+04 -0.185750E+04
  1.700   4.083  -0.382292E+04 -0.184361E+04
  1.700   4.083  -0.382571E+04 -0.183351E+04
  1.700   4.083  -0.382907E+04 -0.182718E+04
  1.700   4.083  -0.383359E+04 -0.182452E+04
  1.700   4.083  -0.383858E+04 -0.182571E+04
  1.700   4.083  -0.384231E+04 -0.183125E+04
  1.700   4.083  -0.384271E+04 -0.184159E+04
  1.700   4.083  -0.383830E+04 -0.185661E+04
  1.700   4.083  -0.382912E+04 -0.187508E+04
  1.700   4.083  -0.381688E+04 -0.189458E+04
  1.700   4.083  -0.380452E+04 -0.191180E+04
  1.700   4.083  -0.379521E+04 -0.192341E+04
  1.700   4.083  -0.379114E+04 -0.192702E+04
  1.700   4.083  -0.379271E+04 -0.192200E+04
  1.700   4.083  -0.379844E+04 -0.190965E+04
  1.700   4.083  -0.380558E+04 -0.189272E+04
  1.700   4.083  -0.381128E+04 -0.187440E+04
  1.700   4.083  -0.381366E+04 -0.185745E+04
  1.700   4.083  -0.381246E+04 -0.184358E+04
  1.700   4.083  -0.380888E+04 -0.183342E+04
  1.700   4.083  -0.380483E+04 -0.182695E+04
  1.700   4.083  -0.380187E+04 -0.182409E+04
  1.700   4.083  -0.380047E+04 -0.182505E+04
  1.700   4.083  -0.379985E+04 -0.183037E+04
  1.700   4.083  -0.379857E+04 -0.184058E+04
  1.700   4.083  -0.379540E+04 -0.185556E+04
  1.700   4.083  -0.379015E+04 -0.187411E+04
  1.700   4.083  -0.378396E+04 -0.189378E+04
  1.700   4.083  -0.377891E+04 -0.191123E+04
  1.700   4.083  -0.377709E+04 -0.192309E+04
  1.700   4.083  -0.377970E+04 -0.192691E+04
  1.700   4.083  -0.378649E+04 -0.192204E+04
  1.700   4.083  -0.379587E+04 -0.190977E+04
  1.700   4.083  -0.380559E+04 -0.189284E+04
  1.800   4.201  -0.354380E+04 -0.139139E+04
  1.800   4.201  -0.354955E+04 -0.137454E+04
  1.800   4.201  -0.355260E+04 -0.136069E+04
  1.800   4.201  -0.355471E+04 -0.135058E+04
  1.800   4.201  -0.355771E+04 -0.134429E+04
  1.800   4.201  -0.356245E+04 -0.134174E+04
  1.800   4.201  -0.356818E+04 -0.134305E+04
  1.800   4.201  -0.357276E+04 -0.134861E+04
  1.800   4.201  -0.357354E+04 -0.135876E+04
  1.800   4.201  -0.356863E+04 -0.137332E+04
  1.800   4.201  -0.355795E+04 -0.139113E+04
  1.800   4.201  -0.354358E+04 -0.140992E+04
  1.800   4.201  -0.352913E+04 -0.142660E+04
  1.800   4.201  -0.351851E+04 -0.143797E+04
  1.800   4.201  -0.351441E+04 -0.144172E+04
  1.800   4.201  -0.351731E+04 -0.143716E+04
  1.800   4.201  -0.352528E+04 -0.142548E+04
  1.800   4.201  -0.353488E+04 -0.140928E+04
  1.800   4.201  -0.354251E+04 -0.139163E+04
  1.800   4.201  -0.354589E+04 -0.137518E+04
  1.800   4.201  -0.354477E+04 -0.136161E+04
  1.800   4.201  -0.354077E+04 -0.135163E+04
  1.800   4.201  -0.353633E+04 -0.134528E+04
  1.800   4.201  -0.353340E+04 -0.134251E+04
  1.800   4.201  -0.353251E+04 -0.134354E+04
  1.800   4.201  -0.353256E+04 -0.134883E+04
  1.800   4.201  -0.353159E+04 -0.135880E+04
  1.800   4.201  -0.352794E+04 -0.137332E+04
  1.800   4.201  -0.352130E+04 -0.139123E+04
  1.800   4.201  -0.351314E+04 -0.141024E+04
  1.800   4.201  -0.350613E+04 -0.142717E+04
  1.800   4.201  -0.350301E+04 -0.143876E+04
  1.800   4.201  -0.350536E+04 -0.144259E+04
  1.800   4.201  -0.351292E+04 -0.143796E+04
  1.800   4.201  -0.352369E+04 -0.142605E+04
  1.800   4.201  -0.353481E+04 -0.140948E+04
  1.900   4.317  -0.326517E+04 -0.976829E+03
  1.900   4.317  -0.327069E+04 -0.960326E+03
  1.900   4.317  -0.327284E+04 -0.946515E+03
  1.900   4.317  -0.327390E+04 -0.936324E+03
  1.900   4.317  -0.327629E+04 -0.930041E+03
  1.900   4.317  -0.328119E+04 -0.927691E+03
  1.900   4.317  -0.328780E+04 -0.929337E+03
  1.900   4.317  -0.329351E+04 -0.935132E+03
  1.900   4.317  -0.329503E+04 -0.945136E+03
  1.900   4.317  -0.328994E+04 -0.958986E+03
  1.900   4.317  -0.327801E+04 -0.975587E+03
  1.900   4.317  -0.326165E+04 -0.992963E+03
  1.900   4.317  -0.324517E+04 -0.100843E+04
  1.900   4.317  -0.323328E+04 -0.101915E+04
  1.900   4.317  -0.322918E+04 -0.102299E+04
  1.900   4.317  -0.323340E+04 -0.101923E+04
  1.900   4.317  -0.324356E+04 -0.100881E+04
  1.900   4.317  -0.325544E+04 -0.993978E+03
  1.900   4.317  -0.326470E+04 -0.977488E+03
  1.900   4.317  -0.326865E+04 -0.961790E+03
  1.900   4.317  -0.326715E+04 -0.948565E+03
  1.900   4.317  -0.326230E+04 -0.938656E+03
  1.900   4.317  -0.325721E+04 -0.932341E+03
  1.900   4.317  -0.325429E+04 -0.929713E+03
  1.900   4.317  -0.325410E+04 -0.930956E+03
  1.900   4.317  -0.325518E+04 -0.936367E+03
  1.900   4.317  -0.325494E+04 -0.946128E+03
  1.900   4.317  -0.325117E+04 -0.959947E+03
  1.900   4.317  -0.324342E+04 -0.976725E+03
  1.900   4.317  -0.323344E+04 -0.994415E+03
  1.900   4.317  -0.322456E+04 -0.101021E+04
  1.900   4.317  -0.322020E+04 -0.102115E+04
  1.900   4.317  -0.322238E+04 -0.102496E+04
  1.900   4.317  -0.323080E+04 -0.102088E+04
  1.900   4.317  -0.324302E+04 -0.100985E+04
  1.900   4.317  -0.325550E+04 -0.994207E+03
  2.000   4.429  -0.298287E+04 -0.625823E+03
  2.000   4.429  -0.298781E+04 -0.609643E+03
  2.000   4.429  -0.298865E+04 -0.595553E+03
  2.000   4.429  -0.298829E+04 -0.584881E+03
  2.000   4.429  -0.298984E+04 -0.578374E+03
  2.000   4.429  -0.299487E+04 -0.576321E+03
  2.000   4.429  -0.300253E+04 -0.578702E+03
  2.000   4.429  -0.300968E+04 -0.585261E+03
  2.000   4.429  -0.301232E+04 -0.595507E+03
  2.000   4.429  -0.300740E+04 -0.608676E+03
  2.000   4.429  -0.299449E+04 -0.623656E+03
  2.000   4.429  -0.297630E+04 -0.638890E+03
  2.000   4.429  -0.295789E+04 -0.652376E+03
  2.000   4.429  -0.294478E+04 -0.661938E+03
  2.000   4.429  -0.294073E+04 -0.665801E+03
  2.000   4.429  -0.294631E+04 -0.663205E+03
  2.000   4.429  -0.295864E+04 -0.654692E+03
  2.000   4.429  -0.297269E+04 -0.641887E+03
  2.000   4.429  -0.298332E+04 -0.626953E+03
  2.000   4.429  -0.298745E+04 -0.612020E+03
  2.000   4.429  -0.298509E+04 -0.598820E+03
  2.000   4.429  -0.297897E+04 -0.588568E+03
  2.000   4.429  -0.297293E+04 -0.582005E+03
  2.000   4.429  -0.296994E+04 -0.579534E+03
  2.000   4.429  -0.297060E+04 -0.581327E+03
  2.000   4.429  -0.297303E+04 -0.587338E+03
  2.000   4.429  -0.297391E+04 -0.597255E+03
  2.000   4.429  -0.297041E+04 -0.610412E+03
  2.000   4.429  -0.296184E+04 -0.625682E+03
  2.000   4.429  -0.295024E+04 -0.641393E+03
  2.000   4.429  -0.293959E+04 -0.655354E+03
  2.000   4.429  -0.293407E+04 -0.665186E+03
  2.000   4.429  -0.293613E+04 -0.668944E+03
  2.000   4.429  -0.294544E+04 -0.665782E+03
  2.000   4.429  -0.295907E+04 -0.656265E+03
  2.000   4.429  -0.297277E+04 -0.642154E+03
  2.100   4.538  -0.270163E+04 -0.332794E+03
  2.100   4.538  -0.270567E+04 -0.316821E+03
  2.100   4.538  -0.270485E+04 -0.302014E+03
  2.100   4.538  -0.270277E+04 -0.290351E+03
  2.100   4.538  -0.270326E+04 -0.283306E+03
  2.100   4.538  -0.270834E+04 -0.281608E+03
  2.100   4.538  -0.271710E+04 -0.285140E+03
  2.100   4.538  -0.272591E+04 -0.293034E+03
  2.100   4.538  -0.272999E+04 -0.303960E+03
  2.100   4.538  -0.272563E+04 -0.316508E+03
  2.100   4.538  -0.271210E+04 -0.329475E+03
  2.100   4.538  -0.269241E+04 -0.341861E+03
  2.100   4.538  -0.267231E+04 -0.352632E+03
  2.100   4.538  -0.265812E+04 -0.360571E+03
  2.100   4.538  -0.265415E+04 -0.364457E+03
  2.100   4.538  -0.266101E+04 -0.363480E+03
  2.100   4.538  -0.267535E+04 -0.357577E+03
  2.100   4.538  -0.269129E+04 -0.347458E+03
  2.100   4.538  -0.270295E+04 -0.334427E+03
  2.100   4.538  -0.270687E+04 -0.320168E+03
  2.100   4.538  -0.270329E+04 -0.306554E+03
  2.100   4.538  -0.269561E+04 -0.295406E+03
  2.100   4.538  -0.268849E+04 -0.288217E+03
  2.100   4.538  -0.268543E+04 -0.285883E+03
  2.100   4.538  -0.268710E+04 -0.288566E+03
  2.100   4.538  -0.269114E+04 -0.295699E+03
  2.100   4.538  -0.269347E+04 -0.306200E+03
  2.100   4.538  -0.269054E+04 -0.318783E+03
  2.100   4.538  -0.268140E+04 -0.332217E+03
  2.100   4.538  -0.266834E+04 -0.345326E+03
  2.100   4.538  -0.265606E+04 -0.356806E+03
  2.100   4.538  -0.264944E+04 -0.365143E+03
  2.100   4.538  -0.265140E+04 -0.368876E+03
  2.100   4.538  -0.266158E+04 -0.367084E+03
  2.100   4.538  -0.267655E+04 -0.359748E+03
  2.100   4.538  -0.269134E+04 -0.347779E+03
  2.200   4.645  -0.242460E+04 -0.927592E+02
  2.200   4.645  -0.242753E+04 -0.767345E+02
  2.200   4.645  -0.242486E+04 -0.605661E+02
  2.200   4.645  -0.242090E+04 -0.471902E+02
  2.200   4.645  -0.242021E+04 -0.391660E+02
  2.200   4.645  -0.242528E+04 -0.378797E+02
  2.200   4.645  -0.243514E+04 -0.431082E+02
  2.200   4.645  -0.244567E+04 -0.531356E+02
  2.200   4.645  -0.245134E+04 -0.654254E+02
  2.200   4.645  -0.244776E+04 -0.776023E+02
  2.200   4.645  -0.243392E+04 -0.882529E+02
  2.200   4.645  -0.241303E+04 -0.970714E+02
  2.200   4.645  -0.239149E+04 -0.104322E+03
  2.200   4.645  -0.237638E+04 -0.110102E+03
  2.200   4.645  -0.237254E+04 -0.113970E+03
  2.200   4.645  -0.238061E+04 -0.115069E+03
  2.200   4.645  -0.239676E+04 -0.112506E+03
  2.200   4.645  -0.241434E+04 -0.105728E+03
  2.200   4.645  -0.242675E+04 -0.948693E+02
  2.200   4.645  -0.243021E+04 -0.810372E+02
  2.200   4.645  -0.242517E+04 -0.663549E+02
  2.200   4.645  -0.241577E+04 -0.535626E+02
  2.200   4.645  -0.240746E+04 -0.452500E+02
  2.200   4.645  -0.240432E+04 -0.430428E+02
  2.200   4.645  -0.240706E+04 -0.470933E+02
  2.200   4.645  -0.241286E+04 -0.560921E+02
  2.200   4.645  -0.241683E+04 -0.678292E+02
  2.200   4.645  -0.241473E+04 -0.800916E+02
  2.200   4.645  -0.240527E+04 -0.914205E+02
  2.200   4.645  -0.239102E+04 -0.101271E+03
  2.200   4.645  -0.237729E+04 -0.109537E+03
  2.200   4.645  -0.236969E+04 -0.115917E+03
  2.200   4.645  -0.237158E+04 -0.119649E+03
  2.200   4.645  -0.238256E+04 -0.119724E+03
  2.200   4.645  -0.239870E+04 -0.115314E+03
  2.200   4.645  -0.241435E+04 -0.106141E+03
  2.300   4.749  -0.215741E+04  0.100018E+03
  2.300   4.749  -0.215917E+04  0.116289E+03
  2.300   4.749  -0.215467E+04  0.134477E+03
  2.300   4.749  -0.214884E+04  0.150331E+03
  2.300   4.749  -0.214694E+04  0.159796E+03
  2.300   4.749  -0.215185E+04  0.160557E+03
  2.300   4.749  -0.216262E+04  0.152939E+03
  2.300   4.749  -0.217472E+04  0.139775E+03
  2.300   4.749  -0.218195E+04  0.125231E+03
  2.300   4.749  -0.217929E+04  0.113035E+03
  2.300   4.749  -0.216543E+04  0.104981E+03
  2.300   4.749  -0.214374E+04  0.100551E+03
  2.300   4.749  -0.212114E+04  0.978262E+02
  2.300   4.749  -0.210535E+04  0.949790E+02
  2.300   4.749  -0.210165E+04  0.913840E+02
  2.300   4.749  -0.211075E+04  0.879010E+02
  2.300   4.749  -0.212841E+04  0.864640E+02
  2.300   4.749  -0.214731E+04  0.892588E+02
  2.300   4.749  -0.216020E+04  0.976785E+02
  2.300   4.749  -0.216304E+04  0.111356E+03
  2.300   4.749  -0.215654E+04  0.127801E+03
  2.300   4.749  -0.214545E+04  0.143017E+03
  2.300   4.749  -0.213602E+04  0.152921E+03
  2.300   4.749  -0.213282E+04  0.154903E+03
  2.300   4.749  -0.213664E+04  0.148818E+03
  2.300   4.749  -0.214419E+04  0.136989E+03
  2.300   4.749  -0.214988E+04  0.123172E+03
  2.300   4.749  -0.214877E+04  0.110892E+03
  2.300   4.749  -0.213925E+04  0.101990E+03
  2.300   4.749  -0.212408E+04  0.962396E+02
  2.300   4.749  -0.210914E+04  0.921717E+02
  2.300   4.749  -0.210068E+04  0.884481E+02
  2.300   4.749  -0.210244E+04  0.848446E+02
  2.300   4.749  -0.211402E+04  0.824241E+02
  2.300   4.749  -0.213109E+04  0.830631E+02
  2.300   4.749  -0.214735E+04  0.886317E+02
  2.400   4.851  -0.189562E+04  0.245572E+03
  2.400   4.851  -0.189613E+04  0.262854E+03
  2.400   4.851  -0.188983E+04  0.284457E+03
  2.400   4.851  -0.188224E+04  0.304279E+03
  2.400   4.851  -0.187918E+04  0.316201E+03
  2.400   4.851  -0.188392E+04  0.316621E+03
  2.400   4.851  -0.189548E+04  0.305979E+03
  2.400   4.851  -0.190901E+04  0.288602E+03
  2.400   4.851  -0.191774E+04  0.270857E+03
  2.400   4.851  -0.191612E+04  0.258319E+03
  2.400   4.851  -0.190255E+04  0.253315E+03
  2.400   4.851  -0.188050E+04  0.254239E+03
  2.400   4.851  -0.185729E+04  0.256965E+03
  2.400   4.851  -0.184114E+04  0.257375E+03
  2.400   4.851  -0.183768E+04  0.253481E+03
  2.400   4.851  -0.184761E+04  0.246262E+03
  2.400   4.851  -0.186636E+04  0.239168E+03
  2.400   4.851  -0.188607E+04  0.236668E+03
  2.400   4.851  -0.189900E+04  0.242216E+03
  2.400   4.851  -0.190093E+04  0.256361E+03
  2.400   4.851  -0.189285E+04  0.275979E+03
  2.400   4.851  -0.188014E+04  0.295232E+03
  2.400   4.851  -0.186967E+04  0.307907E+03
  2.400   4.851  -0.186648E+04  0.309994E+03
  2.400   4.851  -0.187133E+04  0.301324E+03
  2.400   4.851  -0.188054E+04  0.285586E+03
  2.400   4.851  -0.188784E+04  0.268648E+03
  2.400   4.851  -0.188769E+04  0.255850E+03
  2.400   4.851  -0.187822E+04  0.249615E+03
  2.400   4.851  -0.186238E+04  0.248738E+03
  2.400   4.851  -0.184654E+04  0.249697E+03
  2.400   4.851  -0.183750E+04  0.249018E+03
  2.400   4.851  -0.183929E+04  0.245225E+03
  2.400   4.851  -0.185145E+04  0.239515E+03
  2.400   4.851  -0.186928E+04  0.235207E+03
  2.400   4.851  -0.188594E+04  0.236302E+03
  2.500   4.951  -0.165548E+04  0.356239E+03
  2.500   4.951  -0.165499E+04  0.374741E+03
  2.500   4.951  -0.164741E+04  0.400363E+03
  2.500   4.951  -0.163859E+04  0.424845E+03
  2.500   4.951  -0.163466E+04  0.439645E+03
  2.500   4.951  -0.163909E+04  0.439642E+03
  2.500   4.951  -0.165094E+04  0.425374E+03
  2.500   4.951  -0.166523E+04  0.402876E+03
  2.500   4.951  -0.167495E+04  0.381073E+03
  2.500   4.951  -0.167425E+04  0.367721E+03
  2.500   4.951  -0.166132E+04  0.365852E+03
  2.500   4.951  -0.163957E+04  0.372687E+03
  2.500   4.951  -0.161646E+04  0.381619E+03
  2.500   4.951  -0.160037E+04  0.385916E+03
  2.500   4.951  -0.159710E+04  0.382005E+03
  2.500   4.951  -0.160737E+04  0.370934E+03
  2.500   4.951  -0.162652E+04  0.357826E+03
  2.500   4.951  -0.164642E+04  0.349699E+03
  2.500   4.951  -0.165912E+04  0.352333E+03
  2.500   4.951  -0.166032E+04  0.367309E+03
  2.500   4.951  -0.165120E+04  0.390753E+03
  2.500   4.951  -0.163746E+04  0.414698E+03
  2.500   4.951  -0.162639E+04  0.430482E+03
  2.500   4.951  -0.162323E+04  0.432495E+03
  2.500   4.951  -0.162880E+04  0.420566E+03
  2.500   4.951  -0.163916E+04  0.399990E+03
  2.500   4.951  -0.164764E+04  0.379115E+03
  2.500   4.951  -0.164833E+04  0.365432E+03
  2.500   4.951  -0.163918E+04  0.362086E+03
  2.500   4.951  -0.162320E+04  0.366770E+03
  2.500   4.951  -0.160703E+04  0.373585E+03
  2.500   4.951  -0.159772E+04  0.376556E+03
  2.500   4.951  -0.159946E+04  0.372704E+03
  2.500   4.951  -0.161177E+04  0.363334E+03
  2.500   4.951  -0.162975E+04  0.353402E+03
  2.500   4.951  -0.164633E+04  0.349376E+03
  2.600   5.049  -0.142615E+04  0.431587E+03
  2.600   5.049  -0.142486E+04  0.451793E+03
  2.600   5.049  -0.141663E+04  0.482458E+03
  2.600   5.049  -0.140733E+04  0.512685E+03
  2.600   5.049  -0.140306E+04  0.531013E+03
  2.600   5.049  -0.140718E+04  0.530505E+03
  2.600   5.049  -0.141881E+04  0.511838E+03
  2.600   5.049  -0.143305E+04  0.483106E+03
  2.600   5.049  -0.144303E+04  0.456304E+03
  2.600   5.049  -0.144296E+04  0.441812E+03
  2.600   5.049  -0.143094E+04  0.443508E+03
  2.600   5.049  -0.141024E+04  0.457215E+03
  2.600   5.049  -0.138812E+04  0.473366E+03
  2.600   5.049  -0.137275E+04  0.482130E+03
  2.600   5.049  -0.136979E+04  0.478077E+03
  2.600   5.049  -0.137996E+04  0.462387E+03
  2.600   5.049  -0.139867E+04  0.442207E+03
  2.600   5.049  -0.141796E+04  0.427612E+03
  2.600   5.049  -0.142998E+04  0.427129E+03
  2.600   5.049  -0.143055E+04  0.443494E+03
  2.600   5.049  -0.142094E+04  0.471847E+03
  2.600   5.049  -0.140693E+04  0.501597E+03
  2.600   5.049  -0.139581E+04  0.521125E+03
  2.600   5.049  -0.139281E+04  0.522938E+03
  2.600   5.049  -0.139868E+04  0.506916E+03
  2.600   5.049  -0.140946E+04  0.480332E+03
  2.600   5.049  -0.141844E+04  0.454543E+03
  2.600   5.049  -0.141966E+04  0.439640E+03
  2.600   5.049  -0.141103E+04  0.439634E+03
  2.600   5.049  -0.139555E+04  0.450879E+03
  2.600   5.049  -0.137985E+04  0.464611E+03
  2.600   5.049  -0.137086E+04  0.471856E+03
  2.600   5.049  -0.137266E+04  0.467855E+03
  2.600   5.049  -0.138468E+04  0.454070E+03
  2.600   5.049  -0.140207E+04  0.437441E+03
  2.600   5.049  -0.141786E+04  0.427406E+03
  2.700   5.146  -0.121247E+04  0.476434E+03
  2.700   5.146  -0.121103E+04  0.498464E+03
  2.700   5.146  -0.120319E+04  0.535053E+03
  2.700   5.146  -0.119438E+04  0.572225E+03
  2.700   5.146  -0.119020E+04  0.595028E+03
  2.700   5.146  -0.119377E+04  0.594279E+03
  2.700   5.146  -0.120429E+04  0.570678E+03
  2.700   5.146  -0.121739E+04  0.534634E+03
  2.700   5.146  -0.122682E+04  0.501725E+03
  2.700   5.146  -0.122720E+04  0.485493E+03
  2.700   5.146  -0.121665E+04  0.490952E+03
  2.700   5.146  -0.119803E+04  0.512432E+03
  2.700   5.146  -0.117790E+04  0.536978E+03
  2.700   5.146  -0.116379E+04  0.551123E+03
  2.700   5.146  -0.116097E+04  0.547176E+03
  2.700   5.146  -0.117023E+04  0.526352E+03
  2.700   5.146  -0.118745E+04  0.498076E+03
  2.700   5.146  -0.120529E+04  0.475985E+03
  2.700   5.146  -0.121640E+04  0.471878E+03
  2.700   5.146  -0.121681E+04  0.489924E+03
  2.700   5.146  -0.120767E+04  0.524161E+03
  2.700   5.146  -0.119440E+04  0.560928E+03
  2.700   5.146  -0.118383E+04  0.585096E+03
  2.700   5.146  -0.118092E+04  0.586876E+03
  2.700   5.146  -0.118645E+04  0.566118E+03
  2.700   5.146  -0.119675E+04  0.532363E+03
  2.700   5.146  -0.120550E+04  0.500522E+03
  2.700   5.146  -0.120701E+04  0.483833E+03
  2.700   5.146  -0.119927E+04  0.487449E+03
  2.700   5.146  -0.118507E+04  0.506253E+03
  2.700   5.146  -0.117056E+04  0.528140E+03
  2.700   5.146  -0.116222E+04  0.540559E+03
  2.700   5.146  -0.116380E+04  0.536545E+03
  2.700   5.146  -0.117477E+04  0.517627E+03
  2.700   5.146  -0.119066E+04  0.493019E+03
  2.700   5.146  -0.120504E+04  0.475679E+03
  2.800   5.240  -0.101545E+04  0.497826E+03
  2.800   5.240  -0.101430E+04  0.521908E+03
  2.800   5.240  -0.100814E+04  0.564810E+03
  2.800   5.240  -0.100136E+04  0.609338E+03
  2.800   5.240  -0.998389E+03  0.636903E+03
  2.800   5.240  -0.100155E+04  0.635982E+03
  2.800   5.240  -0.101016E+04  0.607277E+03
  2.800   5.240  -0.102073E+04  0.563576E+03
  2.800   5.240  -0.102831E+04  0.524185E+03
  2.800   5.240  -0.102851E+04  0.505960E+03
  2.800   5.240  -0.101974E+04  0.515123E+03
  2.800   5.240  -0.100425E+04  0.544457E+03
  2.800   5.240  -0.987414E+03  0.577498E+03
  2.800   5.240  -0.975442E+03  0.597031E+03
  2.800   5.240  -0.972806E+03  0.593067E+03
  2.800   5.240  -0.980343E+03  0.566884E+03
  2.800   5.240  -0.994785E+03  0.530265E+03
  2.800   5.240  -0.101001E+04  0.500528E+03
  2.800   5.240  -0.101972E+04  0.492844E+03
  2.800   5.240  -0.102039E+04  0.512847E+03
  2.800   5.240  -0.101283E+04  0.553383E+03
  2.800   5.240  -0.100156E+04  0.597562E+03
  2.800   5.240  -0.992342E+03  0.626588E+03
  2.800   5.240  -0.989436E+03  0.628298E+03
  2.800   5.240  -0.993641E+03  0.602514E+03
  2.800   5.240  -0.100200E+04  0.561135E+03
  2.800   5.240  -0.100928E+04  0.522796E+03
  2.800   5.240  -0.101066E+04  0.504057E+03
  2.800   5.240  -0.100442E+04  0.511297E+03
  2.800   5.240  -0.992898E+03  0.537878E+03
  2.800   5.240  -0.981214E+03  0.568214E+03
  2.800   5.240  -0.974620E+03  0.586038E+03
  2.800   5.240  -0.976062E+03  0.582103E+03
  2.800   5.240  -0.985030E+03  0.557994E+03
  2.800   5.240  -0.997894E+03  0.525255E+03
  2.800   5.240  -0.100949E+04  0.500479E+03
  2.900   5.333  -0.835072E+03  0.497650E+03
  2.900   5.333  -0.834719E+03  0.524072E+03
  2.900   5.333  -0.831400E+03  0.573902E+03
  2.900   5.333  -0.827960E+03  0.626414E+03
  2.900   5.333  -0.826982E+03  0.659093E+03
  2.900   5.333  -0.829625E+03  0.657919E+03
  2.900   5.333  -0.835287E+03  0.623641E+03
  2.900   5.333  -0.841844E+03  0.571637E+03
  2.900   5.333  -0.846288E+03  0.525239E+03
  2.900   5.333  -0.845868E+03  0.504870E+03
  2.900   5.333  -0.839495E+03  0.518036E+03
  2.900   5.333  -0.828573E+03  0.555817E+03
  2.900   5.333  -0.816613E+03  0.597941E+03
  2.900   5.333  -0.807802E+03  0.623179E+03
  2.900   5.333  -0.805322E+03  0.619118E+03
  2.900   5.333  -0.810054E+03  0.587162E+03
  2.900   5.333  -0.820066E+03  0.541666E+03
  2.900   5.333  -0.831219E+03  0.503906E+03
  2.900   5.333  -0.838938E+03  0.492659E+03
  2.900   5.333  -0.840405E+03  0.515058E+03
  2.900   5.333  -0.835871E+03  0.562571E+03
  2.900   5.333  -0.828288E+03  0.614758E+03
  2.900   5.333  -0.821625E+03  0.648881E+03
  2.900   5.333  -0.818932E+03  0.650286E+03
  2.900   5.333  -0.820985E+03  0.618862E+03
  2.900   5.333  -0.825969E+03  0.569131E+03
  2.900   5.333  -0.830366E+03  0.523778E+03
  2.900   5.333  -0.830861E+03  0.502933E+03
  2.900   5.333  -0.826304E+03  0.514240E+03
  2.900   5.333  -0.818418E+03  0.549328E+03
  2.900   5.333  -0.810770E+03  0.588782E+03
  2.900   5.333  -0.806793E+03  0.612316E+03
  2.900   5.333  -0.808209E+03  0.608274E+03
  2.900   5.333  -0.814480E+03  0.578376E+03
  2.900   5.333  -0.823171E+03  0.536740E+03
  2.900   5.333  -0.830953E+03  0.503912E+03
  3.000   5.424  -0.670872E+03  0.481883E+03
  3.000   5.424  -0.672032E+03  0.510377E+03
  3.000   5.424  -0.673177E+03  0.566736E+03
  3.000   5.424  -0.674866E+03  0.626877E+03
  3.000   5.424  -0.677060E+03  0.664532E+03
  3.000   5.424  -0.679224E+03  0.663278E+03
  3.000   5.424  -0.680857E+03  0.623842E+03
  3.000   5.424  -0.681708E+03  0.563993E+03
  3.000   5.424  -0.681508E+03  0.510878E+03
  3.000   5.424  -0.679803E+03  0.488369E+03
  3.000   5.424  -0.676278E+03  0.505261E+03
  3.000   5.424  -0.671227E+03  0.551039E+03
  3.000   5.424  -0.665658E+03  0.601809E+03
  3.000   5.424  -0.660994E+03  0.632522E+03
  3.000   5.424  -0.658657E+03  0.628460E+03
  3.000   5.424  -0.659587E+03  0.591101E+03
  3.000   5.424  -0.663670E+03  0.537182E+03
  3.000   5.424  -0.669471E+03  0.491730E+03
  3.000   5.424  -0.674753E+03  0.477000E+03
  3.000   5.424  -0.677642E+03  0.501621E+03
  3.000   5.424  -0.677549E+03  0.555777E+03
  3.000   5.424  -0.675216E+03  0.615643E+03
  3.000   5.424  -0.672070E+03  0.654708E+03
  3.000   5.424  -0.669490E+03  0.655920E+03
  3.000   5.424  -0.668251E+03  0.619182E+03
  3.000   5.424  -0.668190E+03  0.561462E+03
  3.000   5.424  -0.668286E+03  0.509313E+03
  3.000   5.424  -0.667383E+03  0.486340E+03
  3.000   5.424  -0.665148E+03  0.501462E+03
  3.000   5.424  -0.662398E+03  0.544673E+03
  3.000   5.424  -0.660438E+03  0.592888E+03
  3.000   5.424  -0.660100E+03  0.621967E+03
  3.000   5.424  -0.661390E+03  0.617935E+03
  3.000   5.424  -0.663777E+03  0.582589E+03
  3.000   5.424  -0.666569E+03  0.532436E+03
  3.000   5.424  -0.669085E+03  0.491783E+03
