 Center of Gravity:
    0.000000000000000E+00    0.000000000000000E+00   -2.500000000000000E-03
 Body Mass Matrix:
   7.12949E+06   0.00000E+00   0.00000E+00   0.00000E+00  -1.78237E+04  -0.00000E+00
   0.00000E+00   7.12949E+06   0.00000E+00   1.78237E+04   0.00000E+00   0.00000E+00
   0.00000E+00   0.00000E+00   7.12949E+06   0.00000E+00  -0.00000E+00   0.00000E+00
   0.00000E+00   1.78237E+04   0.00000E+00   5.73489E+08  -0.00000E+00   0.00000E+00
  -1.78237E+04   0.00000E+00  -0.00000E+00  -0.00000E+00   4.98916E+09   0.00000E+00
  -0.00000E+00   0.00000E+00   0.00000E+00   0.00000E+00   0.00000E+00   5.51959E+09
 External Linear Damping Matrix:
   0.00000E+00   0.00000E+00   0.00000E+00   0.00000E+00   0.00000E+00   0.00000E+00
   0.00000E+00   0.00000E+00   0.00000E+00   0.00000E+00   0.00000E+00   0.00000E+00
   0.00000E+00   0.00000E+00   0.00000E+00   0.00000E+00   0.00000E+00   0.00000E+00
   0.00000E+00   0.00000E+00   0.00000E+00   0.00000E+00   0.00000E+00   0.00000E+00
   0.00000E+00   0.00000E+00   0.00000E+00   0.00000E+00   0.00000E+00   0.00000E+00
   0.00000E+00   0.00000E+00   0.00000E+00   0.00000E+00   0.00000E+00   0.00000E+00
 External Quadratic Damping Matrix:
   0.00000E+00   0.00000E+00   0.00000E+00   0.00000E+00   0.00000E+00   0.00000E+00
   0.00000E+00   0.00000E+00   0.00000E+00   0.00000E+00   0.00000E+00   0.00000E+00
   0.00000E+00   0.00000E+00   0.00000E+00   0.00000E+00   0.00000E+00   0.00000E+00
   0.00000E+00   0.00000E+00   0.00000E+00   0.00000E+00   0.00000E+00   0.00000E+00
   0.00000E+00   0.00000E+00   0.00000E+00   0.00000E+00   0.00000E+00   0.00000E+00
   0.00000E+00   0.00000E+00   0.00000E+00   0.00000E+00   0.00000E+00   0.00000E+00
 Hydrostatic Restoring Matrix:
   0.00000E+00   0.00000E+00   0.00000E+00   0.00000E+00   0.00000E+00   0.00000E+00
   0.00000E+00   0.00000E+00   0.00000E+00   0.00000E+00   0.00000E+00   0.00000E+00
   0.00000E+00   0.00000E+00   2.80153E+07   0.00000E+00  -0.00000E+00   0.00000E+00
   0.00000E+00   0.00000E+00   0.00000E+00   2.06521E+09   0.00000E+00   0.00000E+00
   0.00000E+00   0.00000E+00  -0.00000E+00   0.00000E+00   1.94166E+10   0.00000E+00
   0.00000E+00   0.00000E+00   0.00000E+00   0.00000E+00   0.00000E+00   0.00000E+00
 External Restoring Matrix:
   0.00000E+00   0.00000E+00   0.00000E+00   0.00000E+00   0.00000E+00   0.00000E+00
   0.00000E+00   0.00000E+00   0.00000E+00   0.00000E+00   0.00000E+00   0.00000E+00
   0.00000E+00   0.00000E+00   0.00000E+00   0.00000E+00   0.00000E+00   0.00000E+00
   0.00000E+00   0.00000E+00   0.00000E+00   0.00000E+00   0.00000E+00   0.00000E+00
   0.00000E+00   0.00000E+00   0.00000E+00   0.00000E+00   0.00000E+00   0.00000E+00
   0.00000E+00   0.00000E+00   0.00000E+00   0.00000E+00   0.00000E+00   0.00000E+00
