  2.000000E-01  0.000000E+00     1  1.872554E+02  8.998311E+01  5.519580E-02  1.872554E+02
  2.000000E-01  0.000000E+00     2  1.076420E-12 -1.608235E+02 -1.016691E-12 -3.535814E-13
  2.000000E-01  0.000000E+00     3  4.967649E+03  2.366338E+00  4.963413E+03  2.051075E+02
  2.000000E-01  0.000000E+00     4  3.620533E-11 -1.561504E+02 -3.311376E-11 -1.463914E-11
  2.000000E-01  0.000000E+00     5  2.676598E+04  8.998285E+01  8.013181E+00  2.676598E+04
  2.000000E-01  0.000000E+00     6  4.974353E-11 -1.149639E+01  4.874554E-11 -9.914189E-12
  2.000000E-01  3.000000E+01     1  1.625988E+02  8.998307E+01  4.804473E-02  1.625988E+02
  2.000000E-01  3.000000E+01     2  1.165682E+02  8.995059E+01  1.005248E-01  1.165682E+02
  2.000000E-01  3.000000E+01     3  4.977479E+03  2.366516E+00  4.973233E+03  2.055288E+02
  2.000000E-01  3.000000E+01     4  2.274114E+03 -9.004974E+01 -1.974028E+00 -2.274113E+03
  2.000000E-01  3.000000E+01     5  2.320455E+04  8.998278E+01  6.974566E+00  2.320455E+04
  2.000000E-01  3.000000E+01     6  4.004238E+02 -2.715684E-04  4.004238E+02 -1.897914E-03
  2.000000E-01  6.000000E+01     1  9.437478E+01  8.998299E+01  2.802068E-02  9.437477E+01
  2.000000E-01  6.000000E+01     2  2.026307E+02  8.995059E+01  1.747258E-01  2.026306E+02
  2.000000E-01  6.000000E+01     3  4.997162E+03  2.366872E+00  4.992898E+03  2.063726E+02
  2.000000E-01  6.000000E+01     4  3.956202E+03 -9.004969E+01 -3.431187E+00 -3.956200E+03
  2.000000E-01  6.000000E+01     5  1.342550E+04  8.998264E+01  4.067202E+00  1.342550E+04
  2.000000E-01  6.000000E+01     6  4.008747E+02 -2.718488E-04  4.008747E+02 -1.902013E-03
  2.000000E-01  9.000000E+01     1  1.240433E-12 -1.799766E+02 -1.240433E-12 -5.071864E-16
  2.000000E-01  9.000000E+01     2  2.343986E+02  8.995060E+01  2.021093E-01  2.343985E+02
  2.000000E-01  9.000000E+01     3  5.007015E+03  2.367049E+00  5.002743E+03  2.067950E+02
  2.000000E-01  9.000000E+01     4  4.578246E+03 -9.004967E+01 -3.968965E+00 -4.578244E+03
  2.000000E-01  9.000000E+01     5  1.927948E-10 -2.963332E-01  1.927923E-10 -9.971284E-13
  2.000000E-01  9.000000E+01     6  1.306266E-11 -1.107929E+02 -4.637132E-12 -1.221189E-11
  2.000000E-01  1.200000E+02     1  9.437478E+01 -9.001701E+01 -2.802068E-02 -9.437477E+01
  2.000000E-01  1.200000E+02     2  2.026307E+02  8.995059E+01  1.747258E-01  2.026306E+02
  2.000000E-01  1.200000E+02     3  4.997162E+03  2.366872E+00  4.992898E+03  2.063726E+02
  2.000000E-01  1.200000E+02     4  3.956202E+03 -9.004969E+01 -3.431187E+00 -3.956200E+03
  2.000000E-01  1.200000E+02     5  1.342550E+04 -9.001736E+01 -4.067202E+00 -1.342550E+04
  2.000000E-01  1.200000E+02     6  4.008747E+02  1.799997E+02 -4.008747E+02  1.902013E-03
  2.000000E-01  1.500000E+02     1  1.625988E+02 -9.001693E+01 -4.804473E-02 -1.625988E+02
  2.000000E-01  1.500000E+02     2  1.165682E+02  8.995059E+01  1.005248E-01  1.165682E+02
  2.000000E-01  1.500000E+02     3  4.977479E+03  2.366516E+00  4.973233E+03  2.055288E+02
  2.000000E-01  1.500000E+02     4  2.274114E+03 -9.004974E+01 -1.974028E+00 -2.274113E+03
  2.000000E-01  1.500000E+02     5  2.320455E+04 -9.001722E+01 -6.974566E+00 -2.320455E+04
  2.000000E-01  1.500000E+02     6  4.004238E+02  1.799997E+02 -4.004238E+02  1.897914E-03
  2.000000E-01  1.800000E+02     1  1.872554E+02 -9.001689E+01 -5.519580E-02 -1.872554E+02
  2.000000E-01  1.800000E+02     2  3.812959E-12  1.771506E+02 -3.808245E-12  1.895428E-13
  2.000000E-01  1.800000E+02     3  4.967649E+03  2.366338E+00  4.963413E+03  2.051075E+02
  2.000000E-01  1.800000E+02     4  1.382428E-10  1.763380E+02 -1.379605E-10  8.829680E-12
  2.000000E-01  1.800000E+02     5  2.676598E+04 -9.001715E+01 -8.013181E+00 -2.676598E+04
  2.000000E-01  1.800000E+02     6  2.402012E-11  1.682822E+02 -2.351954E-11  4.878263E-12
  3.000000E-01  0.000000E+00     1  3.805436E+02  9.015242E+01 -1.012341E+00  3.805422E+02
  3.000000E-01  0.000000E+00     2  3.906178E-12 -1.687951E+02 -3.831721E-12 -7.590406E-13
  3.000000E-01  0.000000E+00     3  3.923042E+03  9.482899E+00  3.869433E+03  6.463338E+02
  3.000000E-01  0.000000E+00     4  9.253580E-11 -1.735783E+02 -9.195521E-11 -1.034964E-11
  3.000000E-01  0.000000E+00     5  5.127078E+04  9.014719E+01 -1.317145E+02  5.127061E+04
  3.000000E-01  0.000000E+00     6  3.281718E-11  1.075670E+02 -9.904915E-12  3.128673E-11
  3.000000E-01  3.000000E+01     1  3.342588E+02  9.014766E+01 -8.614295E-01  3.342577E+02
  3.000000E-01  3.000000E+01     2  2.518170E+02  8.953625E+01  2.038171E+00  2.518088E+02
  3.000000E-01  3.000000E+01     3  3.963272E+03  9.490632E+00  3.909025E+03  6.534895E+02
  3.000000E-01  3.000000E+01     4  4.600745E+03 -9.046935E+01 -3.768790E+01 -4.600590E+03
  3.000000E-01  3.000000E+01     5  4.464599E+04  9.014374E+01 -1.120065E+02  4.464585E+04
  3.000000E-01  3.000000E+01     6  1.960710E+03 -1.296521E-02  1.960710E+03 -4.436805E-01
  3.000000E-01  6.000000E+01     1  1.984567E+02  9.013842E+01 -4.794348E-01  1.984562E+02
  3.000000E-01  6.000000E+01     2  4.441889E+02  8.953691E+01  3.590084E+00  4.441744E+02
  3.000000E-01  6.000000E+01     3  4.044207E+03  9.505930E+00  3.988674E+03  6.678996E+02
  3.000000E-01  6.000000E+01     4  8.148680E+03 -9.046683E+01 -6.639282E+01 -8.148409E+03
  3.000000E-01  6.000000E+01     5  2.605930E+04  9.013687E+01 -6.225136E+01  2.605923E+04
  3.000000E-01  6.000000E+01     6  1.971810E+03 -1.303008E-02  1.971810E+03 -4.484249E-01
  3.000000E-01  9.000000E+01     1  1.741377E-13  6.486304E+00  1.730230E-13  1.967159E-14
  3.000000E-01  9.000000E+01     2  5.175550E+02  8.953724E+01  4.180078E+00  5.175381E+02
  3.000000E-01  9.000000E+01     3  4.084912E+03  9.513498E+00  4.028731E+03  6.751541E+02
  3.000000E-01  9.000000E+01     4  9.514069E+03 -9.046557E+01 -7.730868E+01 -9.513755E+03
  3.000000E-01  9.000000E+01     5  2.557808E-11  6.006101E+01  1.276545E-11  2.216488E-11
  3.000000E-01  9.000000E+01     6  1.855028E-11 -2.380652E+01  1.697190E-11 -7.487810E-12
  3.000000E-01  1.200000E+02     1  1.984567E+02 -8.986158E+01  4.794348E-01 -1.984562E+02
  3.000000E-01  1.200000E+02     2  4.441889E+02  8.953691E+01  3.590084E+00  4.441744E+02
  3.000000E-01  1.200000E+02     3  4.044207E+03  9.505930E+00  3.988674E+03  6.678996E+02
  3.000000E-01  1.200000E+02     4  8.148680E+03 -9.046683E+01 -6.639282E+01 -8.148409E+03
  3.000000E-01  1.200000E+02     5  2.605930E+04 -8.986313E+01  6.225136E+01 -2.605923E+04
  3.000000E-01  1.200000E+02     6  1.971810E+03  1.799870E+02 -1.971810E+03  4.484249E-01
  3.000000E-01  1.500000E+02     1  3.342588E+02 -8.985234E+01  8.614295E-01 -3.342577E+02
  3.000000E-01  1.500000E+02     2  2.518170E+02  8.953625E+01  2.038171E+00  2.518088E+02
  3.000000E-01  1.500000E+02     3  3.963272E+03  9.490632E+00  3.909025E+03  6.534895E+02
  3.000000E-01  1.500000E+02     4  4.600745E+03 -9.046935E+01 -3.768790E+01 -4.600590E+03
  3.000000E-01  1.500000E+02     5  4.464599E+04 -8.985626E+01  1.120065E+02 -4.464585E+04
  3.000000E-01  1.500000E+02     6  1.960710E+03  1.799870E+02 -1.960710E+03  4.436805E-01
  3.000000E-01  1.800000E+02     1  3.805436E+02 -8.984758E+01  1.012341E+00 -3.805422E+02
  3.000000E-01  1.800000E+02     2  2.230599E-12 -1.695573E+02 -2.193653E-12 -4.043000E-13
  3.000000E-01  1.800000E+02     3  3.923042E+03  9.482899E+00  3.869433E+03  6.463338E+02
  3.000000E-01  1.800000E+02     4  2.854366E-11 -1.679439E+02 -2.791409E-11 -5.961903E-12
  3.000000E-01  1.800000E+02     5  5.127078E+04 -8.985281E+01  1.317145E+02 -5.127061E+04
  3.000000E-01  1.800000E+02     6  3.451539E-11 -7.030889E+01  1.162993E-11 -3.249702E-11
  4.000000E-01  0.000000E+00     1  5.324397E+02  9.258253E+01 -2.399089E+01  5.318989E+02
  4.000000E-01  0.000000E+00     2  3.320233E-12 -1.517751E+02 -2.925451E-12 -1.570249E-12
  4.000000E-01  0.000000E+00     3  2.877865E+03  2.240926E+01  2.660541E+03  1.097099E+03
  4.000000E-01  0.000000E+00     4  9.473530E-11 -1.327712E+02 -6.433210E-11 -6.954250E-11
  4.000000E-01  0.000000E+00     5  6.782330E+04  9.247760E+01 -2.931921E+03  6.775989E+04
  4.000000E-01  0.000000E+00     6  3.623889E-11  5.135851E+01  2.262921E-11  2.830506E-11
  4.000000E-01  3.000000E+01     1  4.849398E+02  9.245408E+01 -2.076450E+01  4.844950E+02
  4.000000E-01  3.000000E+01     2  4.023217E+02  8.814408E+01  1.302970E+01  4.021106E+02
  4.000000E-01  3.000000E+01     3  2.980334E+03  2.248481E+01  2.753771E+03  1.139794E+03
  4.000000E-01  3.000000E+01     4  6.672657E+03 -9.190399E+01 -2.216976E+02 -6.668973E+03
  4.000000E-01  3.000000E+01     5  5.979952E+04  9.243191E+01 -2.537417E+03  5.974566E+04
  4.000000E-01  3.000000E+01     6  5.794108E+03 -1.655277E-01  5.794084E+03 -1.673918E+01
  4.000000E-01  6.000000E+01     1  3.083042E+02  9.222344E+01 -1.196115E+01  3.080721E+02
  4.000000E-01  6.000000E+01     2  7.385361E+02  8.816593E+01  2.363685E+01  7.381577E+02
  4.000000E-01  6.000000E+01     3  3.189213E+03  2.263224E+01  2.943624E+03  1.227256E+03
  4.000000E-01  6.000000E+01     4  1.241766E+04 -9.185733E+01 -4.024664E+02 -1.241114E+04
  4.000000E-01  6.000000E+01     5  3.576608E+04  9.234179E+01 -1.461421E+03  3.573621E+04
  4.000000E-01  6.000000E+01     6  5.897245E+03 -1.678335E-01  5.897219E+03 -1.727446E+01
  4.000000E-01  9.000000E+01     1  1.003416E-12  1.765723E+02 -1.001621E-12  5.999290E-14
  4.000000E-01  9.000000E+01     2  8.770645E+02  8.817673E+01  2.790523E+01  8.766204E+02
  4.000000E-01  9.000000E+01     3  3.295625E+03  2.270426E+01  3.040246E+03  1.272028E+03
  4.000000E-01  9.000000E+01     4  1.484876E+04 -9.183437E+01 -4.753148E+02 -1.484116E+04
  4.000000E-01  9.000000E+01     5  1.704762E-10  1.295002E+01  1.661403E-10  3.820389E-11
  4.000000E-01  9.000000E+01     6  8.203475E-11 -1.591832E+02 -7.667962E-11 -2.915365E-11
  4.000000E-01  1.200000E+02     1  3.083042E+02 -8.777656E+01  1.196115E+01 -3.080721E+02
  4.000000E-01  1.200000E+02     2  7.385361E+02  8.816593E+01  2.363685E+01  7.381577E+02
  4.000000E-01  1.200000E+02     3  3.189213E+03  2.263224E+01  2.943624E+03  1.227256E+03
  4.000000E-01  1.200000E+02     4  1.241766E+04 -9.185733E+01 -4.024664E+02 -1.241114E+04
  4.000000E-01  1.200000E+02     5  3.576608E+04 -8.765821E+01  1.461421E+03 -3.573621E+04
  4.000000E-01  1.200000E+02     6  5.897245E+03  1.798322E+02 -5.897219E+03  1.727446E+01
  4.000000E-01  1.500000E+02     1  4.849398E+02 -8.754592E+01  2.076450E+01 -4.844950E+02
  4.000000E-01  1.500000E+02     2  4.023217E+02  8.814408E+01  1.302970E+01  4.021106E+02
  4.000000E-01  1.500000E+02     3  2.980334E+03  2.248481E+01  2.753771E+03  1.139794E+03
  4.000000E-01  1.500000E+02     4  6.672657E+03 -9.190399E+01 -2.216976E+02 -6.668973E+03
  4.000000E-01  1.500000E+02     5  5.979952E+04 -8.756809E+01  2.537417E+03 -5.974566E+04
  4.000000E-01  1.500000E+02     6  5.794108E+03  1.798345E+02 -5.794084E+03  1.673918E+01
  4.000000E-01  1.800000E+02     1  5.324397E+02 -8.741747E+01  2.399089E+01 -5.318989E+02
  4.000000E-01  1.800000E+02     2  2.102868E-12  1.530535E+02 -1.874561E-12  9.529307E-13
  4.000000E-01  1.800000E+02     3  2.877865E+03  2.240926E+01  2.660541E+03  1.097099E+03
  4.000000E-01  1.800000E+02     4  4.252767E-11  1.330144E+02 -2.901164E-11  3.109545E-11
  4.000000E-01  1.800000E+02     5  6.782330E+04 -8.752240E+01  2.931921E+03 -6.775989E+04
  4.000000E-01  1.800000E+02     6  3.243752E-11 -1.406852E+02 -2.509616E-11 -2.055177E-11
  5.000000E-01  0.000000E+00     1  5.328704E+02  1.031458E+02 -1.211903E+02  5.189064E+02
  5.000000E-01  0.000000E+00     2  3.402604E-12  1.022955E+01  3.348517E-12  6.042763E-13
  5.000000E-01  0.000000E+00     3  1.889288E+03  4.016813E+01  1.443709E+03  1.218653E+03
  5.000000E-01  0.000000E+00     4  8.169919E-11  1.586583E+00  8.166787E-11  2.262051E-12
  5.000000E-01  0.000000E+00     5  6.761072E+04  1.016708E+02 -1.367684E+04  6.621294E+04
  5.000000E-01  0.000000E+00     6  6.257941E-11  1.173198E+02 -2.872124E-11  5.559922E-11
  5.000000E-01  3.000000E+01     1  5.359679E+02  1.015647E+02 -1.074474E+02  5.250873E+02
  5.000000E-01  3.000000E+01     2  4.904660E+02  8.599619E+01  3.424575E+01  4.892690E+02
  5.000000E-01  3.000000E+01     3  2.101197E+03  4.020149E+01  1.604851E+03  1.356276E+03
  5.000000E-01  3.000000E+01     4  7.083473E+03 -9.423608E+01 -5.232291E+02 -7.064122E+03
  5.000000E-01  3.000000E+01     5  6.122760E+04  1.014378E+02 -1.214166E+04  6.001166E+04
  5.000000E-01  3.000000E+01     6  1.244138E+04 -8.763050E-01  1.243992E+04 -1.902761E+02
  5.000000E-01  6.000000E+01     1  4.026734E+02  9.925647E+01 -6.477161E+01  3.974299E+02
  5.000000E-01  6.000000E+01     2  9.836765E+02  8.629435E+01  6.357563E+01  9.816199E+02
  5.000000E-01  6.000000E+01     3  2.549152E+03  4.034392E+01  1.942893E+03  1.650256E+03
  5.000000E-01  6.000000E+01     4  1.475685E+04 -9.379059E+01 -9.755745E+02 -1.472457E+04
  5.000000E-01  6.000000E+01     5  3.851595E+04  1.009857E+02 -7.339734E+03  3.781014E+04
  5.000000E-01  6.000000E+01     6  1.297605E+04 -8.943534E-01  1.297447E+04 -2.025403E+02
  5.000000E-01  9.000000E+01     1  8.230075E-13  3.116056E+01  7.042645E-13  4.258554E-13
  5.000000E-01  9.000000E+01     2  1.214534E+03  8.643736E+01  7.547072E+01  1.212186E+03
  5.000000E-01  9.000000E+01     3  2.785320E+03  4.044149E+01  2.119820E+03  1.806757E+03
  5.000000E-01  9.000000E+01     4  1.857412E+04 -9.358294E+01 -1.160758E+03 -1.853781E+04
  5.000000E-01  9.000000E+01     5  6.373058E-11 -1.764835E+02 -6.361059E-11 -3.908958E-12
  5.000000E-01  9.000000E+01     6  1.511098E-10 -2.587505E+01  1.359607E-10 -6.594582E-11
  5.000000E-01  1.200000E+02     1  4.026734E+02 -8.074353E+01  6.477161E+01 -3.974299E+02
  5.000000E-01  1.200000E+02     2  9.836765E+02  8.629435E+01  6.357563E+01  9.816199E+02
  5.000000E-01  1.200000E+02     3  2.549152E+03  4.034392E+01  1.942893E+03  1.650256E+03
  5.000000E-01  1.200000E+02     4  1.475685E+04 -9.379059E+01 -9.755745E+02 -1.472457E+04
  5.000000E-01  1.200000E+02     5  3.851595E+04 -7.901433E+01  7.339734E+03 -3.781014E+04
  5.000000E-01  1.200000E+02     6  1.297605E+04  1.791056E+02 -1.297447E+04  2.025403E+02
  5.000000E-01  1.500000E+02     1  5.359679E+02 -7.843534E+01  1.074474E+02 -5.250873E+02
  5.000000E-01  1.500000E+02     2  4.904660E+02  8.599619E+01  3.424575E+01  4.892690E+02
  5.000000E-01  1.500000E+02     3  2.101197E+03  4.020149E+01  1.604851E+03  1.356276E+03
  5.000000E-01  1.500000E+02     4  7.083473E+03 -9.423608E+01 -5.232291E+02 -7.064122E+03
  5.000000E-01  1.500000E+02     5  6.122760E+04 -7.856222E+01  1.214166E+04 -6.001166E+04
  5.000000E-01  1.500000E+02     6  1.244138E+04  1.791237E+02 -1.243992E+04  1.902761E+02
  5.000000E-01  1.800000E+02     1  5.328704E+02 -7.685423E+01  1.211903E+02 -5.189064E+02
  5.000000E-01  1.800000E+02     2  2.278223E-12  1.785056E+02 -2.277448E-12  5.941326E-14
  5.000000E-01  1.800000E+02     3  1.889288E+03  4.016813E+01  1.443709E+03  1.218653E+03
  5.000000E-01  1.800000E+02     4  4.352704E-11 -1.324004E+02 -2.935060E-11 -3.214257E-11
  5.000000E-01  1.800000E+02     5  6.761072E+04 -7.832921E+01  1.367684E+04 -6.621294E+04
  5.000000E-01  1.800000E+02     6  9.126723E-11 -2.942713E+01  7.949204E-11 -4.484107E-11
  6.000000E-01  0.000000E+00     1  3.833663E+02  1.348374E+02 -2.703103E+02  2.718493E+02
  6.000000E-01  0.000000E+00     2  3.204761E-12  1.220243E+02 -1.699418E-12  2.717070E-12
  6.000000E-01  0.000000E+00     3  9.300643E+02  6.814862E+01  3.461702E+02  8.632415E+02
  6.000000E-01  0.000000E+00     4  9.119734E-11  1.609105E+02 -8.618230E-11  2.982560E-11
  6.000000E-01  0.000000E+00     5  5.556112E+04  1.206451E+02 -2.832057E+04  4.780150E+04
  6.000000E-01  0.000000E+00     6  4.306894E-11  1.111192E+02 -1.551816E-11  4.017612E-11
  6.000000E-01  3.000000E+01     1  4.772712E+02  1.217608E+02 -2.512230E+02  4.058015E+02
  6.000000E-01  3.000000E+01     2  4.308423E+02  8.472600E+01  3.960247E+01  4.290183E+02
  6.000000E-01  3.000000E+01     3  1.262191E+03  6.371023E+01  5.590383E+02  1.131637E+03
  6.000000E-01  3.000000E+01     4  5.031879E+03 -9.594876E+01 -5.214986E+02 -5.004782E+03
  6.000000E-01  3.000000E+01     5  5.305496E+04  1.202113E+02 -2.669673E+04  4.584881E+04
  6.000000E-01  3.000000E+01     6  2.020477E+04 -1.997966E+00  2.019249E+04 -7.044194E+02
  6.000000E-01  6.000000E+01     1  4.966383E+02  1.092757E+02 -1.639474E+02  4.687972E+02
  6.000000E-01  6.000000E+01     2  1.053958E+03  8.682218E+01  5.842613E+01  1.052337E+03
  6.000000E-01  6.000000E+01     3  2.043159E+03  5.913239E+01  1.048255E+03  1.753756E+03
  6.000000E-01  6.000000E+01     4  1.363783E+04 -9.334305E+01 -7.952775E+02 -1.361462E+04
  6.000000E-01  6.000000E+01     5  3.655012E+04  1.194181E+02 -1.795265E+04  3.183729E+04
  6.000000E-01  6.000000E+01     6  2.191529E+04 -1.862474E+00  2.190371E+04 -7.122598E+02
  6.000000E-01  9.000000E+01     1  8.292214E-13 -1.187687E+02 -3.990832E-13 -7.268705E-13
  6.000000E-01  9.000000E+01     2  1.399819E+03  8.774352E+01  5.511480E+01  1.398734E+03
  6.000000E-01  9.000000E+01     3  2.490938E+03  5.784114E+01  1.325848E+03  2.108767E+03
  6.000000E-01  9.000000E+01     4  1.905370E+04 -9.232852E+01 -7.741370E+02 -1.903797E+04
  6.000000E-01  9.000000E+01     5  1.506207E-10  6.885454E+01  5.433444E-11  1.404790E-10
  6.000000E-01  9.000000E+01     6  1.503237E-10 -1.343696E+01  1.462088E-10 -3.493152E-11
  6.000000E-01  1.200000E+02     1  4.966383E+02 -7.072429E+01  1.639474E+02 -4.687972E+02
  6.000000E-01  1.200000E+02     2  1.053958E+03  8.682218E+01  5.842613E+01  1.052337E+03
  6.000000E-01  1.200000E+02     3  2.043159E+03  5.913239E+01  1.048255E+03  1.753756E+03
  6.000000E-01  1.200000E+02     4  1.363783E+04 -9.334305E+01 -7.952775E+02 -1.361462E+04
  6.000000E-01  1.200000E+02     5  3.655012E+04 -6.058189E+01  1.795265E+04 -3.183729E+04
  6.000000E-01  1.200000E+02     6  2.191529E+04  1.781375E+02 -2.190371E+04  7.122598E+02
  6.000000E-01  1.500000E+02     1  4.772712E+02 -5.823924E+01  2.512230E+02 -4.058015E+02
  6.000000E-01  1.500000E+02     2  4.308423E+02  8.472600E+01  3.960247E+01  4.290183E+02
  6.000000E-01  1.500000E+02     3  1.262191E+03  6.371023E+01  5.590383E+02  1.131637E+03
  6.000000E-01  1.500000E+02     4  5.031879E+03 -9.594876E+01 -5.214986E+02 -5.004782E+03
  6.000000E-01  1.500000E+02     5  5.305496E+04 -5.978872E+01  2.669673E+04 -4.584881E+04
  6.000000E-01  1.500000E+02     6  2.020477E+04  1.780020E+02 -2.019249E+04  7.044194E+02
  6.000000E-01  1.800000E+02     1  3.833663E+02 -4.516264E+01  2.703103E+02 -2.718493E+02
  6.000000E-01  1.800000E+02     2  1.994771E-12  1.153699E+02 -8.546815E-13  1.802395E-12
  6.000000E-01  1.800000E+02     3  9.300643E+02  6.814862E+01  3.461702E+02  8.632415E+02
  6.000000E-01  1.800000E+02     4  3.792826E-11  1.287408E+02 -2.373545E-11  2.958346E-11
  6.000000E-01  1.800000E+02     5  5.556112E+04 -5.935487E+01  2.832057E+04 -4.780150E+04
  6.000000E-01  1.800000E+02     6  2.731527E-11  1.543485E+02 -2.462317E-11  1.182469E-11
  7.000000E-01  0.000000E+00     1  3.880284E+02 -1.511531E+02 -3.398786E+02 -1.872126E+02
  7.000000E-01  0.000000E+00     2  4.647562E-12 -2.666292E+01  4.153349E-12 -2.085550E-12
  7.000000E-01  0.000000E+00     3  4.080874E+02  1.439487E+02 -3.299348E+02  2.401631E+02
  7.000000E-01  0.000000E+00     4  1.029277E-10  3.165772E+01  8.761188E-11  5.402093E-11
  7.000000E-01  0.000000E+00     5  3.769664E+04  1.484506E+02 -3.212468E+04  1.972414E+04
  7.000000E-01  0.000000E+00     6  7.945015E-11 -1.289820E+02 -4.998017E-11 -6.176008E-11
  7.000000E-01  3.000000E+01     1  3.534149E+02  1.631637E+02 -3.382663E+02  1.023623E+02
  7.000000E-01  3.000000E+01     2  2.083738E+02  8.350012E+01  2.358815E+01  2.070344E+02
  7.000000E-01  3.000000E+01     3  6.100265E+02  1.068213E+02 -1.765343E+02  5.839247E+02
  7.000000E-01  3.000000E+01     4  1.522740E+03 -9.873406E+01 -2.312256E+02 -1.505082E+03
  7.000000E-01  3.000000E+01     5  4.161254E+04  1.471411E+02 -3.495493E+04  2.257780E+04
  7.000000E-01  3.000000E+01     6  2.472600E+04 -1.501092E+00  2.471751E+04 -6.477221E+02
  7.000000E-01  6.000000E+01     1  5.610272E+02  1.144441E+02 -2.321564E+02  5.107396E+02
  7.000000E-01  6.000000E+01     2  9.301633E+02  9.252188E+01 -4.092803E+01  9.292625E+02
  7.000000E-01  6.000000E+01     3  1.507515E+03  7.883034E+01  2.920281E+02  1.478959E+03
  7.000000E-01  6.000000E+01     4  9.827543E+03 -8.729959E+01  4.630109E+02 -9.816629E+03
  7.000000E-01  6.000000E+01     5  3.534891E+04  1.458259E+02 -2.924539E+04  1.985580E+04
  7.000000E-01  6.000000E+01     6  2.853813E+04  1.029658E+00  2.853352E+04  5.128290E+02
  7.000000E-01  9.000000E+01     1  1.736743E-12  1.396074E+02 -1.322742E-12  1.125447E-12
  7.000000E-01  9.000000E+01     2  1.430027E+03  9.537260E+01 -1.338966E+02  1.423745E+03
  7.000000E-01  9.000000E+01     3  2.121858E+03  7.307592E+01  6.176821E+02  2.029964E+03
  7.000000E-01  9.000000E+01     4  1.714548E+04 -8.512192E+01  1.457979E+03 -1.708337E+04
  7.000000E-01  9.000000E+01     5  1.455395E-10 -1.725293E+01  1.389909E-10 -4.316562E-11
  7.000000E-01  9.000000E+01     6  1.036086E-10 -1.687904E+02 -1.016320E-10 -2.014138E-11
  7.000000E-01  1.200000E+02     1  5.610272E+02 -6.555586E+01  2.321564E+02 -5.107396E+02
  7.000000E-01  1.200000E+02     2  9.301633E+02  9.252188E+01 -4.092803E+01  9.292625E+02
  7.000000E-01  1.200000E+02     3  1.507515E+03  7.883034E+01  2.920281E+02  1.478959E+03
  7.000000E-01  1.200000E+02     4  9.827543E+03 -8.729959E+01  4.630109E+02 -9.816629E+03
  7.000000E-01  1.200000E+02     5  3.534891E+04 -3.417406E+01  2.924539E+04 -1.985580E+04
  7.000000E-01  1.200000E+02     6  2.853813E+04 -1.789703E+02 -2.853352E+04 -5.128290E+02
  7.000000E-01  1.500000E+02     1  3.534149E+02 -1.683628E+01  3.382663E+02 -1.023623E+02
  7.000000E-01  1.500000E+02     2  2.083738E+02  8.350012E+01  2.358815E+01  2.070344E+02
  7.000000E-01  1.500000E+02     3  6.100265E+02  1.068213E+02 -1.765343E+02  5.839247E+02
  7.000000E-01  1.500000E+02     4  1.522740E+03 -9.873406E+01 -2.312256E+02 -1.505082E+03
  7.000000E-01  1.500000E+02     5  4.161254E+04 -3.285889E+01  3.495493E+04 -2.257780E+04
  7.000000E-01  1.500000E+02     6  2.472600E+04  1.784989E+02 -2.471751E+04  6.477221E+02
  7.000000E-01  1.800000E+02     1  3.880284E+02  2.884694E+01  3.398786E+02  1.872126E+02
  7.000000E-01  1.800000E+02     2  3.575203E-12 -3.787784E+01  2.821985E-12 -2.195103E-12
  7.000000E-01  1.800000E+02     3  4.080874E+02  1.439487E+02 -3.299348E+02  2.401631E+02
  7.000000E-01  1.800000E+02     4  1.320465E-10  1.769599E+01  1.257984E-10  4.013771E-11
  7.000000E-01  1.800000E+02     5  3.769664E+04 -3.154938E+01  3.212468E+04 -1.972414E+04
  7.000000E-01  1.800000E+02     6  1.810792E-10  6.351303E+01  8.076030E-11  1.620724E-10
  8.000000E-01  0.000000E+00     1  5.869647E+02 -1.094563E+02 -1.955109E+02 -5.534465E+02
  8.000000E-01  0.000000E+00     2  3.359692E-13  2.262747E+01  3.101082E-13  1.292601E-13
  8.000000E-01  0.000000E+00     3  4.703131E+02 -1.372475E+02 -3.453476E+02 -3.192640E+02
  8.000000E-01  0.000000E+00     4  4.853736E-11  4.431455E+01  3.472922E-11  3.390805E-11
  8.000000E-01  0.000000E+00     5  1.896977E+04 -1.597617E+02 -1.779862E+04 -6.562123E+03
  8.000000E-01  0.000000E+00     6  1.557550E-10  9.799718E+01 -2.166932E-11  1.542403E-10
  8.000000E-01  3.000000E+01     1  3.991879E+02 -1.333959E+02 -2.742561E+02 -2.900597E+02
  8.000000E-01  3.000000E+01     2  9.286210E+01 -8.077020E+01  1.489457E+01 -9.165982E+01
  8.000000E-01  3.000000E+01     3  3.600427E+02 -1.783278E+02 -3.598894E+02 -1.050651E+01
  8.000000E-01  3.000000E+01     4  1.142801E+03  9.803911E+01 -1.598196E+02  1.131571E+03
  8.000000E-01  3.000000E+01     5  2.809219E+04 -1.782617E+02 -2.807926E+04 -8.521784E+02
  8.000000E-01  3.000000E+01     6  2.170397E+04 -4.020105E-01  2.170343E+04 -1.522826E+02
  8.000000E-01  6.000000E+01     1  4.481654E+02  1.168625E+02 -2.025039E+02  3.998054E+02
  8.000000E-01  6.000000E+01     2  6.875042E+02  1.042856E+02 -1.696450E+02  6.662451E+02
  8.000000E-01  6.000000E+01     3  1.013559E+03  1.026630E+02 -2.221880E+02  9.889056E+02
  8.000000E-01  6.000000E+01     4  5.307282E+03 -7.218115E+01  1.624074E+03 -5.052685E+03
  8.000000E-01  6.000000E+01     5  3.445029E+04  1.687188E+02 -3.378467E+04  6.739337E+03
  8.000000E-01  6.000000E+01     6  3.146520E+04  1.171787E+01  3.080945E+04  6.390354E+03
  8.000000E-01  9.000000E+01     1  6.934396E-13  7.112584E+01  2.243213E-13  6.561542E-13
  8.000000E-01  9.000000E+01     2  1.366795E+03  1.092315E+02 -4.502039E+02  1.290521E+03
  8.000000E-01  9.000000E+01     3  1.648257E+03  9.173128E+01 -4.979693E+01  1.647505E+03
  8.000000E-01  9.000000E+01     4  1.431857E+04 -7.258820E+01  4.284648E+03 -1.366247E+04
  8.000000E-01  9.000000E+01     5  1.564800E-10 -2.731529E+01  1.390317E-10 -7.180658E-11
  8.000000E-01  9.000000E+01     6  8.162564E-11  1.025804E+02 -1.777877E-11  7.966594E-11
  8.000000E-01  1.200000E+02     1  4.481654E+02 -6.313751E+01  2.025039E+02 -3.998054E+02
  8.000000E-01  1.200000E+02     2  6.875042E+02  1.042856E+02 -1.696450E+02  6.662451E+02
  8.000000E-01  1.200000E+02     3  1.013559E+03  1.026630E+02 -2.221880E+02  9.889056E+02
  8.000000E-01  1.200000E+02     4  5.307282E+03 -7.218115E+01  1.624074E+03 -5.052685E+03
  8.000000E-01  1.200000E+02     5  3.445029E+04 -1.128123E+01  3.378467E+04 -6.739337E+03
  8.000000E-01  1.200000E+02     6  3.146520E+04 -1.682821E+02 -3.080945E+04 -6.390354E+03
  8.000000E-01  1.500000E+02     1  3.991879E+02  4.660414E+01  2.742561E+02  2.900597E+02
  8.000000E-01  1.500000E+02     2  9.286210E+01 -8.077020E+01  1.489457E+01 -9.165982E+01
  8.000000E-01  1.500000E+02     3  3.600427E+02 -1.783278E+02 -3.598894E+02 -1.050651E+01
  8.000000E-01  1.500000E+02     4  1.142801E+03  9.803911E+01 -1.598196E+02  1.131571E+03
  8.000000E-01  1.500000E+02     5  2.809219E+04  1.738338E+00  2.807926E+04  8.521784E+02
  8.000000E-01  1.500000E+02     6  2.170397E+04  1.795980E+02 -2.170343E+04  1.522826E+02
  8.000000E-01  1.800000E+02     1  5.869647E+02  7.054369E+01  1.955109E+02  5.534465E+02
  8.000000E-01  1.800000E+02     2  4.636850E-12 -7.773553E+00  4.594239E-12 -6.271722E-13
  8.000000E-01  1.800000E+02     3  4.703131E+02 -1.372475E+02 -3.453476E+02 -3.192640E+02
  8.000000E-01  1.800000E+02     4  1.573188E-10  5.084499E+01  9.933433E-11  1.219914E-10
  8.000000E-01  1.800000E+02     5  1.896977E+04  2.023828E+01  1.779862E+04  6.562123E+03
  8.000000E-01  1.800000E+02     6  8.298374E-11 -9.803049E+01 -1.159283E-11 -8.216999E-11
  9.000000E-01  0.000000E+00     1  5.188441E+02 -6.295523E+01  2.359114E+02 -4.621093E+02
  9.000000E-01  0.000000E+00     2  1.941377E-12 -5.904119E+01  9.986862E-13 -1.664803E-12
  9.000000E-01  0.000000E+00     3  4.359779E+02 -8.732813E+01  2.032359E+01 -4.355039E+02
  9.000000E-01  0.000000E+00     4  8.921758E-12 -3.273296E+01  7.504982E-12 -4.824212E-12
  9.000000E-01  0.000000E+00     5  1.560357E+04 -7.451337E+01  4.166365E+03 -1.503705E+04
  9.000000E-01  0.000000E+00     6  1.623172E-10 -4.189688E+01  1.208205E-10 -1.083941E-10
  9.000000E-01  3.000000E+01     1  4.864950E+02 -9.295601E+01 -2.508820E+01 -4.858476E+02
  9.000000E-01  3.000000E+01     2  3.014965E+02 -8.441408E+01  2.934718E+01 -3.000648E+02
  9.000000E-01  3.000000E+01     3  3.759512E+02 -1.046938E+02 -9.536114E+01 -3.636558E+02
  9.000000E-01  3.000000E+01     4  1.343116E+03  1.156217E+02 -5.807993E+02  1.211047E+03
  9.000000E-01  3.000000E+01     5  1.611195E+04 -1.304385E+02 -1.045073E+04 -1.226284E+04
  9.000000E-01  3.000000E+01     6  8.168555E+03  1.912034E+00  8.164007E+03  2.725447E+02
  9.000000E-01  6.000000E+01     1  2.543896E+02  1.373961E+02 -1.872437E+02  1.722030E+02
  9.000000E-01  6.000000E+01     2  4.023764E+02  1.171793E+02 -1.837959E+02  3.579467E+02
  9.000000E-01  6.000000E+01     3  5.930913E+02  1.289720E+02 -3.730194E+02  4.611006E+02
  9.000000E-01  6.000000E+01     4  1.786583E+03 -3.294453E+01  1.499296E+03 -9.715919E+02
  9.000000E-01  6.000000E+01     5  2.780870E+04 -1.682154E+02 -2.722256E+04 -5.679464E+03
  9.000000E-01  6.000000E+01     6  3.148050E+04  2.584654E+01  2.833135E+04  1.372431E+04
  9.000000E-01  9.000000E+01     1  7.187824E-13  9.922732E+01 -1.152581E-13  7.094813E-13
  9.000000E-01  9.000000E+01     2  1.265598E+03  1.304178E+02 -8.205582E+02  9.635464E+02
  9.000000E-01  9.000000E+01     3  1.256707E+03  1.169602E+02 -5.697548E+02  1.120130E+03
  9.000000E-01  9.000000E+01     4  1.139305E+04 -5.551703E+01  6.450302E+03 -9.391227E+03
  9.000000E-01  9.000000E+01     5  1.071876E-10 -8.121635E+01  1.636795E-11 -1.059305E-10
  9.000000E-01  9.000000E+01     6  1.462099E-10 -2.526946E+01  1.322191E-10 -6.241348E-11
  9.000000E-01  1.200000E+02     1  2.543896E+02 -4.260391E+01  1.872437E+02 -1.722030E+02
  9.000000E-01  1.200000E+02     2  4.023764E+02  1.171793E+02 -1.837959E+02  3.579467E+02
  9.000000E-01  1.200000E+02     3  5.930913E+02  1.289720E+02 -3.730194E+02  4.611006E+02
  9.000000E-01  1.200000E+02     4  1.786583E+03 -3.294453E+01  1.499296E+03 -9.715919E+02
  9.000000E-01  1.200000E+02     5  2.780870E+04  1.178462E+01  2.722256E+04  5.679464E+03
  9.000000E-01  1.200000E+02     6  3.148050E+04 -1.541535E+02 -2.833135E+04 -1.372431E+04
  9.000000E-01  1.500000E+02     1  4.864950E+02  8.704399E+01  2.508820E+01  4.858476E+02
  9.000000E-01  1.500000E+02     2  3.014965E+02 -8.441408E+01  2.934718E+01 -3.000648E+02
  9.000000E-01  1.500000E+02     3  3.759512E+02 -1.046938E+02 -9.536114E+01 -3.636558E+02
  9.000000E-01  1.500000E+02     4  1.343116E+03  1.156217E+02 -5.807993E+02  1.211047E+03
  9.000000E-01  1.500000E+02     5  1.611195E+04  4.956145E+01  1.045073E+04  1.226284E+04
  9.000000E-01  1.500000E+02     6  8.168555E+03 -1.780880E+02 -8.164007E+03 -2.725447E+02
  9.000000E-01  1.800000E+02     1  5.188441E+02  1.170448E+02 -2.359114E+02  4.621093E+02
  9.000000E-01  1.800000E+02     2  4.337927E-12  4.912440E+01  2.838822E-12  3.280047E-12
  9.000000E-01  1.800000E+02     3  4.359779E+02 -8.732813E+01  2.032359E+01 -4.355039E+02
  9.000000E-01  1.800000E+02     4  2.007260E-10  8.481358E+01  1.814492E-11  1.999042E-10
  9.000000E-01  1.800000E+02     5  1.560357E+04  1.054866E+02 -4.166365E+03  1.503705E+04
  9.000000E-01  1.800000E+02     6  9.298503E-11  8.933856E+00  9.185696E-11  1.444003E-11
  1.000000E+00  0.000000E+00     1  5.093427E+02  4.942533E+00  5.074488E+02  4.388320E+01
  1.000000E+00  0.000000E+00     2  8.726931E-12 -2.722012E+00  8.717084E-12 -4.144437E-13
  1.000000E+00  0.000000E+00     3  2.831262E+02 -1.338567E+01  2.754348E+02 -6.554503E+01
  1.000000E+00  0.000000E+00     4  3.621186E-10  4.155986E+01  2.709600E-10  2.402303E-10
  1.000000E+00  0.000000E+00     5  1.562636E+04 -1.883638E+01  1.478948E+04 -5.045232E+03
  1.000000E+00  0.000000E+00     6  2.259104E-10  5.075220E+01  1.429280E-10  1.749489E-10
  1.000000E+00  3.000000E+01     1  4.020878E+02 -5.077844E+01  2.542485E+02 -3.115001E+02
  1.000000E+00  3.000000E+01     2  2.320932E+02 -8.193445E+01  3.256407E+01 -2.297974E+02
  1.000000E+00  3.000000E+01     3  3.615802E+02 -5.845913E+01  1.891450E+02 -3.081629E+02
  1.000000E+00  3.000000E+01     4  8.778754E+02 -1.571468E+02 -8.089646E+02 -3.409423E+02
  1.000000E+00  3.000000E+01     5  9.178762E+03 -4.592192E+01  6.385095E+03 -6.593953E+03
  1.000000E+00  3.000000E+01     6  9.856489E+03  1.757157E+02 -9.828946E+03  7.363271E+02
  1.000000E+00  6.000000E+01     1  1.455574E+02  1.770028E+02 -1.453583E+02  7.610849E+00
  1.000000E+00  6.000000E+01     2  8.938674E+01  1.246741E+02 -5.085287E+01  7.351173E+01
  1.000000E+00  6.000000E+01     3  2.674043E+02  1.622112E+02 -2.546195E+02  8.169450E+01
  1.000000E+00  6.000000E+01     4  1.262908E+03  7.312104E+01  3.666865E+02  1.208502E+03
  1.000000E+00  6.000000E+01     5  1.989020E+04 -1.402219E+02 -1.528618E+04 -1.272607E+04
  1.000000E+00  6.000000E+01     6  2.724743E+04  3.697518E+01  2.176786E+04  1.638848E+04
  1.000000E+00  9.000000E+01     1  1.224086E-12 -7.488617E+01  3.191651E-13 -1.181744E-12
  1.000000E+00  9.000000E+01     2  1.203832E+03  1.556473E+02 -1.096721E+03  4.964026E+02
  1.000000E+00  9.000000E+01     3  9.696125E+02  1.461436E+02 -8.052018E+02  5.401837E+02
  1.000000E+00  9.000000E+01     4  8.587960E+03 -3.610283E+01  6.938735E+03 -5.060337E+03
  1.000000E+00  9.000000E+01     5  2.428905E-10 -1.584729E+02 -2.259475E-10 -8.912641E-11
  1.000000E+00  9.000000E+01     6  2.343212E-11  6.474079E+01  9.998817E-12  2.119170E-11
  1.000000E+00  1.200000E+02     1  1.455574E+02 -2.997227E+00  1.453583E+02 -7.610849E+00
  1.000000E+00  1.200000E+02     2  8.938674E+01  1.246741E+02 -5.085287E+01  7.351173E+01
  1.000000E+00  1.200000E+02     3  2.674043E+02  1.622112E+02 -2.546195E+02  8.169450E+01
  1.000000E+00  1.200000E+02     4  1.262908E+03  7.312104E+01  3.666865E+02  1.208502E+03
  1.000000E+00  1.200000E+02     5  1.989020E+04  3.977811E+01  1.528618E+04  1.272607E+04
  1.000000E+00  1.200000E+02     6  2.724743E+04 -1.430248E+02 -2.176786E+04 -1.638848E+04
  1.000000E+00  1.500000E+02     1  4.020878E+02  1.292216E+02 -2.542485E+02  3.115001E+02
  1.000000E+00  1.500000E+02     2  2.320932E+02 -8.193445E+01  3.256407E+01 -2.297974E+02
  1.000000E+00  1.500000E+02     3  3.615802E+02 -5.845913E+01  1.891450E+02 -3.081629E+02
  1.000000E+00  1.500000E+02     4  8.778754E+02 -1.571468E+02 -8.089646E+02 -3.409423E+02
  1.000000E+00  1.500000E+02     5  9.178762E+03  1.340781E+02 -6.385095E+03  6.593953E+03
  1.000000E+00  1.500000E+02     6  9.856489E+03 -4.284262E+00  9.828946E+03 -7.363271E+02
  1.000000E+00  1.800000E+02     1  5.093427E+02 -1.750575E+02 -5.074488E+02 -4.388320E+01
  1.000000E+00  1.800000E+02     2  7.167754E-12 -3.300736E+01  6.010883E-12 -3.904610E-12
  1.000000E+00  1.800000E+02     3  2.831262E+02 -1.338567E+01  2.754348E+02 -6.554503E+01
  1.000000E+00  1.800000E+02     4  2.772237E-10  1.835917E-01  2.772223E-10  8.883007E-13
  1.000000E+00  1.800000E+02     5  1.562636E+04  1.611636E+02 -1.478948E+04  5.045232E+03
  1.000000E+00  1.800000E+02     6  1.470922E-10 -1.037695E+02 -3.501035E-11 -1.428650E-10
  1.100000E+00  0.000000E+00     1  4.943574E+02  7.120512E+01  1.592726E+02  4.679973E+02
  1.100000E+00  0.000000E+00     2  3.082553E-13 -1.509166E+02 -2.693884E-13 -1.498373E-13
  1.100000E+00  0.000000E+00     3  2.911993E+02  6.174365E+01  1.378588E+02  2.564995E+02
  1.100000E+00  0.000000E+00     4  1.860524E-10  2.995823E+01  1.611939E-10  9.290872E-11
  1.100000E+00  0.000000E+00     5  8.881913E+03  5.490575E+01  5.106417E+03  7.267247E+03
  1.100000E+00  0.000000E+00     6  2.089927E-10 -1.770656E+02 -2.087186E-10 -1.069902E-11
  1.100000E+00  3.000000E+01     1  2.861696E+02  1.145212E+01  2.804723E+02  5.681869E+01
  1.100000E+00  3.000000E+01     2  1.805069E+01  3.636299E+01  1.453580E+01  1.070223E+01
  1.100000E+00  3.000000E+01     3  1.757103E+02 -3.005074E+00  1.754686E+02 -9.211503E+00
  1.100000E+00  3.000000E+01     4  9.359894E+02 -7.782194E+01  1.974474E+02 -9.149266E+02
  1.100000E+00  3.000000E+01     5  1.103782E+04  1.708703E+01  1.055060E+04  3.243176E+03
  1.100000E+00  3.000000E+01     6  1.635505E+04  1.730424E+02 -1.623461E+04  1.981170E+03
  1.100000E+00  6.000000E+01     1  7.307330E+01 -1.521277E+02 -6.459620E+01 -3.416195E+01
  1.100000E+00  6.000000E+01     2  1.218109E+02 -7.284146E+00  1.208278E+02 -1.544442E+01
  1.100000E+00  6.000000E+01     3  6.023774E+01 -1.213521E+02 -3.134145E+01 -5.144218E+01
  1.100000E+00  6.000000E+01     4  1.394504E+03  1.262169E+02 -8.239344E+02  1.125066E+03
  1.100000E+00  6.000000E+01     5  1.206449E+04 -1.135109E+02 -4.812812E+03 -1.106295E+04
  1.100000E+00  6.000000E+01     6  1.596076E+04  4.165292E+01  1.192564E+04  1.060779E+04
  1.100000E+00  9.000000E+01     1  1.052608E-12 -1.666477E+02 -1.024154E-12 -2.430872E-13
  1.100000E+00  9.000000E+01     2  1.143397E+03 -1.741344E+02 -1.137410E+03 -1.168505E+02
  1.100000E+00  9.000000E+01     3  7.764708E+02  1.791414E+02 -7.763836E+02  1.163539E+01
  1.100000E+00  9.000000E+01     4  5.802592E+03 -1.296704E+01  5.654622E+03 -1.302047E+03
  1.100000E+00  9.000000E+01     5  3.399655E-10 -1.857096E+01  3.222635E-10 -1.082718E-10
  1.100000E+00  9.000000E+01     6  1.086971E-10  7.381454E+01  3.029902E-11  1.043888E-10
  1.100000E+00  1.200000E+02     1  7.307330E+01  2.787230E+01  6.459620E+01  3.416195E+01
  1.100000E+00  1.200000E+02     2  1.218109E+02 -7.284146E+00  1.208278E+02 -1.544442E+01
  1.100000E+00  1.200000E+02     3  6.023774E+01 -1.213521E+02 -3.134145E+01 -5.144218E+01
  1.100000E+00  1.200000E+02     4  1.394504E+03  1.262169E+02 -8.239344E+02  1.125066E+03
  1.100000E+00  1.200000E+02     5  1.206449E+04  6.648909E+01  4.812812E+03  1.106295E+04
  1.100000E+00  1.200000E+02     6  1.596076E+04 -1.383471E+02 -1.192564E+04 -1.060779E+04
  1.100000E+00  1.500000E+02     1  2.861696E+02 -1.685479E+02 -2.804723E+02 -5.681869E+01
  1.100000E+00  1.500000E+02     2  1.805069E+01  3.636299E+01  1.453580E+01  1.070223E+01
  1.100000E+00  1.500000E+02     3  1.757103E+02 -3.005074E+00  1.754686E+02 -9.211503E+00
  1.100000E+00  1.500000E+02     4  9.359894E+02 -7.782194E+01  1.974474E+02 -9.149266E+02
  1.100000E+00  1.500000E+02     5  1.103782E+04 -1.629130E+02 -1.055060E+04 -3.243176E+03
  1.100000E+00  1.500000E+02     6  1.635505E+04 -6.957616E+00  1.623461E+04 -1.981170E+03
  1.100000E+00  1.800000E+02     1  4.943574E+02 -1.087949E+02 -1.592726E+02 -4.679973E+02
  1.100000E+00  1.800000E+02     2  9.919951E-13 -1.321343E+02 -6.655010E-13 -7.356376E-13
  1.100000E+00  1.800000E+02     3  2.911993E+02  6.174365E+01  1.378588E+02  2.564995E+02
  1.100000E+00  1.800000E+02     4  4.493819E-10 -5.164433E+01  2.788600E-10 -3.523935E-10
  1.100000E+00  1.800000E+02     5  8.881913E+03 -1.250943E+02 -5.106417E+03 -7.267247E+03
  1.100000E+00  1.800000E+02     6  1.963566E-10 -5.580424E+01  1.103568E-10 -1.624109E-10
  1.200000E+00  0.000000E+00     1  4.116999E+02  1.512349E+02 -3.608962E+02  1.981180E+02
  1.200000E+00  0.000000E+00     2  2.436346E-12  1.712142E+02 -2.407759E-12  3.721299E-13
  1.200000E+00  0.000000E+00     3  1.855813E+02  1.377172E+02 -1.372993E+02  1.248572E+02
  1.200000E+00  0.000000E+00     4  3.221731E-11 -1.680237E+02 -3.151605E-11 -6.685296E-12
  1.200000E+00  0.000000E+00     5  8.888332E+03  1.411228E+02 -6.919503E+03  5.578792E+03
  1.200000E+00  0.000000E+00     6  1.373592E-10 -1.056345E+02 -3.701823E-11 -1.322770E-10
  1.200000E+00  3.000000E+01     1  2.546223E+02  8.661906E+01  1.501616E+01  2.541792E+02
  1.200000E+00  3.000000E+01     2  1.488412E+02  1.029098E+02 -3.325368E+01  1.450790E+02
  1.200000E+00  3.000000E+01     3  1.568408E+02  9.309004E+01 -8.454538E+00  1.566128E+02
  1.200000E+00  3.000000E+01     4  1.306140E+03 -2.553110E+00  1.304843E+03 -5.818256E+01
  1.200000E+00  3.000000E+01     5  5.590225E+03  6.479372E+01  2.380756E+03  5.057926E+03
  1.200000E+00  3.000000E+01     6  8.485097E+03 -1.775370E+02 -8.477258E+03 -3.646450E+02
  1.200000E+00  6.000000E+01     1  1.363208E+01  1.063876E+02 -3.846076E+00  1.307828E+01
  1.200000E+00  6.000000E+01     2  2.123074E+02  8.570370E+00  2.099367E+02  3.163889E+01
  1.200000E+00  6.000000E+01     3  8.980686E+01 -1.506860E+01  8.671887E+01 -2.334757E+01
  1.200000E+00  6.000000E+01     4  1.279557E+03 -1.771210E+02 -1.277942E+03 -6.426710E+01
  1.200000E+00  6.000000E+01     5  4.347267E+03 -8.648354E+01  2.666408E+02 -4.339082E+03
  1.200000E+00  6.000000E+01     6  8.305699E+03  9.548207E+00  8.190635E+03  1.377728E+03
  1.200000E+00  9.000000E+01     1  7.629298E-13 -1.108980E+02 -2.721417E-13 -7.127418E-13
  1.200000E+00  9.000000E+01     2  1.100180E+03 -1.447641E+02 -8.986082E+02 -6.347430E+02
  1.200000E+00  9.000000E+01     3  6.360607E+02 -1.470827E+02 -5.339451E+02 -3.456527E+02
  1.200000E+00  9.000000E+01     4  3.695990E+03  2.090716E+01  3.452646E+03  1.318932E+03
  1.200000E+00  9.000000E+01     5  2.708637E-10 -5.561454E+01  1.529723E-10 -2.235321E-10
  1.200000E+00  9.000000E+01     6  8.514687E-11  3.016143E+01  7.361912E-11  4.278102E-11
  1.200000E+00  1.200000E+02     1  1.363208E+01 -7.361238E+01  3.846076E+00 -1.307828E+01
  1.200000E+00  1.200000E+02     2  2.123074E+02  8.570370E+00  2.099367E+02  3.163889E+01
  1.200000E+00  1.200000E+02     3  8.980686E+01 -1.506860E+01  8.671887E+01 -2.334757E+01
  1.200000E+00  1.200000E+02     4  1.279557E+03 -1.771210E+02 -1.277942E+03 -6.426710E+01
  1.200000E+00  1.200000E+02     5  4.347267E+03  9.351646E+01 -2.666408E+02  4.339082E+03
  1.200000E+00  1.200000E+02     6  8.305699E+03 -1.704518E+02 -8.190635E+03 -1.377728E+03
  1.200000E+00  1.500000E+02     1  2.546223E+02 -9.338094E+01 -1.501616E+01 -2.541792E+02
  1.200000E+00  1.500000E+02     2  1.488412E+02  1.029098E+02 -3.325368E+01  1.450790E+02
  1.200000E+00  1.500000E+02     3  1.568408E+02  9.309004E+01 -8.454538E+00  1.566128E+02
  1.200000E+00  1.500000E+02     4  1.306140E+03 -2.553110E+00  1.304843E+03 -5.818256E+01
  1.200000E+00  1.500000E+02     5  5.590225E+03 -1.152063E+02 -2.380756E+03 -5.057926E+03
  1.200000E+00  1.500000E+02     6  8.485097E+03  2.463031E+00  8.477258E+03  3.646450E+02
  1.200000E+00  1.800000E+02     1  4.116999E+02 -2.876508E+01  3.608962E+02 -1.981180E+02
  1.200000E+00  1.800000E+02     2  1.558508E-12  1.025011E+02 -3.373514E-13  1.521559E-12
  1.200000E+00  1.800000E+02     3  1.855813E+02  1.377172E+02 -1.372993E+02  1.248572E+02
  1.200000E+00  1.800000E+02     4  1.581240E-10  6.691405E+01  6.200223E-11  1.454610E-10
  1.200000E+00  1.800000E+02     5  8.888332E+03 -3.887721E+01  6.919503E+03 -5.578792E+03
  1.200000E+00  1.800000E+02     6  2.283240E-10 -1.083753E+01  2.242517E-10 -4.293057E-11
  1.300000E+00  0.000000E+00     1  4.394120E+02 -1.223738E+02 -2.352792E+02 -3.711153E+02
  1.300000E+00  0.000000E+00     2  2.127894E-12 -1.167267E+02 -9.569882E-13 -1.900554E-12
  1.300000E+00  0.000000E+00     3  1.680750E+02 -1.277007E+02 -1.027841E+02 -1.329837E+02
  1.300000E+00  0.000000E+00     4  8.764610E-11 -1.174875E+02 -4.045347E-11 -7.775188E-11
  1.300000E+00  0.000000E+00     5  5.533059E+03 -1.359055E+02 -3.973802E+03 -3.850148E+03
  1.300000E+00  0.000000E+00     6  1.889791E-10 -7.992095E+01  3.307261E-11 -1.860626E-10
  1.300000E+00  3.000000E+01     1  1.648847E+02  1.356757E+02 -1.179579E+02  1.152081E+02
  1.300000E+00  3.000000E+01     2  9.070877E+01  1.102401E+02 -3.138117E+01  8.510759E+01
  1.300000E+00  3.000000E+01     3  1.079860E+02  1.495718E+02 -9.311248E+01  5.469041E+01
  1.300000E+00  3.000000E+01     4  1.010487E+03  5.169137E+01  6.263978E+02  7.929117E+02
  1.300000E+00  3.000000E+01     5  3.714873E+03  1.753858E+02 -3.702832E+03  2.988480E+02
  1.300000E+00  3.000000E+01     6  3.392211E+03 -1.473209E+01  3.280694E+03 -8.626378E+02
  1.300000E+00  6.000000E+01     1  3.811170E+01  9.796675E+01 -5.282221E+00  3.774387E+01
  1.300000E+00  6.000000E+01     2  1.435821E+02  3.505089E+01  1.175424E+02  8.245976E+01
  1.300000E+00  6.000000E+01     3  7.312342E+01  3.408758E+01  6.055949E+01  4.098271E+01
  1.300000E+00  6.000000E+01     4  1.126978E+03 -1.391486E+02 -8.524557E+02 -7.371553E+02
  1.300000E+00  6.000000E+01     5  5.424045E+02  1.329867E+02 -3.698272E+02  3.967751E+02
  1.300000E+00  6.000000E+01     6  9.169915E+03 -2.865526E+01  8.046792E+03 -4.397327E+03
  1.300000E+00  9.000000E+01     1  6.793106E-13  1.678331E+02 -6.640519E-13  1.431715E-13
  1.300000E+00  9.000000E+01     2  1.009005E+03 -1.105676E+02 -3.544758E+02 -9.446897E+02
  1.300000E+00  9.000000E+01     3  5.074209E+02 -1.130342E+02 -1.985438E+02 -4.669651E+02
  1.300000E+00  9.000000E+01     4  2.529467E+03  6.376598E+01  1.118122E+03  2.268922E+03
  1.300000E+00  9.000000E+01     5  1.478526E-10  2.850518E+01  1.299290E-10  7.056093E-11
  1.300000E+00  9.000000E+01     6  1.038883E-10  1.163346E+02 -4.608614E-11  9.310666E-11
  1.300000E+00  1.200000E+02     1  3.811170E+01 -8.203325E+01  5.282221E+00 -3.774387E+01
  1.300000E+00  1.200000E+02     2  1.435821E+02  3.505089E+01  1.175424E+02  8.245976E+01
  1.300000E+00  1.200000E+02     3  7.312342E+01  3.408758E+01  6.055949E+01  4.098271E+01
  1.300000E+00  1.200000E+02     4  1.126978E+03 -1.391486E+02 -8.524557E+02 -7.371553E+02
  1.300000E+00  1.200000E+02     5  5.424045E+02 -4.701325E+01  3.698272E+02 -3.967751E+02
  1.300000E+00  1.200000E+02     6  9.169915E+03  1.513447E+02 -8.046792E+03  4.397327E+03
  1.300000E+00  1.500000E+02     1  1.648847E+02 -4.432432E+01  1.179579E+02 -1.152081E+02
  1.300000E+00  1.500000E+02     2  9.070877E+01  1.102401E+02 -3.138117E+01  8.510759E+01
  1.300000E+00  1.500000E+02     3  1.079860E+02  1.495718E+02 -9.311248E+01  5.469041E+01
  1.300000E+00  1.500000E+02     4  1.010487E+03  5.169137E+01  6.263978E+02  7.929117E+02
  1.300000E+00  1.500000E+02     5  3.714873E+03 -4.614223E+00  3.702832E+03 -2.988480E+02
  1.300000E+00  1.500000E+02     6  3.392211E+03  1.652679E+02 -3.280694E+03  8.626378E+02
  1.300000E+00  1.800000E+02     1  4.394120E+02  5.762617E+01  2.352792E+02  3.711153E+02
  1.300000E+00  1.800000E+02     2  1.718141E-12 -7.932149E+01  3.183681E-13 -1.688387E-12
  1.300000E+00  1.800000E+02     3  1.680750E+02 -1.277007E+02 -1.027841E+02 -1.329837E+02
  1.300000E+00  1.800000E+02     4  1.145097E-10 -9.921772E+01 -1.834290E-11 -1.130310E-10
  1.300000E+00  1.800000E+02     5  5.533059E+03  4.409454E+01  3.973802E+03  3.850148E+03
  1.300000E+00  1.800000E+02     6  4.293086E-11  3.505134E+01  3.514483E-11  2.465563E-11
  1.400000E+00  0.000000E+00     1  3.762474E+02 -2.678838E+01  3.358675E+02 -1.695734E+02
  1.400000E+00  0.000000E+00     2  2.761186E-12 -5.571154E+01  1.555541E-12 -2.281324E-12
  1.400000E+00  0.000000E+00     3  1.188032E+02 -3.826428E+01  9.327983E+01 -7.357359E+01
  1.400000E+00  0.000000E+00     4  2.607371E-10 -3.613873E+01  2.105691E-10 -1.537677E-10
  1.400000E+00  0.000000E+00     5  5.239967E+03 -3.459525E+01  4.313455E+03 -2.975125E+03
  1.400000E+00  0.000000E+00     6  1.115593E-10 -2.600960E+01  1.002606E-10 -4.892117E-11
  1.400000E+00  3.000000E+01     1  8.224168E+01 -1.182142E+02 -3.888130E+01 -7.247026E+01
  1.400000E+00  3.000000E+01     2  5.783651E+01 -2.873274E+01  5.071519E+01 -2.780344E+01
  1.400000E+00  3.000000E+01     3  4.537872E+01 -1.136902E+02 -1.823277E+01 -4.155471E+01
  1.400000E+00  3.000000E+01     4  7.272324E+02  1.519095E+02 -6.415677E+02  3.424293E+02
  1.400000E+00  3.000000E+01     5  2.958366E+03 -1.202393E+02 -1.489871E+03 -2.555819E+03
  1.400000E+00  3.000000E+01     6  7.981342E+03  1.269465E+00  7.979383E+03  1.768229E+02
  1.400000E+00  6.000000E+01     1  5.659347E+01 -1.748851E+02 -5.636811E+01 -5.045534E+00
  1.400000E+00  6.000000E+01     2  3.587951E+01  7.380730E+01  1.000568E+01  3.445614E+01
  1.400000E+00  6.000000E+01     3  3.273332E+01  9.384089E+01 -2.192672E+00  3.265980E+01
  1.400000E+00  6.000000E+01     4  6.165289E+02 -1.030242E+02 -1.389425E+02 -6.006687E+02
  1.400000E+00  6.000000E+01     5  2.317923E+03  1.658962E+02 -2.248051E+03  5.648289E+02
  1.400000E+00  6.000000E+01     6  1.083825E+04 -7.236118E+00  1.075193E+04 -1.365171E+03
  1.400000E+00  9.000000E+01     1  7.329629E-13 -1.296939E+02 -4.681330E-13 -5.639912E-13
  1.400000E+00  9.000000E+01     2  9.084121E+02 -7.233951E+01  2.755904E+02 -8.655995E+02
  1.400000E+00  9.000000E+01     3  3.907681E+02 -7.567969E+01  9.665356E+01 -3.786262E+02
  1.400000E+00  9.000000E+01     4  2.024986E+03  1.070805E+02 -5.947701E+02  1.935670E+03
  1.400000E+00  9.000000E+01     5  2.518296E-10  2.764337E+01  2.230839E-10  1.168405E-10
  1.400000E+00  9.000000E+01     6  5.436747E-11  9.692899E+00  5.359134E-11  9.153699E-12
  1.400000E+00  1.200000E+02     1  5.659347E+01  5.114939E+00  5.636811E+01  5.045534E+00
  1.400000E+00  1.200000E+02     2  3.587951E+01  7.380730E+01  1.000568E+01  3.445614E+01
  1.400000E+00  1.200000E+02     3  3.273332E+01  9.384089E+01 -2.192672E+00  3.265980E+01
  1.400000E+00  1.200000E+02     4  6.165289E+02 -1.030242E+02 -1.389425E+02 -6.006687E+02
  1.400000E+00  1.200000E+02     5  2.317923E+03 -1.410377E+01  2.248051E+03 -5.648289E+02
  1.400000E+00  1.200000E+02     6  1.083825E+04  1.727639E+02 -1.075193E+04  1.365171E+03
  1.400000E+00  1.500000E+02     1  8.224168E+01  6.178582E+01  3.888130E+01  7.247026E+01
  1.400000E+00  1.500000E+02     2  5.783651E+01 -2.873274E+01  5.071519E+01 -2.780344E+01
  1.400000E+00  1.500000E+02     3  4.537872E+01 -1.136902E+02 -1.823277E+01 -4.155471E+01
  1.400000E+00  1.500000E+02     4  7.272324E+02  1.519095E+02 -6.415677E+02  3.424293E+02
  1.400000E+00  1.500000E+02     5  2.958366E+03  5.976069E+01  1.489871E+03  2.555819E+03
  1.400000E+00  1.500000E+02     6  7.981342E+03 -1.787305E+02 -7.979383E+03 -1.768229E+02
  1.400000E+00  1.800000E+02     1  3.762474E+02  1.532116E+02 -3.358675E+02  1.695734E+02
  1.400000E+00  1.800000E+02     2  2.804283E-12 -2.165132E+01  2.606431E-12 -1.034660E-12
  1.400000E+00  1.800000E+02     3  1.188032E+02 -3.826428E+01  9.327983E+01 -7.357359E+01
  1.400000E+00  1.800000E+02     4  1.678722E-10  6.516932E+00  1.667875E-10  1.905296E-11
  1.400000E+00  1.800000E+02     5  5.239967E+03  1.454048E+02 -4.313455E+03  2.975125E+03
  1.400000E+00  1.800000E+02     6  1.947468E-10  1.452239E+02 -1.599625E-10  1.110779E-10
  1.500000E+00  0.000000E+00     1  3.597632E+02  6.932966E+01  1.269930E+02  3.366041E+02
  1.500000E+00  0.000000E+00     2  9.846626E-13 -9.189756E+01 -3.260484E-14 -9.841227E-13
  1.500000E+00  0.000000E+00     3  1.087569E+02  6.676744E+01  4.290069E+01  9.993790E+01
  1.500000E+00  0.000000E+00     4  1.355813E-10 -9.754305E+01 -1.779789E-11 -1.344080E-10
  1.500000E+00  0.000000E+00     5  3.341914E+03  6.240086E+01  1.548251E+03  2.961639E+03
  1.500000E+00  0.000000E+00     6  4.687137E-11 -1.729886E+01  4.475123E-11 -1.393748E-11
  1.500000E+00  3.000000E+01     1  4.030648E+01 -6.213473E+01  1.883901E+01 -3.563291E+01
  1.500000E+00  3.000000E+01     2  5.806823E+01 -6.153778E+01  2.767410E+01 -5.104961E+01
  1.500000E+00  3.000000E+01     3  4.156331E+01 -2.096362E+01  3.881214E+01 -1.487032E+01
  1.500000E+00  3.000000E+01     4  7.456448E+02 -1.295974E+02 -4.752655E+02 -5.745510E+02
  1.500000E+00  3.000000E+01     5  8.410112E+02 -1.627750E+01  8.072997E+02 -2.357268E+02
  1.500000E+00  3.000000E+01     6  2.066037E+03 -3.178896E+01  1.756119E+03 -1.088372E+03
  1.500000E+00  6.000000E+01     1  6.755336E+01 -1.353622E+02 -4.806845E+01 -4.746452E+01
  1.500000E+00  6.000000E+01     2  7.394115E+01 -7.758758E+01  1.589343E+01 -7.221283E+01
  1.500000E+00  6.000000E+01     3  1.259991E+01 -1.240226E+02 -7.049903E+00 -1.044302E+01
  1.500000E+00  6.000000E+01     4  2.039050E+02 -6.716253E+01  7.913929E+01 -1.879208E+02
  1.500000E+00  6.000000E+01     5  2.267607E+03 -1.487607E+02 -1.938823E+03 -1.176013E+03
  1.500000E+00  6.000000E+01     6  7.736736E+03  7.691899E+00  7.667122E+03  1.035532E+03
  1.500000E+00  9.000000E+01     1  5.734092E-13 -3.334369E+01  4.790194E-13 -3.151801E-13
  1.500000E+00  9.000000E+01     2  8.314139E+02 -2.883721E+01  7.283133E+02 -4.010098E+02
  1.500000E+00  9.000000E+01     3  2.953593E+02 -3.252949E+01  2.490218E+02 -1.588246E+02
  1.500000E+00  9.000000E+01     4  1.632879E+03  1.435665E+02 -1.313727E+03  9.697508E+02
  1.500000E+00  9.000000E+01     5  3.270756E-10  1.293734E+02 -2.074877E-10  2.528386E-10
  1.500000E+00  9.000000E+01     6  3.461380E-11 -1.679957E+02 -3.385686E-11 -7.199148E-12
  1.500000E+00  1.200000E+02     1  6.755336E+01  4.463780E+01  4.806845E+01  4.746452E+01
  1.500000E+00  1.200000E+02     2  7.394115E+01 -7.758758E+01  1.589343E+01 -7.221283E+01
  1.500000E+00  1.200000E+02     3  1.259991E+01 -1.240226E+02 -7.049903E+00 -1.044302E+01
  1.500000E+00  1.200000E+02     4  2.039050E+02 -6.716253E+01  7.913929E+01 -1.879208E+02
  1.500000E+00  1.200000E+02     5  2.267607E+03  3.123934E+01  1.938823E+03  1.176013E+03
  1.500000E+00  1.200000E+02     6  7.736736E+03 -1.723081E+02 -7.667122E+03 -1.035532E+03
  1.500000E+00  1.500000E+02     1  4.030648E+01  1.178653E+02 -1.883901E+01  3.563291E+01
  1.500000E+00  1.500000E+02     2  5.806823E+01 -6.153778E+01  2.767410E+01 -5.104961E+01
  1.500000E+00  1.500000E+02     3  4.156331E+01 -2.096362E+01  3.881214E+01 -1.487032E+01
  1.500000E+00  1.500000E+02     4  7.456448E+02 -1.295974E+02 -4.752655E+02 -5.745510E+02
  1.500000E+00  1.500000E+02     5  8.410112E+02  1.637225E+02 -8.072997E+02  2.357268E+02
  1.500000E+00  1.500000E+02     6  2.066037E+03  1.482110E+02 -1.756119E+03  1.088372E+03
  1.500000E+00  1.800000E+02     1  3.597632E+02 -1.106703E+02 -1.269930E+02 -3.366041E+02
  1.500000E+00  1.800000E+02     2  2.821253E-12 -5.625484E+01  1.567206E-12 -2.345918E-12
  1.500000E+00  1.800000E+02     3  1.087569E+02  6.676744E+01  4.290069E+01  9.993790E+01
  1.500000E+00  1.800000E+02     4  2.000969E-10 -3.289209E+01  1.680203E-10 -1.086643E-10
  1.500000E+00  1.800000E+02     5  3.341914E+03 -1.175991E+02 -1.548251E+03 -2.961639E+03
  1.500000E+00  1.800000E+02     6  3.223754E-11 -7.641351E+01  7.573017E-12 -3.133542E-11
  1.600000E+00  0.000000E+00     1  3.219435E+02 -1.787079E+02 -3.218617E+02 -7.259751E+00
  1.600000E+00  0.000000E+00     2  3.810234E-13 -1.136793E+02 -1.530254E-13 -3.489442E-13
  1.600000E+00  0.000000E+00     3  7.271376E+01  1.761591E+02 -7.255044E+01  4.870786E+00
  1.600000E+00  0.000000E+00     4  1.046693E-10 -3.653210E+01  8.410425E-11 -6.230683E-11
  1.600000E+00  0.000000E+00     5  3.237824E+03  1.682574E+02 -3.170062E+03  6.589485E+02
  1.600000E+00  0.000000E+00     6  1.239606E-10  8.927125E+01  1.576625E-12  1.239506E-10
  1.600000E+00  3.000000E+01     1  2.283769E+01 -1.039205E+02 -5.494185E+00 -2.216695E+01
  1.600000E+00  3.000000E+01     2  4.368019E+01 -1.617230E+02 -4.147660E+01 -1.369857E+01
  1.600000E+00  3.000000E+01     3  6.401589E+00  7.677817E+01  1.464183E+00  6.231894E+00
  1.600000E+00  3.000000E+01     4  3.750956E+02 -3.230448E+01  3.170383E+02 -2.004580E+02
  1.600000E+00  3.000000E+01     5  1.167004E+03  8.604425E+01  8.050701E+01  1.164224E+03
  1.600000E+00  3.000000E+01     6  3.721338E+03  1.696132E+02 -3.660357E+03  6.709292E+02
  1.600000E+00  6.000000E+01     1  4.378363E+01 -9.145288E+01 -1.110124E+00 -4.376955E+01
  1.600000E+00  6.000000E+01     2  9.800143E+01 -4.451315E+01  6.988379E+01 -6.870615E+01
  1.600000E+00  6.000000E+01     3  3.332684E+01 -4.826087E+01  2.218701E+01 -2.486794E+01
  1.600000E+00  6.000000E+01     4  1.802201E+02 -1.457774E+02 -1.490165E+02 -1.013575E+02
  1.600000E+00  6.000000E+01     5  9.297956E+02 -1.018233E+02 -1.905101E+02 -9.100691E+02
  1.600000E+00  6.000000E+01     6  2.782720E+03 -2.323574E+01  2.557012E+03 -1.097825E+03
  1.600000E+00  9.000000E+01     1  4.512829E-13 -7.142542E+01  1.437511E-13 -4.277755E-13
  1.600000E+00  9.000000E+01     2  7.858303E+02  1.546678E+01  7.573716E+02  2.095649E+02
  1.600000E+00  9.000000E+01     3  2.349100E+02  1.441513E+01  2.275144E+02  5.847984E+01
  1.600000E+00  9.000000E+01     4  1.136611E+03 -1.789367E+02 -1.136415E+03 -2.109255E+01
  1.600000E+00  9.000000E+01     5  6.286017E-10 -1.495671E+02 -5.419950E-10 -3.184046E-10
  1.600000E+00  9.000000E+01     6  4.312340E-11 -1.071100E+02 -1.268719E-11 -4.121483E-11
  1.600000E+00  1.200000E+02     1  4.378363E+01  8.854712E+01  1.110124E+00  4.376955E+01
  1.600000E+00  1.200000E+02     2  9.800143E+01 -4.451315E+01  6.988379E+01 -6.870615E+01
  1.600000E+00  1.200000E+02     3  3.332684E+01 -4.826087E+01  2.218701E+01 -2.486794E+01
  1.600000E+00  1.200000E+02     4  1.802201E+02 -1.457774E+02 -1.490165E+02 -1.013575E+02
  1.600000E+00  1.200000E+02     5  9.297956E+02  7.817667E+01  1.905101E+02  9.100691E+02
  1.600000E+00  1.200000E+02     6  2.782720E+03  1.567643E+02 -2.557012E+03  1.097825E+03
  1.600000E+00  1.500000E+02     1  2.283769E+01  7.607950E+01  5.494185E+00  2.216695E+01
  1.600000E+00  1.500000E+02     2  4.368019E+01 -1.617230E+02 -4.147660E+01 -1.369857E+01
  1.600000E+00  1.500000E+02     3  6.401589E+00  7.677817E+01  1.464183E+00  6.231894E+00
  1.600000E+00  1.500000E+02     4  3.750956E+02 -3.230448E+01  3.170383E+02 -2.004580E+02
  1.600000E+00  1.500000E+02     5  1.167004E+03 -9.395575E+01 -8.050701E+01 -1.164224E+03
  1.600000E+00  1.500000E+02     6  3.721338E+03 -1.038679E+01  3.660357E+03 -6.709292E+02
  1.600000E+00  1.800000E+02     1  3.219435E+02  1.292116E+00  3.218617E+02  7.259751E+00
  1.600000E+00  1.800000E+02     2  1.365012E-12 -1.783940E+02 -1.364476E-12 -3.825634E-14
  1.600000E+00  1.800000E+02     3  7.271376E+01  1.761591E+02 -7.255044E+01  4.870786E+00
  1.600000E+00  1.800000E+02     4  1.820950E-10 -6.455930E+01  7.822379E-11 -1.644374E-10
  1.600000E+00  1.800000E+02     5  3.237824E+03 -1.174263E+01  3.170062E+03 -6.589485E+02
  1.600000E+00  1.800000E+02     6  1.011503E-10 -8.009549E+01  1.739852E-11 -9.964270E-11
  1.700000E+00  0.000000E+00     1  2.916014E+02 -6.613962E+01  1.179555E+02 -2.666793E+02
  1.700000E+00  0.000000E+00     2  3.911913E-13 -9.732641E+01 -4.988540E-14 -3.879976E-13
  1.700000E+00  0.000000E+00     3  6.427134E+01 -7.384794E+01  1.787948E+01 -6.173435E+01
  1.700000E+00  0.000000E+00     4  1.205628E-10 -2.462984E+01  1.095939E-10 -5.024507E-11
  1.700000E+00  0.000000E+00     5  2.204308E+03 -6.528793E+01  9.215299E+02 -2.002438E+03
  1.700000E+00  0.000000E+00     6  3.095142E-11  1.346388E+02 -2.174757E-11  2.202348E-11
  1.700000E+00  3.000000E+01     1  3.318622E+01  6.582728E+00  3.296744E+01  3.804392E+00
  1.700000E+00  3.000000E+01     2  4.966610E+00  1.444407E+02 -4.040405E+00  2.888311E+00
  1.700000E+00  3.000000E+01     3  9.329590E+00 -1.552826E+02 -8.474823E+00 -3.901104E+00
  1.700000E+00  3.000000E+01     4  4.322500E+02  6.390677E+01  1.901178E+02  3.881949E+02
  1.700000E+00  3.000000E+01     5  1.475975E+02 -4.845830E+01  9.788148E+01 -1.104728E+02
  1.700000E+00  3.000000E+01     6  2.538390E+03  1.677902E+02 -2.480972E+03  5.368475E+02
  1.700000E+00  6.000000E+01     1  2.392656E+01 -9.101344E+01 -4.231884E-01 -2.392281E+01
  1.700000E+00  6.000000E+01     2  3.159902E+01 -1.551893E+01  3.044699E+01 -8.454529E+00
  1.700000E+00  6.000000E+01     3  2.187209E+01 -5.607101E+00  2.176743E+01 -2.137039E+00
  1.700000E+00  6.000000E+01     4  3.126474E+02 -1.332028E+02 -2.140331E+02 -2.278996E+02
  1.700000E+00  6.000000E+01     5  4.004513E+02  4.776143E+01  2.691910E+02  2.964750E+02
  1.700000E+00  6.000000E+01     6  3.309996E+03 -5.994366E+01  1.657816E+03 -2.864912E+03
  1.700000E+00  9.000000E+01     1  7.699163E-13 -8.250022E-01  7.698364E-13 -1.108564E-14
  1.700000E+00  9.000000E+01     2  7.286533E+02  6.213035E+01  3.406174E+02  6.441392E+02
  1.700000E+00  9.000000E+01     3  1.966278E+02  6.206501E+01  9.211413E+01  1.737167E+02
  1.700000E+00  9.000000E+01     4  6.817970E+02 -1.267185E+02 -4.076352E+02 -5.465169E+02
  1.700000E+00  9.000000E+01     5  5.940615E-10  1.703956E+02 -5.857347E-10  9.911583E-11
  1.700000E+00  9.000000E+01     6  3.499230E-11 -1.500677E+01  3.379890E-11 -9.060667E-12
  1.700000E+00  1.200000E+02     1  2.392656E+01  8.898656E+01  4.231884E-01  2.392281E+01
  1.700000E+00  1.200000E+02     2  3.159902E+01 -1.551893E+01  3.044699E+01 -8.454529E+00
  1.700000E+00  1.200000E+02     3  2.187209E+01 -5.607101E+00  2.176743E+01 -2.137039E+00
  1.700000E+00  1.200000E+02     4  3.126474E+02 -1.332028E+02 -2.140331E+02 -2.278996E+02
  1.700000E+00  1.200000E+02     5  4.004513E+02 -1.322386E+02 -2.691910E+02 -2.964750E+02
  1.700000E+00  1.200000E+02     6  3.309996E+03  1.200563E+02 -1.657816E+03  2.864912E+03
  1.700000E+00  1.500000E+02     1  3.318622E+01 -1.734173E+02 -3.296744E+01 -3.804392E+00
  1.700000E+00  1.500000E+02     2  4.966610E+00  1.444407E+02 -4.040405E+00  2.888311E+00
  1.700000E+00  1.500000E+02     3  9.329590E+00 -1.552826E+02 -8.474823E+00 -3.901104E+00
  1.700000E+00  1.500000E+02     4  4.322500E+02  6.390677E+01  1.901178E+02  3.881949E+02
  1.700000E+00  1.500000E+02     5  1.475975E+02  1.315417E+02 -9.788148E+01  1.104728E+02
  1.700000E+00  1.500000E+02     6  2.538390E+03 -1.220976E+01  2.480972E+03 -5.368475E+02
  1.700000E+00  1.800000E+02     1  2.916014E+02  1.138604E+02 -1.179555E+02  2.666793E+02
  1.700000E+00  1.800000E+02     2  1.794332E-12  4.075487E+01  1.359223E-12  1.171383E-12
  1.700000E+00  1.800000E+02     3  6.427134E+01 -7.384794E+01  1.787948E+01 -6.173435E+01
  1.700000E+00  1.800000E+02     4  1.529889E-10  3.961096E+01  1.178613E-10  9.754136E-11
  1.700000E+00  1.800000E+02     5  2.204308E+03  1.147121E+02 -9.215299E+02  2.002438E+03
  1.700000E+00  1.800000E+02     6  2.904592E-11 -2.479143E+01  2.636905E-11 -1.217943E-11
  1.800000E+00  0.000000E+00     1  2.876568E+02  5.550257E+01  1.629200E+02  2.370728E+02
  1.800000E+00  0.000000E+00     2  6.006513E-13  1.096669E+02 -2.021500E-13  5.656124E-13
  1.800000E+00  0.000000E+00     3  5.514432E+01  5.731010E+01  2.978301E+01  4.640979E+01
  1.800000E+00  0.000000E+00     4  1.597519E-10  1.275249E+02 -9.730588E-11  1.266974E-10
  1.800000E+00  0.000000E+00     5  1.683908E+03  4.481311E+01  1.194580E+03  1.186812E+03
  1.800000E+00  0.000000E+00     6  6.834969E-11  1.341805E+02 -4.763436E-11  4.901681E-11
  1.800000E+00  3.000000E+01     1  6.308417E+01  7.918026E+01  1.184214E+01  6.196270E+01
  1.800000E+00  3.000000E+01     2  4.525480E+01  6.961867E+01  1.576074E+01  4.242165E+01
  1.800000E+00  3.000000E+01     3  1.086737E+01  8.875476E+01  2.361684E-01  1.086481E+01
  1.800000E+00  3.000000E+01     4  1.729875E+02  1.773359E+02 -1.728006E+02  8.040647E+00
  1.800000E+00  3.000000E+01     5  2.135904E+02 -9.202151E+00  2.108416E+02 -3.415700E+01
  1.800000E+00  3.000000E+01     6  8.680229E+02 -1.425749E+01  8.412867E+02 -2.137767E+02
  1.800000E+00  6.000000E+01     1  4.071562E+01 -1.320772E+02 -2.728479E+01 -3.022088E+01
  1.800000E+00  6.000000E+01     2  4.398692E+01 -1.158545E+02 -1.918217E+01 -3.958401E+01
  1.800000E+00  6.000000E+01     3  1.865334E+00  2.435622E+00  1.863649E+00  7.927076E-02
  1.800000E+00  6.000000E+01     4  2.177748E+02 -7.887983E+01  4.200165E+01 -2.136861E+02
  1.800000E+00  6.000000E+01     5  5.054252E+02  1.464027E+02 -4.209927E+02  2.796780E+02
  1.800000E+00  6.000000E+01     6  3.264526E+03 -2.541032E+01  2.948709E+03 -1.400801E+03
  1.800000E+00  9.000000E+01     1  1.398412E-12 -1.057472E+02 -3.795203E-13 -1.345928E-12
  1.800000E+00  9.000000E+01     2  6.582406E+02  1.132793E+02 -2.601457E+02  6.046527E+02
  1.800000E+00  9.000000E+01     3  1.574815E+02  1.105748E+02 -5.534361E+01  1.474364E+02
  1.800000E+00  9.000000E+01     4  5.060877E+02 -6.515626E+01  2.126302E+02 -4.592528E+02
  1.800000E+00  9.000000E+01     5  8.629432E-10  1.362975E+02 -6.238538E-10  5.962192E-10
  1.800000E+00  9.000000E+01     6  1.109771E-10  4.106988E+01  8.366662E-11  7.290963E-11
  1.800000E+00  1.200000E+02     1  4.071562E+01  4.792284E+01  2.728479E+01  3.022088E+01
  1.800000E+00  1.200000E+02     2  4.398692E+01 -1.158545E+02 -1.918217E+01 -3.958401E+01
  1.800000E+00  1.200000E+02     3  1.865334E+00  2.435622E+00  1.863649E+00  7.927076E-02
  1.800000E+00  1.200000E+02     4  2.177748E+02 -7.887983E+01  4.200165E+01 -2.136861E+02
  1.800000E+00  1.200000E+02     5  5.054252E+02 -3.359728E+01  4.209927E+02 -2.796780E+02
  1.800000E+00  1.200000E+02     6  3.264526E+03  1.545897E+02 -2.948709E+03  1.400801E+03
  1.800000E+00  1.500000E+02     1  6.308417E+01 -1.008197E+02 -1.184214E+01 -6.196270E+01
  1.800000E+00  1.500000E+02     2  4.525480E+01  6.961867E+01  1.576074E+01  4.242165E+01
  1.800000E+00  1.500000E+02     3  1.086737E+01  8.875476E+01  2.361684E-01  1.086481E+01
  1.800000E+00  1.500000E+02     4  1.729875E+02  1.773359E+02 -1.728006E+02  8.040647E+00
  1.800000E+00  1.500000E+02     5  2.135904E+02  1.707978E+02 -2.108416E+02  3.415700E+01
  1.800000E+00  1.500000E+02     6  8.680229E+02  1.657425E+02 -8.412867E+02  2.137767E+02
  1.800000E+00  1.800000E+02     1  2.876568E+02 -1.244974E+02 -1.629200E+02 -2.370728E+02
  1.800000E+00  1.800000E+02     2  1.083963E-12  8.468426E+01  1.004229E-13  1.079302E-12
  1.800000E+00  1.800000E+02     3  5.514432E+01  5.731010E+01  2.978301E+01  4.640979E+01
  1.800000E+00  1.800000E+02     4  1.124149E-10  1.006651E+02 -2.080449E-11  1.104730E-10
  1.800000E+00  1.800000E+02     5  1.683908E+03 -1.351869E+02 -1.194580E+03 -1.186812E+03
  1.800000E+00  1.800000E+02     6  9.246267E-12  2.887877E+01  8.096433E-12  4.465559E-12
  1.900000E+00  0.000000E+00     1  2.610487E+02 -1.728208E+02 -2.590021E+02 -3.262413E+01
  1.900000E+00  0.000000E+00     2  1.724167E-12  5.145093E+01  1.074474E-12  1.348427E-12
  1.900000E+00  0.000000E+00     3  3.922223E+01 -1.749531E+02 -3.907017E+01 -3.450408E+00
  1.900000E+00  0.000000E+00     4  2.195336E-10  3.388468E+01  1.822483E-10  1.223951E-10
  1.900000E+00  0.000000E+00     5  1.722021E+03  1.749782E+02 -1.715411E+03  1.507358E+02
  1.900000E+00  0.000000E+00     6  4.538998E-11 -1.189189E+02 -2.194929E-11 -3.973008E-11
  1.900000E+00  3.000000E+01     1  5.450654E+01 -1.604749E+02 -5.137216E+01 -1.821714E+01
  1.900000E+00  3.000000E+01     2  1.076827E+01 -1.068084E+02 -3.113882E+00 -1.030822E+01
  1.900000E+00  3.000000E+01     3  6.928469E+00 -1.770892E+02 -6.919529E+00 -3.518367E-01
  1.900000E+00  3.000000E+01     4  1.932984E+02 -8.553351E+01  1.505332E+01 -1.927114E+02
  1.900000E+00  3.000000E+01     5  6.294414E+02 -1.595743E+02 -5.898656E+02 -2.196703E+02
  1.900000E+00  3.000000E+01     6  2.973372E+03 -1.604188E+01  2.857589E+03 -8.216614E+02
  1.900000E+00  6.000000E+01     1  3.995140E+01 -9.411069E+01 -2.863855E+00 -3.984862E+01
  1.900000E+00  6.000000E+01     2  6.588893E+01 -8.836444E+01  1.880604E+00 -6.586209E+01
  1.900000E+00  6.000000E+01     3  1.548237E+01 -6.735133E+01  5.961944E+00 -1.428843E+01
  1.900000E+00  6.000000E+01     4  7.849382E+01 -1.639926E+01  7.530050E+01 -2.216109E+01
  1.900000E+00  6.000000E+01     5  2.153923E+02 -1.275973E+02 -1.314126E+02 -1.706592E+02
  1.900000E+00  6.000000E+01     6  1.532964E+02  1.722419E+02 -1.518932E+02  2.069359E+01
  1.900000E+00  9.000000E+01     1  6.260181E-13 -1.230873E+02 -3.417530E-13 -5.245032E-13
  1.900000E+00  9.000000E+01     2  6.172667E+02  1.680838E+02 -6.039650E+02  1.274537E+02
  1.900000E+00  9.000000E+01     3  1.209613E+02  1.659139E+02 -1.173241E+02  2.943952E+01
  1.900000E+00  9.000000E+01     4  5.013065E+02 -2.315039E+01  4.609393E+02 -1.970866E+02
  1.900000E+00  9.000000E+01     5  6.430033E-10  9.707424E+01 -7.918931E-11  6.381083E-10
  1.900000E+00  9.000000E+01     6  1.295149E-10 -1.141109E+02 -5.290736E-11 -1.182156E-10
  1.900000E+00  1.200000E+02     1  3.995140E+01  8.588931E+01  2.863855E+00  3.984862E+01
  1.900000E+00  1.200000E+02     2  6.588893E+01 -8.836444E+01  1.880604E+00 -6.586209E+01
  1.900000E+00  1.200000E+02     3  1.548237E+01 -6.735133E+01  5.961944E+00 -1.428843E+01
  1.900000E+00  1.200000E+02     4  7.849382E+01 -1.639926E+01  7.530050E+01 -2.216109E+01
  1.900000E+00  1.200000E+02     5  2.153923E+02  5.240266E+01  1.314126E+02  1.706592E+02
  1.900000E+00  1.200000E+02     6  1.532964E+02 -7.758084E+00  1.518932E+02 -2.069359E+01
  1.900000E+00  1.500000E+02     1  5.450654E+01  1.952508E+01  5.137216E+01  1.821714E+01
  1.900000E+00  1.500000E+02     2  1.076827E+01 -1.068084E+02 -3.113882E+00 -1.030822E+01
  1.900000E+00  1.500000E+02     3  6.928469E+00 -1.770892E+02 -6.919529E+00 -3.518367E-01
  1.900000E+00  1.500000E+02     4  1.932984E+02 -8.553351E+01  1.505332E+01 -1.927114E+02
  1.900000E+00  1.500000E+02     5  6.294414E+02  2.042570E+01  5.898656E+02  2.196703E+02
  1.900000E+00  1.500000E+02     6  2.973372E+03  1.639581E+02 -2.857589E+03  8.216614E+02
  1.900000E+00  1.800000E+02     1  2.610487E+02  7.179217E+00  2.590021E+02  3.262413E+01
  1.900000E+00  1.800000E+02     2  1.036324E-12  8.175150E+01  1.486781E-13  1.025603E-12
  1.900000E+00  1.800000E+02     3  3.922223E+01 -1.749531E+02 -3.907017E+01 -3.450408E+00
  1.900000E+00  1.800000E+02     4  1.148564E-10  1.282700E+02 -7.113832E-11  9.017393E-11
  1.900000E+00  1.800000E+02     5  1.722021E+03 -5.021770E+00  1.715411E+03 -1.507358E+02
  1.900000E+00  1.800000E+02     6  6.588196E-11 -1.134023E+02 -2.616734E-11 -6.046241E-11
  2.000000E+00  0.000000E+00     1  2.324647E+02 -3.601209E+01  1.880391E+02 -1.366790E+02
  2.000000E+00  0.000000E+00     2  3.435950E-12  8.149313E+01  5.082732E-13  3.398149E-12
  2.000000E+00  0.000000E+00     3  3.293606E+01 -4.504926E+01  2.326928E+01 -2.330932E+01
  2.000000E+00  0.000000E+00     4  2.259854E-10  8.525988E+01  1.867460E-11  2.252125E-10
  2.000000E+00  0.000000E+00     5  1.293536E+03 -3.642430E+01  1.040833E+03 -7.680500E+02
  2.000000E+00  0.000000E+00     6  9.698077E-11  6.500338E+01  4.098066E-11  8.789685E-11
  2.000000E+00  3.000000E+01     1  4.872476E+01 -5.831598E+01  2.559192E+01 -4.146271E+01
  2.000000E+00  3.000000E+01     2  2.475259E+01 -8.395965E+01  2.604688E+00 -2.461517E+01
  2.000000E+00  3.000000E+01     3  1.269905E+01 -4.308128E+01  9.275199E+00 -8.673897E+00
  2.000000E+00  3.000000E+01     4  7.344022E+01  1.542031E+02 -6.612136E+01  3.195986E+01
  2.000000E+00  3.000000E+01     5  2.984544E+02 -2.805464E+01  2.633858E+02 -1.403671E+02
  2.000000E+00  3.000000E+01     6  8.144501E+02  1.545998E+02 -7.357204E+02  3.493486E+02
  2.000000E+00  6.000000E+01     1  2.450549E+01 -6.184120E+01  1.156455E+01 -2.160510E+01
  2.000000E+00  6.000000E+01     2  1.821278E+01 -6.427447E+01  7.905448E+00 -1.640760E+01
  2.000000E+00  6.000000E+01     3  1.109899E+01 -1.759540E+01  1.057972E+01 -3.355150E+00
  2.000000E+00  6.000000E+01     4  7.122497E+01 -1.680110E+02 -6.967139E+01 -1.479509E+01
  2.000000E+00  6.000000E+01     5  5.811884E+02  2.969346E+01  5.048714E+02  2.878972E+02
  2.000000E+00  6.000000E+01     6  1.926473E+03 -1.417290E+02 -1.512455E+03 -1.193222E+03
  2.000000E+00  9.000000E+01     1  9.138775E-13 -1.880126E+01  8.651150E-13 -2.945304E-13
  2.000000E+00  9.000000E+01     2  5.816887E+02 -1.358264E+02 -4.172054E+02 -4.053410E+02
  2.000000E+00  9.000000E+01     3  9.881419E+01 -1.353491E+02 -7.029659E+01 -6.944519E+01
  2.000000E+00  9.000000E+01     4  3.190686E+02  2.148150E+01  2.969048E+02  1.168432E+02
  2.000000E+00  9.000000E+01     5  3.056410E-10  1.356841E+02 -2.186857E-10  2.135251E-10
  2.000000E+00  9.000000E+01     6  1.318458E-10 -1.021927E+02 -2.784598E-11 -1.288717E-10
  2.000000E+00  1.200000E+02     1  2.450549E+01  1.181588E+02 -1.156455E+01  2.160510E+01
  2.000000E+00  1.200000E+02     2  1.821278E+01 -6.427447E+01  7.905448E+00 -1.640760E+01
  2.000000E+00  1.200000E+02     3  1.109899E+01 -1.759540E+01  1.057972E+01 -3.355150E+00
  2.000000E+00  1.200000E+02     4  7.122497E+01 -1.680110E+02 -6.967139E+01 -1.479509E+01
  2.000000E+00  1.200000E+02     5  5.811884E+02 -1.503065E+02 -5.048714E+02 -2.878972E+02
  2.000000E+00  1.200000E+02     6  1.926473E+03  3.827098E+01  1.512455E+03  1.193222E+03
  2.000000E+00  1.500000E+02     1  4.872476E+01  1.216840E+02 -2.559192E+01  4.146271E+01
  2.000000E+00  1.500000E+02     2  2.475259E+01 -8.395965E+01  2.604688E+00 -2.461517E+01
  2.000000E+00  1.500000E+02     3  1.269905E+01 -4.308128E+01  9.275199E+00 -8.673897E+00
  2.000000E+00  1.500000E+02     4  7.344022E+01  1.542031E+02 -6.612136E+01  3.195986E+01
  2.000000E+00  1.500000E+02     5  2.984544E+02  1.519454E+02 -2.633858E+02  1.403671E+02
  2.000000E+00  1.500000E+02     6  8.144501E+02 -2.540018E+01  7.357204E+02 -3.493486E+02
  2.000000E+00  1.800000E+02     1  2.324647E+02  1.439879E+02 -1.880391E+02  1.366790E+02
  2.000000E+00  1.800000E+02     2  1.155424E-12  4.387683E+00  1.152038E-12  8.839534E-14
  2.000000E+00  1.800000E+02     3  3.293606E+01 -4.504926E+01  2.326928E+01 -2.330932E+01
  2.000000E+00  1.800000E+02     4  1.204696E-10 -6.125331E+01  5.793843E-11 -1.056223E-10
  2.000000E+00  1.800000E+02     5  1.293536E+03  1.435757E+02 -1.040833E+03  7.680500E+02
  2.000000E+00  1.800000E+02     6  2.041840E-11 -6.897183E+01  7.326669E-12 -1.905861E-11
