  2.000000E-01     1     1  6.252452E+03  3.584511E+01
  2.000000E-01     1     2 -3.904172E-14 -7.746649E-14
  2.000000E-01     1     3  3.094944E-12 -1.954748E-11
  2.000000E-01     1     4  1.191979E-10 -3.144412E-13
  2.000000E-01     1     5  2.731956E+05  5.144412E+03
  2.000000E-01     1     6 -6.303464E-11 -2.043677E-13
  2.000000E-01     2     1 -1.015085E-12  1.428018E-14
  2.000000E-01     2     2  1.667623E+04  5.530479E+01
  2.000000E-01     2     3  9.767529E-12 -1.051465E-11
  2.000000E-01     2     4 -1.285992E+05 -1.101015E+03
  2.000000E-01     2     5 -1.753612E-10 -1.165041E-11
  2.000000E-01     2     6  1.789957E-10  3.717360E-12
  2.000000E-01     3     1  8.333633E-12 -3.023793E-13
  2.000000E-01     3     2  2.117481E-11 -1.893163E-12
  2.000000E-01     3     3  2.013583E+05  5.079252E+04
  2.000000E-01     3     4  1.265236E-09 -4.614909E-11
  2.000000E-01     3     5  8.595426E-10 -9.763980E-11
  2.000000E-01     3     6 -2.475955E-11  5.366279E-12
  2.000000E-01     4     1 -4.785805E-11  2.033885E-13
  2.000000E-01     4     2 -1.304106E+05 -1.081188E+03
  2.000000E-01     4     3 -3.034749E-10 -1.459628E-10
  2.000000E-01     4     4  1.202059E+07  2.150757E+04
  2.000000E-01     4     5 -7.202531E-09 -5.405859E-10
  2.000000E-01     4     6  3.028388E-09  9.288074E-11
  2.000000E-01     5     1  2.791408E+05  5.118413E+03
  2.000000E-01     5     2 -7.036028E-11 -9.276569E-13
  2.000000E-01     5     3 -1.357431E-09  9.694326E-10
  2.000000E-01     5     4 -2.383760E-08 -3.945870E-10
  2.000000E-01     5     5  1.208526E+08  7.343562E+05
  2.000000E-01     5     6 -2.359852E-08 -5.673586E-11
  2.000000E-01     6     1 -1.337924E-10 -5.933898E-13
  2.000000E-01     6     2 -3.325503E-10  1.042314E-11
  2.000000E-01     6     3  3.925184E-10  2.427685E-10
  2.000000E-01     6     4  2.158851E-09  5.636205E-11
  2.000000E-01     6     5  1.090329E-08  7.234786E-10
  2.000000E-01     6     6  1.550331E+07  2.157023E+02
  3.000000E-01     1     1  6.854523E+03  3.407393E+02
  3.000000E-01     1     2 -5.146409E-13  1.345756E-13
  3.000000E-01     1     3  4.500446E-12 -1.819581E-11
  3.000000E-01     1     4 -9.426802E-11 -2.892637E-12
  3.000000E-01     1     5  3.278956E+05  4.578441E+04
  3.000000E-01     1     6 -8.592019E-11  9.194770E-13
  3.000000E-01     2     1 -4.046142E-13 -3.697133E-14
  3.000000E-01     2     2  1.843755E+04  5.978887E+02
  3.000000E-01     2     3  4.026266E-11 -6.667853E-11
  3.000000E-01     2     4 -1.523017E+05 -1.119140E+04
  3.000000E-01     2     5 -3.066550E-10 -2.555458E-12
  3.000000E-01     2     6  9.994681E-12 -5.661050E-12
  3.000000E-01     3     1 -3.762202E-12  1.694766E-12
  3.000000E-01     3     2 -2.059983E-11 -5.323871E-13
  3.000000E-01     3     3  1.736225E+05  7.366428E+04
  3.000000E-01     3     4  1.767241E-10  7.619052E-12
  3.000000E-01     3     5  1.431965E-09 -2.612246E-11
  3.000000E-01     3     6 -2.394180E-10  3.997340E-11
  3.000000E-01     4     1  6.385451E-11 -6.117276E-12
  3.000000E-01     4     2 -1.536831E+05 -1.098793E+04
  3.000000E-01     4     3 -9.000892E-12 -1.731181E-09
  3.000000E-01     4     4  1.236051E+07  2.054794E+05
  3.000000E-01     4     5 -1.920841E-08  8.073355E-11
  3.000000E-01     4     6  4.188680E-10 -2.974011E-10
  3.000000E-01     5     1  3.335920E+05  4.554661E+04
  3.000000E-01     5     2  1.162130E-10 -3.722532E-11
  3.000000E-01     5     3  9.782720E-10  1.298883E-09
  3.000000E-01     5     4  1.069544E-09  4.040523E-09
  3.000000E-01     5     5  1.269499E+08  6.117770E+06
  3.000000E-01     5     6 -2.433733E-09 -4.750487E-10
  3.000000E-01     6     1 -3.748005E-11  4.188112E-12
  3.000000E-01     6     2 -5.641316E-10 -2.071578E-11
  3.000000E-01     6     3  1.421971E-10 -1.423485E-10
  3.000000E-01     6     4  1.156839E-08  1.449039E-09
  3.000000E-01     6     5  7.306657E-08 -7.647446E-10
  3.000000E-01     6     6  1.623150E+07  1.168767E+04
  4.000000E-01     1     1  7.408390E+03  1.278373E+03
  4.000000E-01     1     2 -3.247562E-12  1.497339E-12
  4.000000E-01     1     3 -3.357588E-12  5.543925E-11
  4.000000E-01     1     4 -1.285679E-10 -1.150666E-10
  4.000000E-01     1     5  3.555490E+05  1.583358E+05
  4.000000E-01     1     6 -2.669034E-12 -2.608697E-11
  4.000000E-01     2     1  7.098495E-15 -3.704527E-13
  4.000000E-01     2     2  2.101181E+04  2.940117E+03
  4.000000E-01     2     3 -4.123516E-11 -9.968062E-11
  4.000000E-01     2     4 -1.818224E+05 -5.048704E+04
  4.000000E-01     2     5  5.297181E-10 -4.173915E-11
  4.000000E-01     2     6  3.484509E-10  5.978708E-11
  4.000000E-01     3     1  5.210296E-12  3.686781E-12
  4.000000E-01     3     2  7.595390E-12 -1.033718E-11
  4.000000E-01     3     3  1.428576E+05  7.791409E+04
  4.000000E-01     3     4  5.333525E-10 -3.414376E-11
  4.000000E-01     3     5 -1.864462E-09  1.668430E-09
  4.000000E-01     3     6 -2.230631E-10  1.229282E-10
  4.000000E-01     4     1 -5.908078E-11 -3.945432E-11
  4.000000E-01     4     2 -1.826769E+05 -4.957939E+04
  4.000000E-01     4     3 -1.559106E-09 -3.636186E-09
  4.000000E-01     4     4  1.269940E+07  8.503810E+05
  4.000000E-01     4     5  1.140620E-08 -4.119967E-10
  4.000000E-01     4     6  5.372595E-09  8.249605E-10
  4.000000E-01     5     1  3.612058E+05  1.575514E+05
  4.000000E-01     5     2  3.034997E-10 -2.594833E-10
  4.000000E-01     5     3 -1.227223E-09 -1.088703E-08
  4.000000E-01     5     4  1.694575E-08  8.164547E-09
  4.000000E-01     5     5  1.285148E+08  1.952166E+07
  4.000000E-01     5     6  9.602198E-09  1.744952E-09
  4.000000E-01     6     1 -1.908076E-11  1.857676E-10
  4.000000E-01     6     2 -1.978493E-10  8.958301E-11
  4.000000E-01     6     3  5.967279E-10  3.674181E-10
  4.000000E-01     6     4 -7.617764E-09  8.779419E-10
  4.000000E-01     6     5  3.144508E-08 -1.618230E-08
  4.000000E-01     6     6  1.764209E+07  1.836245E+05
  5.000000E-01     1     1  7.292808E+03  2.501828E+03
  5.000000E-01     1     2  1.312867E-11  7.914822E-13
  5.000000E-01     1     3 -9.900626E-12  5.088201E-11
  5.000000E-01     1     4 -1.366318E-10  5.610651E-11
  5.000000E-01     1     5  2.833253E+05  2.824203E+05
  5.000000E-01     1     6  6.235318E-11  6.138779E-11
  5.000000E-01     2     1  8.315887E-12  5.096720E-12
  5.000000E-01     2     2  2.214358E+04  8.183612E+03
  5.000000E-01     2     3 -4.282167E-11  2.405538E-10
  5.000000E-01     2     4 -1.777332E+05 -1.257591E+05
  5.000000E-01     2     5  1.195727E-09  1.259784E-09
  5.000000E-01     2     6  8.636313E-10  3.460658E-10
  5.000000E-01     3     1  1.134340E-11  1.632654E-12
  5.000000E-01     3     2 -2.627863E-11 -2.647739E-11
  5.000000E-01     3     3  1.184055E+05  7.044737E+04
  5.000000E-01     3     4 -1.976221E-10 -7.595958E-10
  5.000000E-01     3     5  7.577786E-10  3.938813E-09
  5.000000E-01     3     6 -2.271518E-10 -2.063675E-10
  5.000000E-01     4     1  1.784100E-10  4.689976E-11
  5.000000E-01     4     2 -1.786221E+05 -1.235153E+05
  5.000000E-01     4     3  7.643340E-10  5.923496E-09
  5.000000E-01     4     4  1.240488E+07  1.895720E+06
  5.000000E-01     4     5  3.524897E-08  2.385958E-08
  5.000000E-01     4     6  1.999027E-08 -9.574450E-11
  5.000000E-01     5     1  2.894997E+05  2.811635E+05
  5.000000E-01     5     2 -1.057725E-09  2.021900E-10
  5.000000E-01     5     3 -1.570196E-10 -3.873734E-09
  5.000000E-01     5     4  5.224095E-09 -5.474757E-09
  5.000000E-01     5     5  1.185056E+08  3.204362E+07
  5.000000E-01     5     6 -4.486306E-09 -4.873373E-09
  5.000000E-01     6     1 -1.333381E-10 -2.947295E-10
  5.000000E-01     6     2 -7.262045E-10 -4.565752E-11
  5.000000E-01     6     3  1.839107E-09 -2.221999E-09
  5.000000E-01     6     4 -2.733091E-09  1.445776E-08
  5.000000E-01     6     5 -6.054960E-08  1.466856E-08
  5.000000E-01     6     6  2.014660E+07  1.356085E+06
  6.000000E-01     1     1  6.820394E+03  3.335392E+03
  6.000000E-01     1     2 -8.796810E-12  6.305830E-12
  6.000000E-01     1     3 -1.724934E-11 -2.783793E-11
  6.000000E-01     1     4 -2.481634E-11  1.560722E-10
  6.000000E-01     1     5  1.506877E+05  3.279561E+05
  6.000000E-01     1     6 -5.616329E-11 -1.024076E-10
  6.000000E-01     2     1 -1.946762E-12 -1.419699E-13
  6.000000E-01     2     2  1.906044E+04  1.378582E+04
  6.000000E-01     2     3  1.427188E-10  1.803254E-10
  6.000000E-01     2     4 -1.115903E+05 -1.850143E+05
  6.000000E-01     2     5  1.122357E-09 -1.040355E-09
  6.000000E-01     2     6  1.253878E-10  2.979475E-10
  6.000000E-01     3     1 -2.098315E-11 -4.105296E-12
  6.000000E-01     3     2 -2.588111E-11 -2.156759E-11
  6.000000E-01     3     3  1.017449E+05  5.683827E+04
  6.000000E-01     3     4  4.901937E-10  5.947593E-10
  6.000000E-01     3     5  2.816683E-09 -1.961078E-09
  6.000000E-01     3     6 -2.262432E-10  2.294234E-10
  6.000000E-01     4     1  8.853598E-12 -1.607809E-11
  6.000000E-01     4     2 -1.136039E+05 -1.815968E+05
  6.000000E-01     4     3  5.353288E-09  1.615795E-09
  6.000000E-01     4     4  1.129920E+07  2.436323E+06
  6.000000E-01     4     5  3.745870E-08 -7.903521E-08
  6.000000E-01     4     6  5.910037E-09  4.585249E-09
  6.000000E-01     5     1  1.576866E+05  3.267649E+05
  6.000000E-01     5     2  2.738422E-11 -2.994855E-10
  6.000000E-01     5     3  5.569682E-09 -1.713234E-09
  6.000000E-01     5     4 -1.715255E-08 -1.446200E-08
  6.000000E-01     5     5  1.040319E+08  3.492393E+07
  6.000000E-01     5     6  7.412561E-09  4.164451E-11
  6.000000E-01     6     1  1.319752E-10  6.284534E-10
  6.000000E-01     6     2 -7.001956E-11  2.035848E-10
  6.000000E-01     6     3  3.516878E-10 -8.745346E-10
  6.000000E-01     6     4  1.896082E-08  7.676218E-09
  6.000000E-01     6     5  1.940785E-08  3.466034E-08
  6.000000E-01     6     6  2.270062E+07  5.366208E+06
  7.000000E-01     1     1  6.612995E+03  4.254380E+03
  7.000000E-01     1     2  5.066551E-13  4.416278E-12
  7.000000E-01     1     3  1.493168E-11 -7.889470E-12
  7.000000E-01     1     4  3.767597E-10  5.954623E-11
  7.000000E-01     1     5  3.852485E+04  2.892519E+05
  7.000000E-01     1     6  1.942148E-11  5.464624E-10
  7.000000E-01     2     1 -1.327197E-11 -6.515405E-12
  7.000000E-01     2     2  1.362062E+04  1.592759E+04
  7.000000E-01     2     3 -2.358830E-11 -1.219927E-11
  7.000000E-01     2     4 -3.123397E+04 -1.833304E+05
  7.000000E-01     2     5 -1.717857E-09 -1.458315E-09
  7.000000E-01     2     6  5.165433E-10  1.603043E-10
  7.000000E-01     3     1 -2.086603E-11 -5.394856E-12
  7.000000E-01     3     2 -5.397696E-11 -3.517811E-11
  7.000000E-01     3     3  9.382900E+04  4.129415E+04
  7.000000E-01     3     4  1.690010E-10 -1.121643E-09
  7.000000E-01     3     5  2.578628E-09 -2.263730E-09
  7.000000E-01     3     6 -1.185505E-09  8.307268E-11
  7.000000E-01     4     1 -2.864607E-10  2.398227E-10
  7.000000E-01     4     2 -3.481786E+04 -1.796861E+05
  7.000000E-01     4     3 -4.934909E-10 -5.929170E-10
  7.000000E-01     4     4  1.029653E+07  2.076372E+06
  7.000000E-01     4     5 -8.822434E-08  3.599708E-08
  7.000000E-01     4     6  1.183325E-08  1.661454E-09
  7.000000E-01     5     1  4.608158E+04  2.886678E+05
  7.000000E-01     5     2  5.670948E-10 -1.005172E-09
  7.000000E-01     5     3  3.850895E-09 -4.283830E-09
  7.000000E-01     5     4 -7.259716E-09  1.595429E-08
  7.000000E-01     5     5  9.259254E+07  3.075280E+07
  7.000000E-01     5     6  1.673871E-08  3.863074E-08
  7.000000E-01     6     1 -1.812672E-10  4.463534E-10
  7.000000E-01     6     2 -1.573112E-09 -3.596300E-10
  7.000000E-01     6     3 -3.106188E-09  2.647617E-09
  7.000000E-01     6     4  1.112045E-08 -2.107839E-08
  7.000000E-01     6     5 -3.294520E-08 -2.170377E-07
  7.000000E-01     6     6  2.167546E+07  1.171505E+07
  8.000000E-01     1     1  5.508793E+03  5.746246E+03
  8.000000E-01     1     2  2.657233E-11  1.852264E-11
  8.000000E-01     1     3 -1.690507E-11 -2.068324E-11
  8.000000E-01     1     4 -4.656613E-12  9.291930E-11
  8.000000E-01     1     5 -6.215415E+03  2.291847E+05
  8.000000E-01     1     6 -1.651394E-10  2.282876E-10
  8.000000E-01     2     1  6.621121E-12  1.844721E-11
  8.000000E-01     2     2  9.497127E+03  1.526996E+04
  8.000000E-01     2     3 -5.702221E-11  7.196100E-11
  8.000000E-01     2     4  1.719251E+04 -1.493842E+05
  8.000000E-01     2     5 -3.278028E-09 -6.114360E-09
  8.000000E-01     2     6 -2.180658E-11 -7.907724E-10
  8.000000E-01     3     1  2.462291E-12 -2.661936E-12
  8.000000E-01     3     2  2.827686E-11 -1.980924E-10
  8.000000E-01     3     3  9.238018E+04  2.832215E+04
  8.000000E-01     3     4  5.268560E-09 -5.706338E-09
  8.000000E-01     3     5 -1.182916E-08 -5.843481E-09
  8.000000E-01     3     6 -1.332927E-09  1.527596E-10
  8.000000E-01     4     1  6.414520E-10  1.244810E-10
  8.000000E-01     4     2  1.244601E+04 -1.463217E+05
  8.000000E-01     4     3 -4.377074E-10  3.184740E-09
  8.000000E-01     4     4  9.875162E+06  1.450268E+06
  8.000000E-01     4     5 -2.129301E-07 -9.718521E-08
  8.000000E-01     4     6 -6.329359E-09 -1.546762E-08
  8.000000E-01     5     1  1.540050E+03  2.288577E+05
  8.000000E-01     5     2  1.170821E-09 -9.693883E-11
  8.000000E-01     5     3 -3.479718E-10 -4.029372E-09
  8.000000E-01     5     4  3.043159E-08 -3.253837E-08
  8.000000E-01     5     5  8.563732E+07  2.335326E+07
  8.000000E-01     5     6  6.645850E-08  5.129188E-08
  8.000000E-01     6     1  4.465805E-10  2.522237E-09
  8.000000E-01     6     2 -1.758397E-09 -2.518972E-09
  8.000000E-01     6     3 -7.517590E-10  4.215654E-09
  8.000000E-01     6     4 -4.907525E-08 -2.782837E-08
  8.000000E-01     6     5  2.162158E-07  1.516193E-07
  8.000000E-01     6     6  1.612210E+07  1.568852E+07
  9.000000E-01     1     1  3.598390E+03  6.061992E+03
  9.000000E-01     1     2 -6.754218E-12 -1.104605E-11
  9.000000E-01     1     3 -2.113222E-11  1.103422E-11
  9.000000E-01     1     4 -8.911451E-11 -4.593515E-11
  9.000000E-01     1     5 -3.605031E+04  1.950452E+05
  9.000000E-01     1     6  8.572711E-10  3.932882E-10
  9.000000E-01     2     1 -2.992371E-11 -9.188608E-12
  9.000000E-01     2     2  6.723730E+03  1.439016E+04
  9.000000E-01     2     3  1.242876E-10 -7.185255E-12
  9.000000E-01     2     4  4.203205E+04 -1.139422E+05
  9.000000E-01     2     5  6.099027E-09  5.215406E-09
  9.000000E-01     2     6  1.159383E-09  2.177881E-09
  9.000000E-01     3     1 -1.942148E-11  3.190379E-11
  9.000000E-01     3     2 -1.103816E-11  9.561673E-11
  9.000000E-01     3     3  9.403039E+04  1.872503E+04
  9.000000E-01     3     4  4.297713E-10  5.221527E-09
  9.000000E-01     3     5  1.280228E-08 -5.987218E-09
  9.000000E-01     3     6 -1.171933E-09 -1.708434E-09
  9.000000E-01     4     1 -5.971964E-10  6.978807E-11
  9.000000E-01     4     2  3.640150E+04 -1.118059E+05
  9.000000E-01     4     3  2.953109E-09 -1.303110E-09
  9.000000E-01     4     4  9.789877E+06  9.358907E+05
  9.000000E-01     4     5  2.683779E-07 -6.405404E-08
  9.000000E-01     4     6  8.889360E-08 -8.139860E-09
  9.000000E-01     5     1 -2.733837E+04  1.952847E+05
  9.000000E-01     5     2 -2.880591E-09  6.161415E-10
  9.000000E-01     5     3 -1.136192E-08  8.115741E-09
  9.000000E-01     5     4 -2.972148E-08 -8.013349E-08
  9.000000E-01     5     5  8.328888E+07  1.565702E+07
  9.000000E-01     5     6 -1.257903E-07  2.177450E-07
  9.000000E-01     6     1 -1.590063E-11 -7.407674E-10
  9.000000E-01     6     2  1.372338E-09  6.936334E-10
  9.000000E-01     6     3  7.441495E-09  1.908076E-10
  9.000000E-01     6     4  2.396452E-10  1.568458E-08
  9.000000E-01     6     5  8.836752E-08  1.148399E-07
  9.000000E-01     6     6  1.131582E+07  1.429739E+07
  1.000000E+00     1     1  2.090130E+03  5.517091E+03
  1.000000E+00     1     2  2.151731E-11  1.076132E-11
  1.000000E+00     1     3  2.754216E-12 -2.590951E-11
  1.000000E+00     1     4 -9.196367E-11  7.177998E-11
  1.000000E+00     1     5 -6.332474E+04  1.481023E+05
  1.000000E+00     1     6 -1.003103E-09  2.890141E-10
  1.000000E+00     2     1 -4.140197E-12  7.920146E-12
  1.000000E+00     2     2  4.112281E+03  1.284746E+04
  1.000000E+00     2     3  3.534341E-11  4.547296E-11
  1.000000E+00     2     4  5.160030E+04 -7.956488E+04
  1.000000E+00     2     5 -1.748842E-09  1.627543E-09
  1.000000E+00     2     6  1.394712E-10 -4.365859E-10
  1.000000E+00     3     1  4.599293E-11 -5.167705E-12
  1.000000E+00     3     2  1.255475E-10  1.732601E-10
  1.000000E+00     3     3  9.673485E+04  1.198090E+04
  1.000000E+00     3     4  5.465273E-10 -4.712322E-09
  1.000000E+00     3     5  1.596423E-09  9.687799E-09
  1.000000E+00     3     6 -3.581957E-09  6.337537E-10
  1.000000E+00     4     1 -1.988643E-11 -3.700091E-12
  1.000000E+00     4     2  4.543711E+04 -7.888393E+04
  1.000000E+00     4     3  4.167669E-09  6.257040E-10
  1.000000E+00     4     4  9.862705E+06  5.721476E+05
  1.000000E+00     4     5  4.103169E-08  7.676551E-08
  1.000000E+00     4     6 -7.214524E-08  1.057664E-08
  1.000000E+00     5     1 -5.426628E+04  1.502025E+05
  1.000000E+00     5     2 -2.425440E-09  1.875529E-09
  1.000000E+00     5     3 -5.440784E-10  4.382213E-09
  1.000000E+00     5     4 -4.420915E-08 -4.852969E-08
  1.000000E+00     5     5  8.401892E+07  9.796566E+06
  1.000000E+00     5     6  3.939313E-08 -7.795199E-08
  1.000000E+00     6     1  6.083126E-10 -3.347082E-10
  1.000000E+00     6     2 -1.451500E-09 -1.285821E-09
  1.000000E+00     6     3  2.040391E-09  2.110354E-09
  1.000000E+00     6     4 -1.115587E-08  1.042354E-08
  1.000000E+00     6     5 -2.448879E-08  3.149597E-08
  1.000000E+00     6     6  1.074144E+07  1.429013E+07
  1.100000E+00     1     1  1.252718E+03  4.579957E+03
  1.100000E+00     1     2 -8.433012E-12  7.687348E-12
  1.100000E+00     1     3 -2.679682E-12  1.330645E-11
  1.100000E+00     1     4  2.011004E-10 -2.121289E-10
  1.100000E+00     1     5 -6.511272E+04  1.020390E+05
  1.100000E+00     1     6 -3.566284E-10  5.579675E-10
  1.100000E+00     2     1  1.675245E-12  1.451562E-11
  1.100000E+00     2     2  2.933033E+03  1.108866E+04
  1.100000E+00     2     3  1.087844E-11 -6.489638E-11
  1.100000E+00     2     4  4.988969E+04 -5.186760E+04
  1.100000E+00     2     5  9.651682E-10 -1.762905E-09
  1.100000E+00     2     6  4.911023E-10  5.827477E-10
  1.100000E+00     3     1  8.319525E-11 -4.323952E-11
  1.100000E+00     3     2  4.472407E-11 -2.047271E-11
  1.100000E+00     3     3  9.974648E+04  7.237405E+03
  1.100000E+00     3     4 -3.534028E-09 -4.239118E-09
  1.100000E+00     3     5  8.487302E-09 -1.666592E-08
  1.100000E+00     3     6  5.932582E-09 -9.607491E-10
  1.100000E+00     4     1  1.748439E-10 -1.201315E-10
  1.100000E+00     4     2  4.380396E+04 -5.263258E+04
  1.100000E+00     4     3 -1.108746E-09 -1.768597E-09
  1.100000E+00     4     4  9.978847E+06  3.429450E+05
  1.100000E+00     4     5  1.687852E-09  4.942896E-08
  1.100000E+00     4     6  1.747252E-09  1.310542E-08
  1.100000E+00     5     1 -5.668485E+04  1.056965E+05
  1.100000E+00     5     2  7.239880E-10 -3.262216E-09
  1.100000E+00     5     3 -1.960107E-09  4.196405E-10
  1.100000E+00     5     4 -2.946425E-08  1.368259E-08
  1.100000E+00     5     5  8.549158E+07  6.100739E+06
  1.100000E+00     5     6 -1.404026E-09 -1.094120E-07
  1.100000E+00     6     1  1.298854E-09  1.249748E-09
  1.100000E+00     6     2  2.471980E-10  3.073261E-10
  1.100000E+00     6     3  1.946691E-10 -4.141391E-10
  1.100000E+00     6     4  2.734272E-08 -1.969200E-09
  1.100000E+00     6     5  7.157646E-08 -1.271720E-08
  1.100000E+00     6     6  6.160751E+06  1.457775E+07
  1.200000E+00     1     1  9.910299E+02  3.802902E+03
  1.200000E+00     1     2  8.775515E-12 -3.036086E-12
  1.200000E+00     1     3  2.537002E-11 -2.107957E-11
  1.200000E+00     1     4  2.135795E-10 -1.564982E-10
  1.200000E+00     1     5 -5.675077E+04  6.972955E+04
  1.200000E+00     1     6 -4.129621E-10  5.252886E-11
  1.200000E+00     2     1 -5.341618E-13 -2.280392E-12
  1.200000E+00     2     2  1.717072E+03  9.694681E+03
  1.200000E+00     2     3  2.495831E-11 -2.468502E-11
  1.200000E+00     2     4  4.241845E+04 -3.295450E+04
  1.200000E+00     2     5 -1.316913E-09  3.874832E-10
  1.200000E+00     2     6  6.614662E-10  2.407810E-10
  1.200000E+00     3     1 -2.471252E-11  1.213488E-10
  1.200000E+00     3     2 -2.405236E-11 -2.523752E-10
  1.200000E+00     3     3  1.024683E+05  4.297459E+03
  1.200000E+00     3     4  2.154762E-09 -1.339817E-09
  1.200000E+00     3     5 -1.371997E-09 -3.215429E-09
  1.200000E+00     3     6  1.379806E-09 -4.457855E-10
  1.200000E+00     4     1 -3.791306E-11 -2.563592E-10
  1.200000E+00     4     2  3.652996E+04 -3.530591E+04
  1.200000E+00     4     3  3.960570E-10 -2.370856E-09
  1.200000E+00     4     4  1.009629E+07  1.922670E+05
  1.200000E+00     4     5 -3.738942E-08  1.312626E-07
  1.200000E+00     4     6  7.618400E-08 -2.281475E-08
  1.200000E+00     5     1 -4.861624E+04  7.462024E+04
  1.200000E+00     5     2  1.755853E-09  3.250386E-09
  1.200000E+00     5     3  7.499809E-10  1.498061E-09
  1.200000E+00     5     4  9.412832E-09  1.527875E-08
  1.200000E+00     5     5  8.717973E+07  3.526920E+06
  1.200000E+00     5     6  2.176524E-08 -3.572143E-08
  1.200000E+00     6     1  9.616473E-10  4.323457E-10
  1.200000E+00     6     2 -6.916490E-10 -6.199116E-10
  1.200000E+00     6     3  5.360784E-11  9.720206E-10
  1.200000E+00     6     4 -1.342104E-08  1.205116E-08
  1.200000E+00     6     5  9.249623E-09  2.223665E-08
  1.200000E+00     6     6  4.685681E+06  1.250672E+07
  1.300000E+00     1     1  8.220569E+02  3.416588E+03
  1.300000E+00     1     2  4.433010E-12  1.810116E-12
  1.300000E+00     1     3 -1.626265E-11  2.055833E-12
  1.300000E+00     1     4  4.026266E-11  4.232887E-11
  1.300000E+00     1     5 -4.418918E+04  4.616940E+04
  1.300000E+00     1     6 -1.780870E-10 -4.342095E-11
  1.300000E+00     2     1 -4.649514E-13 -2.999114E-12
  1.300000E+00     2     2  1.262076E+03  8.140958E+03
  1.300000E+00     2     3 -6.058211E-11  1.585968E-11
  1.300000E+00     2     4  3.459316E+04 -1.971532E+04
  1.300000E+00     2     5  8.843021E-10  4.882017E-10
  1.300000E+00     2     6 -3.629887E-10  2.994910E-10
  1.300000E+00     3     1 -8.397964E-12  3.454783E-11
  1.300000E+00     3     2  1.652929E-10  1.209747E-11
  1.300000E+00     3     3  1.045762E+05  2.487631E+03
  1.300000E+00     3     4 -1.440597E-09  1.659617E-09
  1.300000E+00     3     5 -3.472697E-09  1.849540E-09
  1.300000E+00     3     6  1.783142E-09  8.505089E-10
  1.300000E+00     4     1 -1.200356E-11 -2.007878E-10
  1.300000E+00     4     2  2.921524E+04 -2.340106E+04
  1.300000E+00     4     3 -1.846514E-09  4.313510E-09
  1.300000E+00     4     4  1.020272E+07  1.001954E+05
  1.300000E+00     4     5  1.623363E-08 -4.167852E-08
  1.300000E+00     4     6  5.143854E-09  1.345787E-08
  1.300000E+00     5     1 -3.616160E+04  5.200270E+04
  1.300000E+00     5     2 -7.240873E-10 -9.466895E-10
  1.300000E+00     5     3 -1.484654E-09 -6.674046E-10
  1.300000E+00     5     4 -2.365156E-08  3.835022E-08
  1.300000E+00     5     5  8.861906E+07  2.062334E+06
  1.300000E+00     5     6  4.987755E-08  9.729359E-08
  1.300000E+00     6     1 -2.224952E-10 -2.159690E-10
  1.300000E+00     6     2 -1.827437E-10 -3.210704E-10
  1.300000E+00     6     3  5.671414E-10  2.777368E-10
  1.300000E+00     6     4 -7.166186E-09 -7.816819E-09
  1.300000E+00     6     5 -3.997146E-08  2.107690E-08
  1.300000E+00     6     6  2.484870E+06  1.087714E+07
  1.400000E+00     1     1  5.638528E+02  3.020000E+03
  1.400000E+00     1     2 -2.127774E-12  4.853913E-12
  1.400000E+00     1     3  7.606038E-12 -1.137914E-11
  1.400000E+00     1     4  5.570899E-11 -2.452023E-11
  1.400000E+00     1     5 -3.328875E+04  3.148176E+04
  1.400000E+00     1     6 -2.048910E-10 -4.267210E-11
  1.400000E+00     2     1  1.719610E-12 -6.218155E-12
  1.400000E+00     2     2  8.794704E+02  6.972973E+03
  1.400000E+00     2     3  4.405326E-11  3.373053E-11
  1.400000E+00     2     4  2.664814E+04 -1.090412E+04
  1.400000E+00     2     5 -2.310134E-10 -7.414885E-11
  1.400000E+00     2     6 -2.932530E-10  6.684754E-11
  1.400000E+00     3     1  1.417046E-10  7.954878E-11
  1.400000E+00     3     2 -4.614199E-11 -1.076145E-10
  1.400000E+00     3     3  1.060774E+05  1.435252E+03
  1.400000E+00     3     4  8.609055E-10 -8.835243E-10
  1.400000E+00     3     5  6.903599E-09  5.630121E-11
  1.400000E+00     3     6 -2.014184E-09  2.753486E-09
  1.400000E+00     4     1  3.705113E-10  1.880962E-10
  1.400000E+00     4     2  2.168483E+04 -1.605999E+04
  1.400000E+00     4     3  2.961286E-09 -1.643139E-09
  1.400000E+00     4     4  1.028881E+07  4.817622E+04
  1.400000E+00     4     5 -5.673810E-08 -2.493373E-08
  1.400000E+00     4     6 -7.970077E-09  8.132685E-09
  1.400000E+00     5     1 -2.546540E+04  3.909519E+04
  1.400000E+00     5     2  5.474555E-10 -7.292360E-10
  1.400000E+00     5     3  1.850361E-09  1.836378E-09
  1.400000E+00     5     4 -6.223702E-08 -3.575026E-08
  1.400000E+00     5     5  8.964048E+07  1.168686E+06
  1.400000E+00     5     6  2.666104E-08 -9.398213E-08
  1.400000E+00     6     1 -7.111556E-10  2.109267E-12
  1.400000E+00     6     2 -3.284332E-10  4.183042E-11
  1.400000E+00     6     3 -2.214163E-10  4.101308E-10
  1.400000E+00     6     4 -4.159150E-09 -8.310513E-10
  1.400000E+00     6     5  3.081996E-09 -9.131504E-09
  1.400000E+00     6     6  2.438692E+06  8.789429E+06
  1.500000E+00     1     1  3.787371E+02  2.504461E+03
  1.500000E+00     1     2  6.921033E-13  7.148037E-13
  1.500000E+00     1     3  2.942326E-12  6.258507E-13
  1.500000E+00     1     4  8.765222E-11  5.962736E-12
  1.500000E+00     1     5 -2.291863E+04  2.003334E+04
  1.500000E+00     1     6  9.540378E-11  1.418942E-10
  1.500000E+00     2     1 -4.432123E-12  1.125444E-12
  1.500000E+00     2     2  8.706963E+02  5.898343E+03
  1.500000E+00     2     3  2.572850E-11  1.253831E-11
  1.500000E+00     2     4  1.956080E+04 -4.703692E+03
  1.500000E+00     2     5 -3.897926E-10 -2.294991E-10
  1.500000E+00     2     6  6.496543E-11 -3.543569E-11
  1.500000E+00     3     1  5.473250E-11 -2.721090E-11
  1.500000E+00     3     2  9.134277E-11 -4.124107E-11
  1.500000E+00     3     3  1.071720E+05  8.153904E+02
  1.500000E+00     3     4  4.982349E-09  9.603199E-10
  1.500000E+00     3     5 -3.200115E-09  3.158546E-09
  1.500000E+00     3     6 -1.247206E-10  1.377676E-09
  1.500000E+00     4     1  6.789622E-11  4.141779E-10
  1.500000E+00     4     2  1.510987E+04 -1.069900E+04
  1.500000E+00     4     3  3.303716E-09  1.848815E-10
  1.500000E+00     4     4  1.034846E+07  2.271386E+04
  1.500000E+00     4     5 -1.789525E-08 -1.379751E-08
  1.500000E+00     4     6 -2.828154E-08 -9.337758E-09
  1.500000E+00     5     1 -1.616457E+04  2.843111E+04
  1.500000E+00     5     2  6.322026E-10 -2.380751E-10
  1.500000E+00     5     3 -1.146340E-09  2.655405E-09
  1.500000E+00     5     4 -2.180672E-08  3.373584E-09
  1.500000E+00     5     5  9.036159E+07  6.660885E+05
  1.500000E+00     5     6 -1.713406E-09 -1.771148E-08
  1.500000E+00     6     1 -2.539842E-10  9.161791E-11
  1.500000E+00     6     2  1.119859E-10 -1.179752E-10
  1.500000E+00     6     3  1.990986E-10 -2.270951E-10
  1.500000E+00     6     4 -3.486327E-09  3.284313E-09
  1.500000E+00     6     5 -1.761245E-08  3.903983E-09
  1.500000E+00     6     6  1.755191E+06  7.766253E+06
  1.600000E+00     1     1  4.062169E+02  2.063396E+03
  1.600000E+00     1     2  1.052352E-12  6.028175E-13
  1.600000E+00     1     3 -6.521742E-12  6.696987E-12
  1.600000E+00     1     4 -1.242237E-11 -1.022183E-11
  1.600000E+00     1     5 -1.371092E+04  1.207395E+04
  1.600000E+00     1     6  1.495795E-10 -3.123338E-12
  1.600000E+00     2     1 -3.717837E-13  3.133112E-12
  1.600000E+00     2     2  7.994914E+02  4.987294E+03
  1.600000E+00     2     3  7.236916E-12 -2.795587E-12
  1.600000E+00     2     4  1.295701E+04 -8.390651E+02
  1.600000E+00     2     5  1.968271E-10  2.253417E-10
  1.600000E+00     2     6 -7.632302E-11  2.544101E-10
  1.600000E+00     3     1 -3.868227E-11  1.674579E-11
  1.600000E+00     3     2  5.566408E-11 -7.203531E-11
  1.600000E+00     3     3  1.082258E+05  4.608067E+02
  1.600000E+00     3     4 -1.705002E-09 -3.677429E-09
  1.600000E+00     3     5 -3.808882E-09 -4.408955E-09
  1.600000E+00     3     6 -2.961879E-09  2.164118E-09
  1.600000E+00     4     1 -1.627738E-10  5.684797E-10
  1.600000E+00     4     2  9.009181E+03 -7.408911E+03
  1.600000E+00     4     3 -9.477201E-11 -1.819890E-09
  1.600000E+00     4     4  1.038957E+07  1.023120E+04
  1.600000E+00     4     5  3.324765E-09  1.051149E-08
  1.600000E+00     4     6 -7.169594E-09  2.487455E-08
  1.600000E+00     5     1 -7.966887E+03  2.028891E+04
  1.600000E+00     5     2  2.092477E-10  4.718020E-10
  1.600000E+00     5     3 -2.680763E-09 -3.783336E-09
  1.600000E+00     5     4 -9.632417E-09  2.851954E-09
  1.600000E+00     5     5  9.101998E+07  3.641053E+05
  1.600000E+00     5     6  1.191309E-08 -2.881393E-08
  1.600000E+00     6     1  9.296189E-11  3.104882E-10
  1.600000E+00     6     2 -7.632302E-11 -1.238732E-10
  1.600000E+00     6     3 -6.183641E-10  1.213665E-10
  1.600000E+00     6     4  2.336938E-09 -1.760427E-11
  1.600000E+00     6     5  1.367999E-08  6.725398E-09
  1.600000E+00     6     6  1.712930E+06  6.880591E+06
  1.700000E+00     1     1  4.733252E+02  1.779649E+03
  1.700000E+00     1     2  1.114464E-12  2.991676E-12
  1.700000E+00     1     3 -3.797695E-13 -7.877764E-12
  1.700000E+00     1     4  3.688378E-11 -1.775459E-11
  1.700000E+00     1     5 -5.384584E+03  6.903801E+03
  1.700000E+00     1     6 -1.953506E-11 -5.585263E-11
  1.700000E+00     2     1  4.239576E-12  3.391619E-12
  1.700000E+00     2     2  9.034012E+02  4.259535E+03
  1.700000E+00     2     3  9.810120E-12  2.961795E-11
  1.700000E+00     2     4  7.454919E+03  1.532247E+03
  1.700000E+00     2     5  3.850224E-11  1.101686E-10
  1.700000E+00     2     6 -1.487845E-11  1.042226E-11
  1.700000E+00     3     1  4.772496E-11 -6.306387E-11
  1.700000E+00     3     2  1.287554E-10 -6.448148E-12
  1.700000E+00     3     3  1.095266E+05  2.601768E+02
  1.700000E+00     3     4  7.845825E-10 -1.895538E-10
  1.700000E+00     3     5 -1.197545E-09  2.040938E-09
  1.700000E+00     3     6 -2.141375E-09 -3.147356E-09
  1.700000E+00     4     1  4.500978E-10  2.665232E-10
  1.700000E+00     4     2  3.572587E+03 -4.872997E+03
  1.700000E+00     4     3  3.763445E-10  7.727344E-10
  1.700000E+00     4     4  1.042737E+07  3.782760E+03
  1.700000E+00     4     5 -1.394020E-08  2.703137E-08
  1.700000E+00     4     6 -2.902660E-09  7.969021E-09
  1.700000E+00     5     1  6.121170E+02  1.447893E+04
  1.700000E+00     5     2 -2.143938E-09  1.150855E-09
  1.700000E+00     5     3 -3.384949E-09  3.603310E-09
  1.700000E+00     5     4 -3.776892E-08  1.302036E-08
  1.700000E+00     5     5  9.181364E+07  1.969698E+05
  1.700000E+00     5     6  2.407838E-08  4.366326E-08
  1.700000E+00     6     1 -1.642876E-10 -1.737044E-12
  1.700000E+00     6     2 -5.332390E-11 -1.085652E-13
  1.700000E+00     6     3  6.990030E-10  9.098601E-11
  1.700000E+00     6     4  3.432264E-09 -1.232232E-09
  1.700000E+00     6     5  1.249699E-08 -1.469806E-09
  1.700000E+00     6     6  1.518692E+06  5.528482E+06
  1.800000E+00     1     1  4.686481E+02  1.544484E+03
  1.800000E+00     1     2 -9.245790E-13 -3.433404E-13
  1.800000E+00     1     3 -1.920143E-12 -3.559107E-13
  1.800000E+00     1     4 -2.061403E-11  2.615795E-11
  1.800000E+00     1     5  1.610342E+03  3.619539E+03
  1.800000E+00     1     6 -6.405682E-11 -8.543433E-11
  1.800000E+00     2     1 -1.008874E-12 -8.257423E-12
  1.800000E+00     2     2  1.060879E+03  3.586274E+03
  1.800000E+00     2     3 -9.803022E-12  3.038550E-12
  1.800000E+00     2     4  2.990044E+03  2.745944E+03
  1.800000E+00     2     5  2.203373E-10  6.683628E-11
  1.800000E+00     2     6 -1.533275E-11  3.735386E-10
  1.800000E+00     3     1 -4.308476E-11 -1.782955E-11
  1.800000E+00     3     2  1.765928E-11 -7.126692E-11
  1.800000E+00     3     3  1.111630E+05  1.495192E+02
  1.800000E+00     3     4 -1.250244E-09  1.448524E-09
  1.800000E+00     3     5 -1.239340E-09  3.255185E-09
  1.800000E+00     3     6  3.265521E-09  1.713072E-09
  1.800000E+00     4     1 -3.689665E-10 -7.599560E-10
  1.800000E+00     4     2 -7.097584E+02 -3.093558E+03
  1.800000E+00     4     3 -1.594450E-09  1.337106E-09
  1.800000E+00     4     4  1.047348E+07  5.870733E+02
  1.800000E+00     4     5 -1.137792E-08  3.564779E-08
  1.800000E+00     4     6  3.658763E-08  2.038587E-08
  1.800000E+00     5     1  7.697879E+03  1.102808E+04
  1.800000E+00     5     2 -1.276593E-10  6.361800E-09
  1.800000E+00     5     3  1.818228E-09 -1.125872E-09
  1.800000E+00     5     4  5.464995E-08  2.954472E-08
  1.800000E+00     5     5  9.282586E+07  1.056241E+05
  1.800000E+00     5     6  1.476146E-09 -3.645699E-08
  1.800000E+00     6     1 -3.522273E-11  9.729671E-11
  1.800000E+00     6     2 -4.526001E-11  2.062310E-11
  1.800000E+00     6     3  9.273474E-11  2.946743E-10
  1.800000E+00     6     4 -8.992942E-10  7.522512E-10
  1.800000E+00     6     5 -1.224803E-09 -9.487249E-09
  1.800000E+00     6     6  1.579222E+06  4.754816E+06
  1.900000E+00     1     1  5.147585E+02  1.287167E+03
  1.900000E+00     1     2  2.741794E-12 -1.270257E-13
  1.900000E+00     1     3 -3.265308E-12  1.035119E-12
  1.900000E+00     1     4 -2.434784E-11 -8.495778E-12
  1.900000E+00     1     5  7.425875E+03  1.623269E+03
  1.900000E+00     1     6 -2.214731E-11 -1.219447E-11
  1.900000E+00     2     1 -5.749781E-13 -9.134643E-13
  1.900000E+00     2     2  1.202032E+03  3.056052E+03
  1.900000E+00     2     3 -1.701864E-12  1.754099E-11
  1.900000E+00     2     4 -7.856592E+02  3.301797E+03
  1.900000E+00     2     5 -7.938957E-11  1.053566E-11
  1.900000E+00     2     6  2.398724E-10 -9.420824E-11
  1.900000E+00     3     1  6.323872E-12  2.617990E-11
  1.900000E+00     3     2  6.420944E-11  1.253230E-10
  1.900000E+00     3     3  1.130015E+05  8.347388E+01
  1.900000E+00     3     4  1.680924E-11  2.035524E-09
  1.900000E+00     3     5 -4.975534E-09  1.086014E-10
  1.900000E+00     3     6  2.539813E-09  3.817122E-09
  1.900000E+00     4     1  5.055340E-10  1.042054E-10
  1.900000E+00     4     2 -4.101012E+03 -2.310424E+03
  1.900000E+00     4     3  1.331351E-09  2.221414E-09
  1.900000E+00     4     4  1.052647E+07 -1.074537E+03
  1.900000E+00     4     5 -1.407132E-08 -3.645455E-08
  1.900000E+00     4     6  9.745723E-09  8.340059E-10
  1.900000E+00     5     1  1.317653E+04  8.492390E+03
  1.900000E+00     5     2 -3.535841E-09 -7.134782E-10
  1.900000E+00     5     3  1.260773E-09 -2.447235E-09
  1.900000E+00     5     4  2.055973E-08 -8.947160E-09
  1.900000E+00     5     5  9.400842E+07  5.303075E+04
  1.900000E+00     5     6 -3.324061E-08  1.683112E-08
  1.900000E+00     6     1 -8.658744E-11 -4.566948E-11
  1.900000E+00     6     2 -3.500978E-11  8.144589E-11
  1.900000E+00     6     3 -1.089193E-10 -4.018346E-10
  1.900000E+00     6     4  2.572040E-09  8.386685E-10
  1.900000E+00     6     5 -1.045807E-08 -6.482749E-09
  1.900000E+00     6     6  1.806897E+06  4.186943E+06
  2.000000E+00     1     1  6.129724E+02  1.093173E+03
  2.000000E+00     1     2 -1.308341E-12 -1.432121E-12
  2.000000E+00     1     3 -5.251112E-12  6.317661E-13
  2.000000E+00     1     4  3.506657E-12 -2.661936E-12
  2.000000E+00     1     5  1.236615E+04  3.743124E+02
  2.000000E+00     1     6  5.110917E-12  3.986515E-11
  2.000000E+00     2     1 -8.873119E-14  2.788156E-12
  2.000000E+00     2     2  1.393044E+03  2.625639E+03
  2.000000E+00     2     3 -5.116240E-12  1.216283E-12
  2.000000E+00     2     4 -3.916706E+03  3.405256E+03
  2.000000E+00     2     5  6.462470E-11 -2.891927E-11
  2.000000E+00     2     6 -7.382435E-12  7.995745E-11
  2.000000E+00     3     1 -1.660427E-11  8.118815E-11
  2.000000E+00     3     2 -9.552800E-11  5.078130E-11
  2.000000E+00     3     3  1.147636E+05  4.573171E+01
  2.000000E+00     3     4 -9.799331E-10  1.544554E-09
  2.000000E+00     3     5  2.756715E-09 -1.860657E-09
  2.000000E+00     3     6 -1.096945E-09 -4.008066E-09
  2.000000E+00     4     1 -3.155592E-10  5.985116E-10
  2.000000E+00     4     2 -7.212274E+03 -1.751989E+03
  2.000000E+00     4     3 -3.066798E-10  1.688299E-10
  2.000000E+00     4     4  1.058205E+07 -1.492514E+03
  2.000000E+00     4     5  3.161954E-10  7.196831E-09
  2.000000E+00     4     6  1.053087E-08 -1.533866E-08
  2.000000E+00     5     1  1.855617E+04  6.086597E+03
  2.000000E+00     5     2  2.331914E-09  5.310247E-10
  2.000000E+00     5     3  1.795107E-09  1.842838E-09
  2.000000E+00     5     4  3.330855E-09 -3.770693E-08
  2.000000E+00     5     5  9.520088E+07  2.368627E+04
  2.000000E+00     5     6 -1.440734E-07 -4.573066E-08
  2.000000E+00     6     1 -9.838514E-11 -2.000072E-10
  2.000000E+00     6     2  6.990598E-11  7.332746E-11
  2.000000E+00     6     3  7.461938E-11 -4.175690E-11
  2.000000E+00     6     4 -5.980908E-10 -2.356757E-09
  2.000000E+00     6     5 -3.481784E-09 -4.330877E-09
  2.000000E+00     6     6  1.929548E+06  3.494846E+06
