  2.000000E-01  0.000000E+00     1  6.682483E-09  4.466405E-04  6.682483E-09  5.209228E-14
  2.000000E-01  0.000000E+00     2  2.941929E-23  1.076298E+02 -8.910073E-24  2.803757E-23
  2.000000E-01  0.000000E+00     3  6.847978E-09  8.999713E+01  3.435383E-13  6.847978E-09
  2.000000E-01  0.000000E+00     4  1.982693E-27 -6.798512E+01  7.432072E-28 -1.838128E-27
  2.000000E-01  0.000000E+00     5  2.325298E-13 -1.799998E+02 -2.325298E-13 -6.861022E-19
  2.000000E-01  0.000000E+00     6  9.712014E-27 -1.014399E+02 -1.926279E-27 -9.519068E-27
  2.000000E-01  3.000000E+01     1  5.802420E-09  4.468960E-04  5.802420E-09  4.525775E-14
  2.000000E-01  3.000000E+01     2  3.375308E-09  3.827425E-04  3.375308E-09  2.254745E-14
  2.000000E-01  3.000000E+01     3  6.861529E-09  8.999730E+01  3.228821E-13  6.861529E-09
  2.000000E-01  3.000000E+01     4  1.141652E-13  1.566303E-04  1.141652E-13  3.120951E-19
  2.000000E-01  3.000000E+01     5  2.015805E-13 -1.799998E+02 -2.015805E-13 -5.980069E-19
  2.000000E-01  3.000000E+01     6  7.570820E-14 -9.000011E+01 -1.400888E-19 -7.570820E-14
  2.000000E-01  6.000000E+01     1  3.367632E-09  4.474026E-04  3.367632E-09  2.629665E-14
  2.000000E-01  6.000000E+01     2  5.867315E-09  3.839907E-04  5.867315E-09  3.932218E-14
  2.000000E-01  6.000000E+01     3  6.888662E-09  8.999766E+01  2.814217E-13  6.888662E-09
  2.000000E-01  6.000000E+01     4  1.986161E-13  1.568981E-04  1.986161E-13  5.438883E-19
  2.000000E-01  6.000000E+01     5  1.166179E-13 -1.799998E+02 -1.166179E-13 -3.496848E-19
  2.000000E-01  6.000000E+01     6  7.579345E-14 -9.000011E+01 -1.406175E-19 -7.579345E-14
  2.000000E-01  9.000000E+01     1  4.236439E-23  8.642437E+01  2.642101E-24  4.228192E-23
  2.000000E-01  9.000000E+01     2  6.787188E-09  3.846133E-04  6.787188E-09  4.556083E-14
  2.000000E-01  9.000000E+01     3  6.902245E-09  8.999784E+01  2.606174E-13  6.902245E-09
  2.000000E-01  9.000000E+01     4  2.298489E-13  1.570310E-04  2.298489E-13  6.299489E-19
  2.000000E-01  9.000000E+01     5  1.719116E-27  8.856921E+01  4.292522E-29  1.718580E-27
  2.000000E-01  9.000000E+01     6  2.324790E-27  1.654921E+02 -2.250660E-27  5.823897E-28
  2.000000E-01  1.200000E+02     1  3.367632E-09 -1.799996E+02 -3.367632E-09 -2.629665E-14
  2.000000E-01  1.200000E+02     2  5.867315E-09  3.839907E-04  5.867315E-09  3.932218E-14
  2.000000E-01  1.200000E+02     3  6.888662E-09  8.999766E+01  2.814217E-13  6.888662E-09
  2.000000E-01  1.200000E+02     4  1.986161E-13  1.568981E-04  1.986161E-13  5.438883E-19
  2.000000E-01  1.200000E+02     5  1.166179E-13  1.718043E-04  1.166179E-13  3.496848E-19
  2.000000E-01  1.200000E+02     6  7.579345E-14  8.999989E+01  1.406175E-19  7.579345E-14
  2.000000E-01  1.500000E+02     1  5.802420E-09 -1.799996E+02 -5.802420E-09 -4.525775E-14
  2.000000E-01  1.500000E+02     2  3.375308E-09  3.827425E-04  3.375308E-09  2.254745E-14
  2.000000E-01  1.500000E+02     3  6.861529E-09  8.999730E+01  3.228821E-13  6.861529E-09
  2.000000E-01  1.500000E+02     4  1.141652E-13  1.566303E-04  1.141652E-13  3.120951E-19
  2.000000E-01  1.500000E+02     5  2.015805E-13  1.699732E-04  2.015805E-13  5.980069E-19
  2.000000E-01  1.500000E+02     6  7.570820E-14  8.999989E+01  1.400888E-19  7.570820E-14
  2.000000E-01  1.800000E+02     1  6.682483E-09 -1.799996E+02 -6.682483E-09 -5.209228E-14
  2.000000E-01  1.800000E+02     2  1.083070E-22  8.655841E+01  6.501767E-24  1.081117E-22
  2.000000E-01  1.800000E+02     3  6.847978E-09  8.999713E+01  3.435383E-13  6.847978E-09
  2.000000E-01  1.800000E+02     4  7.454954E-27 -9.386726E+01 -5.028010E-28 -7.437979E-27
  2.000000E-01  1.800000E+02     5  2.325298E-13  1.690569E-04  2.325298E-13  6.861022E-19
  2.000000E-01  1.800000E+02     6  4.193081E-27  8.173218E+01  6.029667E-28  4.149501E-27
  3.000000E-01  0.000000E+00     1  6.172084E-09  7.121427E-03  6.172084E-09  7.671429E-13
  3.000000E-01  0.000000E+00     2  4.261021E-23  9.399572E+01 -2.969166E-24  4.250664E-23
  3.000000E-01  0.000000E+00     3  6.646828E-09  8.993935E+01  7.036104E-12  6.646824E-09
  3.000000E-01  0.000000E+00     4  5.590733E-27 -9.200881E+01 -1.959727E-28 -5.587298E-27
  3.000000E-01  0.000000E+00     5  5.148284E-13 -1.799967E+02 -5.148284E-13 -2.954542E-17
  3.000000E-01  0.000000E+00     6  3.313655E-27  1.269652E+01  3.232629E-27  7.282983E-28
  3.000000E-01  3.000000E+01     1  5.418956E-09  7.252252E-03  5.418956E-09  6.859080E-13
  3.000000E-01  3.000000E+01     2  3.170442E-09  7.337650E-03  3.170442E-09  4.060263E-13
  3.000000E-01  3.000000E+01     3  6.714991E-09  8.994708E+01  6.202035E-12  6.714988E-09
  3.000000E-01  3.000000E+01     4  2.508526E-13  4.453218E-03  2.508526E-13  1.949709E-17
  3.000000E-01  3.000000E+01     5  4.481528E-13 -1.799965E+02 -4.481527E-13 -2.719340E-17
  3.000000E-01  3.000000E+01     6  1.631692E-13 -9.000408E+01 -1.162397E-17 -1.631692E-13
  3.000000E-01  6.000000E+01     1  3.214552E-09  7.505457E-03  3.214552E-09  4.210901E-13
  3.000000E-01  6.000000E+01     2  5.592717E-09  7.578170E-03  5.592717E-09  7.397153E-13
  3.000000E-01  6.000000E+01     3  6.852119E-09  8.996238E+01  4.499112E-12  6.852117E-09
  3.000000E-01  6.000000E+01     4  4.444237E-13  4.617286E-03  4.444237E-13  3.581470E-17
  3.000000E-01  6.000000E+01     5  2.614023E-13 -1.799961E+02 -2.614023E-13 -1.757322E-17
  3.000000E-01  6.000000E+01     6  1.640930E-13 -9.000415E+01 -1.187558E-17 -1.640930E-13
  3.000000E-01  9.000000E+01     1  4.619457E-24 -4.752038E+01  3.119648E-24 -3.406931E-24
  3.000000E-01  9.000000E+01     2  6.516614E-09  7.696763E-03  6.516613E-09  8.754018E-13
  3.000000E-01  9.000000E+01     3  6.921085E-09  8.996995E+01  3.630182E-12  6.921084E-09
  3.000000E-01  9.000000E+01     4  5.189624E-13  4.697318E-03  5.189624E-13  4.254644E-17
  3.000000E-01  9.000000E+01     5  2.305392E-28  1.115219E+02 -8.457477E-29  2.144655E-28
  3.000000E-01  9.000000E+01     6  1.537623E-27 -9.699581E+01 -1.872775E-28 -1.526176E-27
  3.000000E-01  1.200000E+02     1  3.214552E-09 -1.799925E+02 -3.214552E-09 -4.210901E-13
  3.000000E-01  1.200000E+02     2  5.592717E-09  7.578170E-03  5.592717E-09  7.397153E-13
  3.000000E-01  1.200000E+02     3  6.852119E-09  8.996238E+01  4.499112E-12  6.852117E-09
  3.000000E-01  1.200000E+02     4  4.444237E-13  4.617286E-03  4.444237E-13  3.581470E-17
  3.000000E-01  1.200000E+02     5  2.614023E-13  3.851808E-03  2.614023E-13  1.757322E-17
  3.000000E-01  1.200000E+02     6  1.640930E-13  8.999585E+01  1.187558E-17  1.640930E-13
  3.000000E-01  1.500000E+02     1  5.418956E-09 -1.799927E+02 -5.418956E-09 -6.859080E-13
  3.000000E-01  1.500000E+02     2  3.170442E-09  7.337650E-03  3.170442E-09  4.060263E-13
  3.000000E-01  1.500000E+02     3  6.714991E-09  8.994708E+01  6.202035E-12  6.714988E-09
  3.000000E-01  1.500000E+02     4  2.508526E-13  4.453218E-03  2.508526E-13  1.949709E-17
  3.000000E-01  1.500000E+02     5  4.481528E-13  3.476643E-03  4.481527E-13  2.719340E-17
  3.000000E-01  1.500000E+02     6  1.631692E-13  8.999592E+01  1.162397E-17  1.631692E-13
  3.000000E-01  1.800000E+02     1  6.172084E-09 -1.799929E+02 -6.172084E-09 -7.671429E-13
  3.000000E-01  1.800000E+02     2  2.279549E-23  8.444516E+01  2.206569E-24  2.268844E-23
  3.000000E-01  1.800000E+02     3  6.646828E-09  8.993935E+01  7.036104E-12  6.646824E-09
  3.000000E-01  1.800000E+02     4  1.886495E-27 -1.117766E+02 -6.998667E-28 -1.751870E-27
  3.000000E-01  1.800000E+02     5  5.148284E-13  3.288140E-03  5.148284E-13  2.954542E-17
  3.000000E-01  1.800000E+02     6  3.306056E-27 -1.609141E+02 -3.124321E-27 -1.081030E-27
  4.000000E-01  0.000000E+00     1  5.139202E-09 -3.927523E-03  5.139202E-09 -3.522830E-13
  4.000000E-01  0.000000E+00     2  2.233115E-23  9.372708E+01 -1.451614E-24  2.228392E-23
  4.000000E-01  0.000000E+00     3  6.129930E-09  8.933468E+01  7.117982E-11  6.129517E-09
  4.000000E-01  0.000000E+00     4  6.385403E-27 -8.420493E+01  6.447384E-28 -6.352769E-27
  4.000000E-01  0.000000E+00     5  8.806972E-13  1.799751E+02 -8.806971E-13  3.823253E-16
  4.000000E-01  0.000000E+00     6  1.826387E-27 -3.868162E+01  1.425734E-27 -1.141478E-27
  4.000000E-01  3.000000E+01     1  4.663504E-09  3.644848E-03  4.663504E-09  2.966670E-13
  4.000000E-01  3.000000E+01     2  2.780060E-09  4.053252E-02  2.780059E-09  1.966686E-12
  4.000000E-01  3.000000E+01     3  6.348191E-09  8.941022E+01  6.534435E-11  6.347854E-09
  4.000000E-01  3.000000E+01     4  4.183456E-13  2.411828E-02  4.183456E-13  1.760998E-16
  4.000000E-01  3.000000E+01     5  7.753552E-13  1.799827E+02 -7.753551E-13  2.338137E-16
  4.000000E-01  3.000000E+01     6  2.662447E-13 -9.002852E+01 -1.325419E-16 -2.662447E-13
  4.000000E-01  6.000000E+01     1  2.945172E-09  1.728155E-02  2.945172E-09  8.883226E-13
  4.000000E-01  6.000000E+01     2  5.105527E-09  5.053305E-02  5.105525E-09  4.502911E-12
  4.000000E-01  6.000000E+01     3  6.793109E-09  8.955765E+01  5.244508E-11  6.792906E-09
  4.000000E-01  6.000000E+01     4  7.796525E-13  3.259718E-02  7.796524E-13  4.435662E-16
  4.000000E-01  6.000000E+01     5  4.623813E-13  1.799977E+02 -4.623813E-13  1.866563E-17
  4.000000E-01  6.000000E+01     6  2.709840E-13 -9.003083E+01 -1.458062E-16 -2.709839E-13
  4.000000E-01  9.000000E+01     1  8.658009E-24  1.332644E+02 -5.933902E-24  6.304754E-24
  4.000000E-01  9.000000E+01     2  6.064513E-09  5.530204E-02  6.064511E-09  5.853484E-12
  4.000000E-01  9.000000E+01     3  7.019771E-09  8.962967E+01  4.537148E-11  7.019624E-09
  4.000000E-01  9.000000E+01     4  9.329586E-13  3.652608E-02  9.329584E-13  5.947613E-16
  4.000000E-01  9.000000E+01     5  3.575270E-27  1.394649E+02 -2.717233E-27  2.323619E-27
  4.000000E-01  9.000000E+01     6  3.438378E-27  1.141599E+02 -1.407272E-27  3.137200E-27
  4.000000E-01  1.200000E+02     1  2.945172E-09 -1.799827E+02 -2.945172E-09 -8.883226E-13
  4.000000E-01  1.200000E+02     2  5.105527E-09  5.053305E-02  5.105525E-09  4.502911E-12
  4.000000E-01  1.200000E+02     3  6.793109E-09  8.955765E+01  5.244508E-11  6.792906E-09
  4.000000E-01  1.200000E+02     4  7.796525E-13  3.259718E-02  7.796524E-13  4.435662E-16
  4.000000E-01  1.200000E+02     5  4.623813E-13 -2.312944E-03  4.623813E-13 -1.866563E-17
  4.000000E-01  1.200000E+02     6  2.709840E-13  8.996917E+01  1.458062E-16  2.709839E-13
  4.000000E-01  1.500000E+02     1  4.663504E-09 -1.799964E+02 -4.663504E-09 -2.966670E-13
  4.000000E-01  1.500000E+02     2  2.780060E-09  4.053252E-02  2.780059E-09  1.966686E-12
  4.000000E-01  1.500000E+02     3  6.348191E-09  8.941022E+01  6.534435E-11  6.347854E-09
  4.000000E-01  1.500000E+02     4  4.183456E-13  2.411828E-02  4.183456E-13  1.760998E-16
  4.000000E-01  1.500000E+02     5  7.753552E-13 -1.727794E-02  7.753551E-13 -2.338137E-16
  4.000000E-01  1.500000E+02     6  2.662447E-13  8.997148E+01  1.325419E-16  2.662447E-13
  4.000000E-01  1.800000E+02     1  5.139202E-09  1.799961E+02 -5.139202E-09  3.522830E-13
  4.000000E-01  1.800000E+02     2  2.137122E-23  5.253194E+01  1.300052E-23  1.696218E-23
  4.000000E-01  1.800000E+02     3  6.129930E-09  8.933468E+01  7.117982E-11  6.129517E-09
  4.000000E-01  1.800000E+02     4  7.013860E-27 -1.487739E+02 -5.997748E-27 -3.636103E-27
  4.000000E-01  1.800000E+02     5  8.806972E-13 -2.487305E-02  8.806971E-13 -3.823253E-16
  4.000000E-01  1.800000E+02     6  1.633819E-27  1.634157E+02 -1.565853E-27  4.663352E-28
  5.000000E-01  0.000000E+00     1  3.469574E-09 -9.530360E-01  3.469094E-09 -5.770890E-11
  5.000000E-01  0.000000E+00     2  1.642580E-23 -1.188460E+02 -7.924740E-24 -1.438768E-23
  5.000000E-01  0.000000E+00     3  4.977481E-09  8.694344E+01  2.654076E-10  4.970400E-09
  5.000000E-01  0.000000E+00     4  1.301907E-26  4.230862E+01  9.627994E-27  8.763448E-27
  5.000000E-01  0.000000E+00     5  1.294268E-12  1.790575E+02 -1.294093E-12  2.128932E-14
  5.000000E-01  0.000000E+00     6  1.827637E-27 -1.607280E+01  1.756196E-27 -5.059968E-28
  5.000000E-01  3.000000E+01     1  3.444929E-09 -7.696092E-01  3.444618E-09 -4.627163E-11
  5.000000E-01  3.000000E+01     2  2.167568E-09 -8.003944E-02  2.167566E-09 -3.027987E-12
  5.000000E-01  3.000000E+01     3  5.535771E-09  8.697680E+01  2.919579E-10  5.528067E-09
  5.000000E-01  3.000000E+01     4  5.723302E-13 -1.333881E-01  5.723287E-13 -1.332419E-15
  5.000000E-01  3.000000E+01     5  1.168894E-12  1.791657E+02 -1.168770E-12  1.702032E-14
  5.000000E-01  3.000000E+01     6  3.542766E-13 -8.989656E+01  6.395889E-16 -3.542761E-13
  5.000000E-01  6.000000E+01     1  2.535610E-09 -4.952349E-01  2.535515E-09 -2.191622E-11
  5.000000E-01  6.000000E+01     2  4.356695E-09  7.186338E-02  4.356691E-09  5.464394E-12
  5.000000E-01  6.000000E+01     3  6.715946E-09  8.711923E+01  3.375279E-10  6.707459E-09
  5.000000E-01  6.000000E+01     4  1.197828E-12  1.165589E-02  1.197828E-12  2.436786E-16
  5.000000E-01  6.000000E+01     5  7.314081E-13  1.793753E+02 -7.313646E-13  7.974932E-15
  5.000000E-01  6.000000E+01     6  3.695019E-13 -8.991461E+01  5.506814E-16 -3.695015E-13
  5.000000E-01  9.000000E+01     1  5.574487E-24 -1.399504E+02 -4.267204E-24 -3.586903E-24
  5.000000E-01  9.000000E+01     2  5.385184E-09  1.384929E-01  5.385169E-09  1.301683E-11
  5.000000E-01  9.000000E+01     3  7.338148E-09  8.721680E+01  3.563175E-10  7.329492E-09
  5.000000E-01  9.000000E+01     4  1.511059E-12  7.115718E-02  1.511058E-12  1.876625E-15
  5.000000E-01  9.000000E+01     5  2.742835E-27 -1.700826E+02 -2.701849E-27 -4.723941E-28
  5.000000E-01  9.000000E+01     6  5.125506E-27 -8.647881E+01  3.147968E-28 -5.115830E-27
  5.000000E-01  1.200000E+02     1  2.535610E-09  1.795048E+02 -2.535515E-09  2.191622E-11
  5.000000E-01  1.200000E+02     2  4.356695E-09  7.186338E-02  4.356691E-09  5.464394E-12
  5.000000E-01  1.200000E+02     3  6.715946E-09  8.711923E+01  3.375279E-10  6.707459E-09
  5.000000E-01  1.200000E+02     4  1.197828E-12  1.165589E-02  1.197828E-12  2.436786E-16
  5.000000E-01  1.200000E+02     5  7.314081E-13 -6.247388E-01  7.313646E-13 -7.974932E-15
  5.000000E-01  1.200000E+02     6  3.695019E-13  9.008539E+01 -5.506814E-16  3.695015E-13
  5.000000E-01  1.500000E+02     1  3.444929E-09  1.792304E+02 -3.444618E-09  4.627163E-11
  5.000000E-01  1.500000E+02     2  2.167568E-09 -8.003944E-02  2.167566E-09 -3.027987E-12
  5.000000E-01  1.500000E+02     3  5.535771E-09  8.697680E+01  2.919579E-10  5.528067E-09
  5.000000E-01  1.500000E+02     4  5.723302E-13 -1.333881E-01  5.723287E-13 -1.332419E-15
  5.000000E-01  1.500000E+02     5  1.168894E-12 -8.343156E-01  1.168770E-12 -1.702032E-14
  5.000000E-01  1.500000E+02     6  3.542766E-13  9.010344E+01 -6.395889E-16  3.542761E-13
  5.000000E-01  1.800000E+02     1  3.469574E-09  1.790470E+02 -3.469094E-09  5.770890E-11
  5.000000E-01  1.800000E+02     2  2.284057E-23  1.545537E+02 -2.062476E-23  9.813809E-24
  5.000000E-01  1.800000E+02     3  4.977481E-09  8.694344E+01  2.654076E-10  4.970400E-09
  5.000000E-01  1.800000E+02     4  1.526615E-26 -2.064436E+01  1.428586E-26 -5.382330E-27
  5.000000E-01  1.800000E+02     5  1.294268E-12 -9.424962E-01  1.294093E-12 -2.128932E-14
  5.000000E-01  1.800000E+02     6  3.055286E-27 -7.427900E+01  8.278398E-28 -2.940995E-27
  6.000000E-01  0.000000E+00     1  1.155781E-09 -1.335099E+01  1.124545E-09 -2.668881E-10
  6.000000E-01  0.000000E+00     2  4.557330E-24  1.045301E+02 -1.143385E-24  4.411567E-24
  6.000000E-01  0.000000E+00     3  2.909717E-09  8.726416E+01  1.388846E-10  2.906401E-09
  6.000000E-01  0.000000E+00     4  1.332534E-26 -1.363802E+02 -9.646655E-27 -9.192750E-27
  6.000000E-01  0.000000E+00     5  1.686045E-12  1.709179E+02 -1.664907E-12  2.661423E-13
  6.000000E-01  0.000000E+00     6  1.401178E-27 -1.761950E+01  1.335446E-27 -4.241286E-28
  6.000000E-01  3.000000E+01     1  1.670053E-09 -8.584900E+00  1.651341E-09 -2.492967E-10
  6.000000E-01  3.000000E+01     2  1.359469E-09 -2.076204E+00  1.358576E-09 -4.925175E-11
  6.000000E-01  3.000000E+01     3  3.948779E-09  8.282577E+01  4.931513E-10  3.917864E-09
  6.000000E-01  3.000000E+01     4  6.399814E-13 -2.341447E+00  6.394471E-13 -2.614618E-14
  6.000000E-01  3.000000E+01     5  1.619709E-12  1.715174E+02 -1.601990E-12  2.389214E-13
  6.000000E-01  3.000000E+01     6  3.863049E-13 -8.824697E+01  1.181761E-14 -3.861241E-13
  6.000000E-01  6.000000E+01     1  1.892692E-09 -5.007161E+00  1.885469E-09 -1.651946E-10
  6.000000E-01  6.000000E+01     2  3.339508E-09 -1.075740E+00  3.338919E-09 -6.269623E-11
  6.000000E-01  6.000000E+01     3  6.392047E-09  7.824793E+01  1.301914E-09  6.258057E-09
  6.000000E-01  6.000000E+01     4  1.745355E-12 -1.200423E+00  1.744971E-12 -3.656483E-14
  6.000000E-01  6.000000E+01     5  1.128638E-12  1.726462E+02 -1.119355E-12  1.444607E-13
  6.000000E-01  6.000000E+01     6  4.190092E-13 -8.811148E+01  1.380844E-14 -4.187816E-13
  6.000000E-01  9.000000E+01     1  8.023405E-24  1.446320E+02 -6.542692E-24  4.644158E-24
  6.000000E-01  9.000000E+01     2  4.443614E-09 -7.388688E-01  4.443245E-09 -5.730190E-11
  6.000000E-01  9.000000E+01     3  7.792929E-09  7.695667E+01  1.758769E-09  7.591869E-09
  6.000000E-01  9.000000E+01     4  2.444194E-12 -8.568902E-01  2.443921E-12 -3.655292E-14
  6.000000E-01  9.000000E+01     5  1.136919E-26  7.621212E+01  2.709597E-27  1.104158E-26
  6.000000E-01  9.000000E+01     6  2.952812E-27 -9.767405E+01 -3.943105E-28 -2.926366E-27
  6.000000E-01  1.200000E+02     1  1.892692E-09  1.749928E+02 -1.885469E-09  1.651946E-10
  6.000000E-01  1.200000E+02     2  3.339508E-09 -1.075740E+00  3.338919E-09 -6.269623E-11
  6.000000E-01  1.200000E+02     3  6.392047E-09  7.824793E+01  1.301914E-09  6.258057E-09
  6.000000E-01  1.200000E+02     4  1.745355E-12 -1.200423E+00  1.744971E-12 -3.656483E-14
  6.000000E-01  1.200000E+02     5  1.128638E-12 -7.353781E+00  1.119355E-12 -1.444607E-13
  6.000000E-01  1.200000E+02     6  4.190092E-13  9.188852E+01 -1.380844E-14  4.187816E-13
  6.000000E-01  1.500000E+02     1  1.670053E-09  1.714151E+02 -1.651341E-09  2.492967E-10
  6.000000E-01  1.500000E+02     2  1.359469E-09 -2.076204E+00  1.358576E-09 -4.925175E-11
  6.000000E-01  1.500000E+02     3  3.948779E-09  8.282577E+01  4.931513E-10  3.917864E-09
  6.000000E-01  1.500000E+02     4  6.399814E-13 -2.341447E+00  6.394471E-13 -2.614618E-14
  6.000000E-01  1.500000E+02     5  1.619709E-12 -8.482590E+00  1.601990E-12 -2.389214E-13
  6.000000E-01  1.500000E+02     6  3.863049E-13  9.175303E+01 -1.181761E-14  3.861241E-13
  6.000000E-01  1.800000E+02     1  1.155781E-09  1.666490E+02 -1.124545E-09  2.668881E-10
  6.000000E-01  1.800000E+02     2  9.700219E-24 -8.405889E+01  1.004033E-24 -9.648117E-24
  6.000000E-01  1.800000E+02     3  2.909717E-09  8.726416E+01  1.388846E-10  2.906401E-09
  6.000000E-01  1.800000E+02     4  1.968506E-26  5.420938E+01  1.151232E-26  1.596773E-26
  6.000000E-01  1.800000E+02     5  1.686045E-12 -9.082127E+00  1.664907E-12 -2.661423E-13
  6.000000E-01  1.800000E+02     6  1.063897E-27  8.313948E+01  1.270854E-28  1.056279E-27
  7.000000E-01  0.000000E+00     1  1.207617E-09  1.722619E+02 -1.196621E-09  1.625994E-10
  7.000000E-01  0.000000E+00     2  1.395205E-23 -1.086871E+02 -4.470228E-24 -1.321653E-23
  7.000000E-01  0.000000E+00     3  1.276727E-09  1.230743E+02 -6.967439E-10  1.069851E-09
  7.000000E-01  0.000000E+00     4  2.098659E-26  9.376449E+00  2.070620E-26  3.419145E-27
  7.000000E-01  0.000000E+00     5  1.320912E-12  1.460339E+02 -1.095522E-12  7.379960E-13
  7.000000E-01  0.000000E+00     6  4.015011E-27  9.669757E+01 -4.682652E-28  3.987611E-27
  7.000000E-01  3.000000E+01     1  4.889337E-10  1.656740E+02 -4.737296E-10  1.209812E-10
  7.000000E-01  3.000000E+01     2  4.497783E-10 -1.107084E+01  4.414082E-10 -8.636761E-11
  7.000000E-01  3.000000E+01     3  1.908507E-09  8.594691E+01  1.348946E-10  1.903734E-09
  7.000000E-01  3.000000E+01     4  4.437531E-13 -1.638908E+01  4.257224E-13 -1.252087E-13
  7.000000E-01  3.000000E+01     5  1.520901E-12  1.456076E+02 -1.255030E-12  8.590927E-13
  7.000000E-01  3.000000E+01     6  3.488406E-13 -8.325393E+01  4.097806E-14 -3.464254E-13
  7.000000E-01  6.000000E+01     1  7.701067E-10  1.220857E-01  7.701049E-10  1.640941E-12
  7.000000E-01  6.000000E+01     2  1.910219E-09 -1.122053E+01  1.873706E-09 -3.717014E-10
  7.000000E-01  6.000000E+01     3  4.716355E-09  5.795593E+01  2.502363E-09  3.997773E-09
  7.000000E-01  6.000000E+01     4  2.785818E-12 -1.219692E+01  2.722935E-12 -5.885662E-13
  7.000000E-01  6.000000E+01     5  1.378592E-12  1.457097E+02 -1.138984E-12  7.766800E-13
  7.000000E-01  6.000000E+01     6  4.026232E-13 -8.072318E+01  6.490468E-14 -3.973573E-13
  7.000000E-01  9.000000E+01     1  1.315854E-23  9.406215E+01 -9.321319E-25  1.312549E-23
  7.000000E-01  9.000000E+01     2  2.855466E-09 -1.241517E+01  2.788692E-09 -6.139077E-10
  7.000000E-01  9.000000E+01     3  6.638369E-09  5.220152E+01  4.068564E-09  5.245448E-09
  7.000000E-01  9.000000E+01     4  4.800795E-12 -1.190141E+01  4.697596E-12 -9.900600E-13
  7.000000E-01  9.000000E+01     5  1.380248E-26 -3.556841E-01  1.380222E-26 -8.568332E-29
  7.000000E-01  9.000000E+01     6  3.047395E-27  1.150668E+02 -1.291104E-27  2.760375E-27
  7.000000E-01  1.200000E+02     1  7.701067E-10 -1.798779E+02 -7.701049E-10 -1.640941E-12
  7.000000E-01  1.200000E+02     2  1.910219E-09 -1.122053E+01  1.873706E-09 -3.717014E-10
  7.000000E-01  1.200000E+02     3  4.716355E-09  5.795593E+01  2.502363E-09  3.997773E-09
  7.000000E-01  1.200000E+02     4  2.785818E-12 -1.219692E+01  2.722935E-12 -5.885662E-13
  7.000000E-01  1.200000E+02     5  1.378592E-12 -3.429030E+01  1.138984E-12 -7.766800E-13
  7.000000E-01  1.200000E+02     6  4.026232E-13  9.927682E+01 -6.490468E-14  3.973573E-13
  7.000000E-01  1.500000E+02     1  4.889337E-10 -1.432601E+01  4.737296E-10 -1.209812E-10
  7.000000E-01  1.500000E+02     2  4.497783E-10 -1.107084E+01  4.414082E-10 -8.636761E-11
  7.000000E-01  1.500000E+02     3  1.908507E-09  8.594691E+01  1.348946E-10  1.903734E-09
  7.000000E-01  1.500000E+02     4  4.437531E-13 -1.638908E+01  4.257224E-13 -1.252087E-13
  7.000000E-01  1.500000E+02     5  1.520901E-12 -3.439241E+01  1.255030E-12 -8.590927E-13
  7.000000E-01  1.500000E+02     6  3.488406E-13  9.674607E+01 -4.097806E-14  3.464254E-13
  7.000000E-01  1.800000E+02     1  1.207617E-09 -7.738082E+00  1.196621E-09 -1.625994E-10
  7.000000E-01  1.800000E+02     2  2.173114E-23 -2.182489E+01  2.017355E-23 -8.079013E-24
  7.000000E-01  1.800000E+02     3  1.276727E-09  1.230743E+02 -6.967439E-10  1.069851E-09
  7.000000E-01  1.800000E+02     4  5.199487E-26  1.031471E+02 -1.182630E-26  5.063206E-26
  7.000000E-01  1.800000E+02     5  1.320912E-12 -3.396608E+01  1.095522E-12 -7.379960E-13
  7.000000E-01  1.800000E+02     6  4.156003E-27 -7.779371E+01  8.787124E-28 -4.062047E-27
  8.000000E-01  0.000000E+00     1  1.419131E-09  1.769048E+02 -1.417061E-09  7.662583E-11
  8.000000E-01  0.000000E+00     2  1.040590E-23  1.152686E+02 -4.441883E-24  9.410231E-24
  8.000000E-01  0.000000E+00     3  9.757505E-10  1.664677E+02 -9.486620E-10  2.283187E-10
  8.000000E-01  0.000000E+00     4  1.508368E-26 -1.466051E+02 -1.259331E-26 -8.302163E-27
  8.000000E-01  0.000000E+00     5  4.119567E-13  1.585473E+02 -3.834161E-13  1.506664E-13
  8.000000E-01  0.000000E+00     6  2.976222E-27 -2.393355E+01  2.720316E-27 -1.207385E-27
  8.000000E-01  3.000000E+01     1  1.097278E-09  1.630981E+02 -1.049879E-09  3.190164E-10
  8.000000E-01  3.000000E+01     2  1.786245E-10 -8.986220E+01  4.296131E-13 -1.786240E-10
  8.000000E-01  3.000000E+01     3  7.469744E-10  1.253874E+02 -4.325746E-10  6.089745E-10
  8.000000E-01  3.000000E+01     4  4.781057E-13  7.664430E+01  1.104404E-13  4.651752E-13
  8.000000E-01  3.000000E+01     5  6.438983E-13  1.358271E+02 -4.618296E-13  4.486852E-13
  8.000000E-01  3.000000E+01     6  2.490138E-13 -7.862874E+01  4.909694E-14 -2.441257E-13
  8.000000E-01  6.000000E+01     1  5.070247E-10  5.248776E+01  3.087430E-10  4.021838E-10
  8.000000E-01  6.000000E+01     2  9.813079E-10  7.742534E+01  2.136421E-10  9.577694E-10
  8.000000E-01  6.000000E+01     3  2.102813E-09  4.637820E+01  1.450721E-09  1.522246E-09
  8.000000E-01  6.000000E+01     4  2.446471E-12 -8.792631E+01  8.852514E-14 -2.444869E-12
  8.000000E-01  6.000000E+01     5  8.686725E-13  1.206844E+02 -4.432907E-13  7.470510E-13
  8.000000E-01  6.000000E+01     6  3.610063E-13 -6.650886E+01  1.438997E-13 -3.310867E-13
  8.000000E-01  9.000000E+01     1  7.317402E-24 -3.622519E+01  5.902952E-24 -4.324295E-24
  8.000000E-01  9.000000E+01     2  2.395431E-09  9.318184E+01 -1.329583E-10  2.391738E-09
  8.000000E-01  9.000000E+01     3  3.419611E-09  3.544650E+01  2.785811E-09  1.983178E-09
  8.000000E-01  9.000000E+01     4  6.100786E-12 -9.183110E+01 -1.949399E-13 -6.097671E-12
  8.000000E-01  9.000000E+01     5  4.713646E-27 -1.279194E+02 -2.896779E-27 -3.718484E-27
  8.000000E-01  9.000000E+01     6  2.239709E-27 -1.192073E+02 -1.092911E-27 -1.954953E-27
  8.000000E-01  1.200000E+02     1  5.070247E-10 -1.275122E+02 -3.087430E-10 -4.021838E-10
  8.000000E-01  1.200000E+02     2  9.813079E-10  7.742534E+01  2.136421E-10  9.577694E-10
  8.000000E-01  1.200000E+02     3  2.102813E-09  4.637820E+01  1.450721E-09  1.522246E-09
  8.000000E-01  1.200000E+02     4  2.446471E-12 -8.792631E+01  8.852514E-14 -2.444869E-12
  8.000000E-01  1.200000E+02     5  8.686725E-13 -5.931564E+01  4.432907E-13 -7.470510E-13
  8.000000E-01  1.200000E+02     6  3.610063E-13  1.134911E+02 -1.438997E-13  3.310867E-13
  8.000000E-01  1.500000E+02     1  1.097278E-09 -1.690193E+01  1.049879E-09 -3.190164E-10
  8.000000E-01  1.500000E+02     2  1.786245E-10 -8.986220E+01  4.296131E-13 -1.786240E-10
  8.000000E-01  1.500000E+02     3  7.469744E-10  1.253874E+02 -4.325746E-10  6.089745E-10
  8.000000E-01  1.500000E+02     4  4.781057E-13  7.664430E+01  1.104404E-13  4.651752E-13
  8.000000E-01  1.500000E+02     5  6.438983E-13 -4.417292E+01  4.618296E-13 -4.486852E-13
  8.000000E-01  1.500000E+02     6  2.490138E-13  1.013713E+02 -4.909694E-14  2.441257E-13
  8.000000E-01  1.800000E+02     1  1.419131E-09 -3.095184E+00  1.417061E-09 -7.662583E-11
  8.000000E-01  1.800000E+02     2  5.291650E-23 -9.681887E+01 -6.282828E-24 -5.254219E-23
  8.000000E-01  1.800000E+02     3  9.757505E-10  1.664677E+02 -9.486620E-10  2.283187E-10
  8.000000E-01  1.800000E+02     4  9.375233E-26  3.908088E+00  9.353433E-26  6.389795E-27
  8.000000E-01  1.800000E+02     5  4.119567E-13 -2.145273E+01  3.834161E-13 -1.506664E-13
  8.000000E-01  1.800000E+02     6  2.340087E-27  1.583494E+02 -2.174996E-27  8.633659E-28
  9.000000E-01  0.000000E+00     1  9.870022E-10 -1.379648E+02 -7.330793E-10 -6.608843E-10
  9.000000E-01  0.000000E+00     2  7.036536E-24 -3.708071E+01  5.613656E-24 -4.242605E-24
  9.000000E-01  0.000000E+00     3  5.517156E-10 -1.608709E+02 -5.212514E-10 -1.807956E-10
  9.000000E-01  0.000000E+00     4  1.223066E-26  7.236831E+01  3.704631E-27  1.165611E-26
  9.000000E-01  0.000000E+00     5  2.213092E-13 -1.368302E+02 -1.614074E-13 -1.514115E-13
  9.000000E-01  0.000000E+00     6  1.058917E-27 -9.025160E+01 -4.649907E-30 -1.058907E-27
  9.000000E-01  3.000000E+01     1  9.740837E-10 -1.697944E+02 -9.586721E-10 -1.725887E-10
  9.000000E-01  3.000000E+01     2  4.993439E-10 -1.438992E+02 -4.034608E-10 -2.942172E-10
  9.000000E-01  3.000000E+01     3  4.757538E-10 -1.782366E+02 -4.755285E-10 -1.464004E-11
  9.000000E-01  3.000000E+01     4  3.037736E-13  5.911563E+01  1.559292E-13  2.607000E-13
  9.000000E-01  3.000000E+01     5  2.130124E-13  1.668495E+02 -2.074264E-13  4.846236E-14
  9.000000E-01  3.000000E+01     6  7.918692E-14 -7.661846E+01  1.832658E-14 -7.703704E-14
  9.000000E-01  6.000000E+01     1  3.506689E-10  8.486305E+01  3.139774E-11  3.492605E-10
  9.000000E-01  6.000000E+01     2  6.502423E-10  5.818010E+01  3.428409E-10  5.525171E-10
  9.000000E-01  6.000000E+01     3  7.505375E-10  5.542922E+01  4.258729E-10  6.180120E-10
  9.000000E-01  6.000000E+01     4  4.152258E-13 -9.349200E+01 -2.529109E-14 -4.144549E-13
  9.000000E-01  6.000000E+01     5  3.949590E-13  1.212228E+02 -2.047337E-13  3.377525E-13
  9.000000E-01  6.000000E+01     6  3.051757E-13 -5.268396E+01  1.850009E-13 -2.427074E-13
  9.000000E-01  9.000000E+01     1  1.584926E-24 -1.438803E+02 -1.280284E-24 -9.342725E-25
  9.000000E-01  9.000000E+01     2  2.459058E-09  7.364191E+01  6.925680E-10  2.359516E-09
  9.000000E-01  9.000000E+01     3  1.590321E-09  4.341737E+01  1.155156E-09  1.093040E-09
  9.000000E-01  9.000000E+01     4  1.892418E-12 -1.125905E+02 -7.269587E-13 -1.747220E-12
  9.000000E-01  9.000000E+01     5  6.054497E-27  1.479922E+02 -5.134069E-27  3.209091E-27
  9.000000E-01  9.000000E+01     6  3.084276E-27 -1.085227E+02 -9.798116E-28 -2.924505E-27
  9.000000E-01  1.200000E+02     1  3.506689E-10 -9.513695E+01 -3.139774E-11 -3.492605E-10
  9.000000E-01  1.200000E+02     2  6.502423E-10  5.818010E+01  3.428409E-10  5.525171E-10
  9.000000E-01  1.200000E+02     3  7.505375E-10  5.542922E+01  4.258729E-10  6.180120E-10
  9.000000E-01  1.200000E+02     4  4.152258E-13 -9.349200E+01 -2.529109E-14 -4.144549E-13
  9.000000E-01  1.200000E+02     5  3.949590E-13 -5.877723E+01  2.047337E-13 -3.377525E-13
  9.000000E-01  1.200000E+02     6  3.051757E-13  1.273160E+02 -1.850009E-13  2.427074E-13
  9.000000E-01  1.500000E+02     1  9.740837E-10  1.020558E+01  9.586721E-10  1.725887E-10
  9.000000E-01  1.500000E+02     2  4.993439E-10 -1.438992E+02 -4.034608E-10 -2.942172E-10
  9.000000E-01  1.500000E+02     3  4.757538E-10 -1.782366E+02 -4.755285E-10 -1.464004E-11
  9.000000E-01  1.500000E+02     4  3.037736E-13  5.911563E+01  1.559292E-13  2.607000E-13
  9.000000E-01  1.500000E+02     5  2.130124E-13 -1.315049E+01  2.074264E-13 -4.846236E-14
  9.000000E-01  1.500000E+02     6  7.918692E-14  1.033815E+02 -1.832658E-14  7.703704E-14
  9.000000E-01  1.800000E+02     1  9.870022E-10  4.203523E+01  7.330793E-10  6.608843E-10
  9.000000E-01  1.800000E+02     2  1.102594E-23 -1.009905E+02 -2.102058E-24 -1.082371E-23
  9.000000E-01  1.800000E+02     3  5.517156E-10 -1.608709E+02 -5.212514E-10 -1.807956E-10
  9.000000E-01  1.800000E+02     4  2.465231E-26 -6.998595E+00  2.446863E-26 -3.003761E-27
  9.000000E-01  1.800000E+02     5  2.213092E-13  4.316978E+01  1.614074E-13  1.514115E-13
  9.000000E-01  1.800000E+02     6  7.658425E-28 -6.250441E+01  3.535744E-28 -6.793378E-28
  1.000000E+00  0.000000E+00     1  8.392122E-10 -7.456167E+01  2.233991E-10 -8.089313E-10
  1.000000E+00  0.000000E+00     2  1.531726E-23 -1.128385E+02 -5.945163E-24 -1.411643E-23
  1.000000E+00  0.000000E+00     3  2.374354E-10 -9.485725E+01 -2.010450E-11 -2.365827E-10
  1.000000E+00  0.000000E+00     4  2.514471E-26 -3.523999E+01  2.053675E-26 -1.450856E-26
  1.000000E+00  0.000000E+00     5  1.391526E-13 -9.136773E+01 -3.321461E-15 -1.391129E-13
  1.000000E+00  0.000000E+00     6  1.816570E-27 -2.493208E+01  1.647281E-27 -7.657635E-28
  1.000000E+00  3.000000E+01     1  6.344559E-10 -1.294378E+02 -4.030321E-10 -4.899994E-10
  1.000000E+00  3.000000E+01     2  3.114668E-10 -1.494501E+02 -2.682310E-10 -1.583152E-10
  1.000000E+00  3.000000E+01     3  3.032284E-10 -1.399307E+02 -2.320506E-10 -1.951922E-10
  1.000000E+00  3.000000E+01     4  1.070091E-13  9.488401E+01 -9.110632E-15  1.066206E-13
  1.000000E+00  3.000000E+01     5  8.958093E-14 -1.188251E+02 -4.319034E-14 -7.848145E-14
  1.000000E+00  3.000000E+01     6  7.800765E-14  9.727126E+01 -9.873200E-15  7.738031E-14
  1.000000E+00  6.000000E+01     1  2.306793E-10  1.193529E+02 -1.130761E-10  2.010641E-10
  1.000000E+00  6.000000E+01     2  9.201879E-11  6.082247E+01  4.486075E-11  8.034283E-11
  1.000000E+00  6.000000E+01     3  2.242506E-10  8.073961E+01  3.608675E-11  2.213280E-10
  1.000000E+00  6.000000E+01     4  1.010348E-13 -2.083368E+01  9.442883E-14 -3.593368E-14
  1.000000E+00  6.000000E+01     5  1.757851E-13  1.395265E+02 -1.337209E-13  1.141014E-13
  1.000000E+00  6.000000E+01     6  2.156455E-13 -4.146929E+01  1.615855E-13 -1.428045E-13
  1.000000E+00  9.000000E+01     1  4.202264E-24 -1.413269E+02 -3.280806E-24 -2.625897E-24
  1.000000E+00  9.000000E+01     2  1.954991E-09  8.794265E+01  7.018391E-11  1.953731E-09
  1.000000E+00  9.000000E+01     3  8.131366E-10  6.467204E+01  3.478590E-10  7.349730E-10
  1.000000E+00  9.000000E+01     4  8.374363E-13 -1.008225E+02 -1.572427E-13 -8.225413E-13
  1.000000E+00  9.000000E+01     5  3.234110E-27  1.442909E+02 -2.626067E-27  1.887655E-27
  1.000000E+00  9.000000E+01     6  3.045747E-28  1.166146E+01  2.982880E-28  6.156328E-29
  1.000000E+00  1.200000E+02     1  2.306793E-10 -6.064712E+01  1.130761E-10 -2.010641E-10
  1.000000E+00  1.200000E+02     2  9.201879E-11  6.082247E+01  4.486075E-11  8.034283E-11
  1.000000E+00  1.200000E+02     3  2.242506E-10  8.073961E+01  3.608675E-11  2.213280E-10
  1.000000E+00  1.200000E+02     4  1.010348E-13 -2.083368E+01  9.442883E-14 -3.593368E-14
  1.000000E+00  1.200000E+02     5  1.757851E-13 -4.047348E+01  1.337209E-13 -1.141014E-13
  1.000000E+00  1.200000E+02     6  2.156455E-13  1.385307E+02 -1.615855E-13  1.428045E-13
  1.000000E+00  1.500000E+02     1  6.344559E-10  5.056217E+01  4.030321E-10  4.899994E-10
  1.000000E+00  1.500000E+02     2  3.114668E-10 -1.494501E+02 -2.682310E-10 -1.583152E-10
  1.000000E+00  1.500000E+02     3  3.032284E-10 -1.399307E+02 -2.320506E-10 -1.951922E-10
  1.000000E+00  1.500000E+02     4  1.070091E-13  9.488401E+01 -9.110632E-15  1.066206E-13
  1.000000E+00  1.500000E+02     5  8.958093E-14  6.117489E+01  4.319034E-14  7.848145E-14
  1.000000E+00  1.500000E+02     6  7.800765E-14 -8.272874E+01  9.873200E-15 -7.738031E-14
  1.000000E+00  1.800000E+02     1  8.392122E-10  1.054383E+02 -2.233991E-10  8.089313E-10
  1.000000E+00  1.800000E+02     2  1.033989E-23 -1.560639E+02 -9.450644E-24 -4.195083E-24
  1.000000E+00  1.800000E+02     3  2.374354E-10 -9.485725E+01 -2.010450E-11 -2.365827E-10
  1.000000E+00  1.800000E+02     4  1.903380E-26 -8.601575E+01  1.322512E-27 -1.898780E-26
  1.000000E+00  1.800000E+02     5  1.391526E-13  8.863227E+01  3.321461E-15  1.391129E-13
  1.000000E+00  1.800000E+02     6  1.129326E-27  1.746188E+02 -1.124349E-27  1.059102E-28
  1.100000E+00  0.000000E+00     1  6.615484E-10 -1.135276E+01  6.486044E-10 -1.302251E-10
  1.100000E+00  0.000000E+00     2  3.977815E-24  1.625085E+02 -3.793886E-24  1.195591E-24
  1.100000E+00  0.000000E+00     3  1.745722E-10 -2.381211E+01  1.597116E-10 -7.048154E-11
  1.100000E+00  0.000000E+00     4  9.298262E-27 -5.539897E+01  5.280097E-27 -7.653643E-27
  1.100000E+00  0.000000E+00     5  5.959699E-14 -2.028085E+01  5.590226E-14 -2.065764E-14
  1.100000E+00  0.000000E+00     6  1.598992E-27  1.108697E+02 -5.696309E-28  1.494087E-27
  1.100000E+00  3.000000E+01     1  3.928202E-10 -6.864223E+01  1.430613E-10 -3.658431E-10
  1.100000E+00  3.000000E+01     2  2.844816E-11 -1.898565E-01  2.844800E-11 -9.426624E-14
  1.100000E+00  3.000000E+01     3  1.053372E-10 -8.856083E+01  2.645602E-12 -1.053040E-10
  1.100000E+00  3.000000E+01     4  4.869210E-14 -1.650855E+02 -4.705172E-14 -1.253221E-14
  1.100000E+00  3.000000E+01     5  7.102041E-14 -6.458642E+01  3.047836E-14 -6.414802E-14
  1.100000E+00  3.000000E+01     6  1.140398E-13  9.562488E+01 -1.117762E-14  1.134906E-13
  1.100000E+00  6.000000E+01     1  1.077214E-10  1.432930E+02 -8.636054E-11  6.438759E-11
  1.100000E+00  6.000000E+01     2  1.745781E-10 -8.451225E+01  1.669542E-11 -1.737780E-10
  1.100000E+00  6.000000E+01     3  3.611215E-11  1.530921E+02 -3.220248E-11  1.634281E-11
  1.100000E+00  6.000000E+01     4  7.353883E-14  5.456844E+01  4.263268E-14  5.992007E-14
  1.100000E+00  6.000000E+01     5  7.327484E-14  1.615598E+02 -6.951248E-14  2.317794E-14
  1.100000E+00  6.000000E+01     6  1.112905E-13 -3.576458E+01  9.030392E-14 -6.504443E-14
  1.100000E+00  9.000000E+01     1  1.090533E-24  1.257046E+02 -6.364416E-25  8.855536E-25
  1.100000E+00  9.000000E+01     2  1.520935E-09  1.122827E+02 -5.767043E-10  1.407358E-09
  1.100000E+00  9.000000E+01     3  4.654894E-10  9.358563E+01 -2.911183E-11  4.645782E-10
  1.100000E+00  9.000000E+01     4  4.084196E-13 -7.883434E+01  7.908900E-14 -4.006888E-13
  1.100000E+00  9.000000E+01     5  1.852895E-27 -8.736317E+01  8.524254E-29 -1.850933E-27
  1.100000E+00  9.000000E+01     6  6.838543E-28  2.047829E+00  6.834175E-28  2.443667E-29
  1.100000E+00  1.200000E+02     1  1.077214E-10 -3.670700E+01  8.636054E-11 -6.438759E-11
  1.100000E+00  1.200000E+02     2  1.745781E-10 -8.451225E+01  1.669542E-11 -1.737780E-10
  1.100000E+00  1.200000E+02     3  3.611215E-11  1.530921E+02 -3.220248E-11  1.634281E-11
  1.100000E+00  1.200000E+02     4  7.353883E-14  5.456844E+01  4.263268E-14  5.992007E-14
  1.100000E+00  1.200000E+02     5  7.327484E-14 -1.844022E+01  6.951248E-14 -2.317794E-14
  1.100000E+00  1.200000E+02     6  1.112905E-13  1.442354E+02 -9.030392E-14  6.504443E-14
  1.100000E+00  1.500000E+02     1  3.928202E-10  1.113578E+02 -1.430613E-10  3.658431E-10
  1.100000E+00  1.500000E+02     2  2.844816E-11 -1.898565E-01  2.844800E-11 -9.426624E-14
  1.100000E+00  1.500000E+02     3  1.053372E-10 -8.856083E+01  2.645602E-12 -1.053040E-10
  1.100000E+00  1.500000E+02     4  4.869210E-14 -1.650855E+02 -4.705172E-14 -1.253221E-14
  1.100000E+00  1.500000E+02     5  7.102041E-14  1.154136E+02 -3.047836E-14  6.414802E-14
  1.100000E+00  1.500000E+02     6  1.140398E-13 -8.437512E+01  1.117762E-14 -1.134906E-13
  1.100000E+00  1.800000E+02     1  6.615484E-10  1.686472E+02 -6.486044E-10  1.302251E-10
  1.100000E+00  1.800000E+02     2  8.621138E-24  8.565845E+01  6.526354E-25  8.596400E-24
  1.100000E+00  1.800000E+02     3  1.745722E-10 -2.381211E+01  1.597116E-10 -7.048154E-11
  1.100000E+00  1.800000E+02     4  2.246837E-26 -1.359308E+02 -1.614353E-26 -1.562735E-26
  1.100000E+00  1.800000E+02     5  5.959699E-14  1.597191E+02 -5.590226E-14  2.065764E-14
  1.100000E+00  1.800000E+02     6  1.345529E-27 -1.248903E+02 -7.696514E-28 -1.103669E-27
  1.200000E+00  0.000000E+00     1  4.662561E-10  6.727113E+01  1.801478E-10  4.300483E-10
  1.200000E+00  0.000000E+00     2  2.373254E-24  8.559968E+01  1.820870E-25  2.366259E-24
  1.200000E+00  0.000000E+00     3  8.420191E-11  5.009242E+01  5.401983E-11  6.458963E-11
  1.200000E+00  0.000000E+00     4  1.186295E-27  1.090853E+02 -3.878896E-28  1.121087E-27
  1.200000E+00  0.000000E+00     5  4.378988E-14  5.955374E+01  2.218965E-14  3.775146E-14
  1.200000E+00  0.000000E+00     6  8.880300E-28  1.788218E+02 -8.878422E-28  1.826043E-29
  1.200000E+00  3.000000E+01     1  2.889948E-10  2.241901E+00  2.887736E-10  1.130507E-11
  1.200000E+00  3.000000E+01     2  1.608461E-10  3.254985E+01  1.355810E-10  8.654056E-11
  1.200000E+00  3.000000E+01     3  7.116176E-11  5.465212E+00  7.083828E-11  6.777544E-12
  1.200000E+00  3.000000E+01     4  5.780983E-14 -1.008372E+02 -1.086939E-14 -5.677881E-14
  1.200000E+00  3.000000E+01     5  2.693030E-14 -1.564419E+01  2.593266E-14 -7.262095E-15
  1.200000E+00  3.000000E+01     6  5.114271E-14  1.035480E+02 -1.198071E-14  4.971961E-14
  1.200000E+00  6.000000E+01     1  7.242164E-12  3.567642E+00  7.228129E-12  4.506572E-13
  1.200000E+00  6.000000E+01     2  2.440170E-10 -6.695010E+01  9.554065E-11 -2.245357E-10
  1.200000E+00  6.000000E+01     3  4.074714E-11 -1.026934E+02 -8.953547E-12 -3.975127E-11
  1.200000E+00  6.000000E+01     4  6.409397E-14  1.059817E+02 -1.764699E-14  6.161673E-14
  1.200000E+00  6.000000E+01     5  1.894156E-14 -1.743790E+02 -1.885049E-14 -1.855270E-15
  1.200000E+00  6.000000E+01     6  5.006141E-14 -6.936679E+01  1.764085E-14 -4.685025E-14
  1.200000E+00  9.000000E+01     1  8.174854E-25 -1.397490E+02 -6.239223E-25 -5.282077E-25
  1.200000E+00  9.000000E+01     2  1.229095E-09  1.391196E+02 -9.292913E-10  8.044198E-10
  1.200000E+00  9.000000E+01     3  2.885933E-10  1.252924E+02 -1.667347E-10  2.355539E-10
  1.200000E+00  9.000000E+01     4  2.244425E-13 -4.724224E+01  1.523741E-13 -1.647926E-13
  1.200000E+00  9.000000E+01     5  1.536179E-27 -1.325796E+02 -1.039399E-27 -1.131147E-27
  1.200000E+00  9.000000E+01     6  4.259436E-28 -3.902221E+01  3.309165E-28 -2.681833E-28
  1.200000E+00  1.200000E+02     1  7.242164E-12 -1.764324E+02 -7.228129E-12 -4.506572E-13
  1.200000E+00  1.200000E+02     2  2.440170E-10 -6.695010E+01  9.554065E-11 -2.245357E-10
  1.200000E+00  1.200000E+02     3  4.074714E-11 -1.026934E+02 -8.953547E-12 -3.975127E-11
  1.200000E+00  1.200000E+02     4  6.409397E-14  1.059817E+02 -1.764699E-14  6.161673E-14
  1.200000E+00  1.200000E+02     5  1.894156E-14  5.620965E+00  1.885049E-14  1.855270E-15
  1.200000E+00  1.200000E+02     6  5.006141E-14  1.106332E+02 -1.764085E-14  4.685025E-14
  1.200000E+00  1.500000E+02     1  2.889948E-10 -1.777581E+02 -2.887736E-10 -1.130507E-11
  1.200000E+00  1.500000E+02     2  1.608461E-10  3.254985E+01  1.355810E-10  8.654056E-11
  1.200000E+00  1.500000E+02     3  7.116176E-11  5.465212E+00  7.083828E-11  6.777544E-12
  1.200000E+00  1.500000E+02     4  5.780983E-14 -1.008372E+02 -1.086939E-14 -5.677881E-14
  1.200000E+00  1.500000E+02     5  2.693030E-14  1.643558E+02 -2.593266E-14  7.262095E-15
  1.200000E+00  1.500000E+02     6  5.114271E-14 -7.645197E+01  1.198071E-14 -4.971961E-14
  1.200000E+00  1.800000E+02     1  4.662561E-10 -1.127289E+02 -1.801478E-10 -4.300483E-10
  1.200000E+00  1.800000E+02     2  7.602180E-25  1.502428E+02 -6.599729E-25  3.773157E-25
  1.200000E+00  1.800000E+02     3  8.420191E-11  5.009242E+01  5.401983E-11  6.458963E-11
  1.200000E+00  1.800000E+02     4  6.103365E-27 -2.471281E+01  5.544387E-27 -2.551635E-27
  1.200000E+00  1.800000E+02     5  4.378988E-14 -1.204463E+02 -2.218965E-14 -3.775146E-14
  1.200000E+00  1.800000E+02     6  1.320602E-27 -8.784963E+01  4.955200E-29 -1.319672E-27
  1.300000E+00  0.000000E+00     1  4.183337E-10  1.524995E+02 -3.710647E-10  1.931685E-10
  1.300000E+00  0.000000E+00     2  1.239725E-24  1.591588E+02 -1.158609E-24  4.410691E-25
  1.300000E+00  0.000000E+00     3  6.027501E-11  1.435744E+02 -4.849901E-11  3.578998E-11
  1.300000E+00  0.000000E+00     4  2.299003E-27  1.530752E+02 -2.049794E-27  1.041036E-27
  1.300000E+00  0.000000E+00     5  2.251521E-14  1.432131E+02 -1.803173E-14  1.348301E-14
  1.300000E+00  0.000000E+00     6  1.025210E-27 -1.608943E+02 -9.687374E-28 -3.355631E-28
  1.300000E+00  3.000000E+01     1  1.567174E-10  5.196003E+01  9.657100E-11  1.234277E-10
  1.300000E+00  3.000000E+01     2  7.874544E-11  3.659270E+01  6.322420E-11  4.694193E-11
  1.300000E+00  3.000000E+01     3  3.872590E-11  6.084691E+01  1.886512E-11  3.382015E-11
  1.300000E+00  3.000000E+01     4  2.714356E-14 -5.066231E+01  1.720603E-14 -2.099347E-14
  1.300000E+00  3.000000E+01     5  1.436401E-14  8.538008E+01  1.156956E-15  1.431734E-14
  1.300000E+00  3.000000E+01     6  1.810681E-14 -9.472376E+01 -1.491128E-15 -1.804531E-14
  1.300000E+00  6.000000E+01     1  3.606373E-11  1.364039E+01  3.504655E-11  8.504806E-12
  1.300000E+00  6.000000E+01     2  1.432488E-10 -4.242473E+01  1.057411E-10 -9.663863E-11
  1.300000E+00  6.000000E+01     3  2.622349E-11 -5.463730E+01  1.517686E-11 -2.138538E-11
  1.300000E+00  6.000000E+01     4  4.047541E-14  1.362147E+02 -2.922072E-14  2.800729E-14
  1.300000E+00  6.000000E+01     5  2.245460E-15  4.313122E+01  1.638714E-15  1.535157E-15
  1.300000E+00  6.000000E+01     6  4.894682E-14 -1.086469E+02 -1.565004E-14 -4.637745E-14
  1.300000E+00  9.000000E+01     1  5.901392E-25  6.814816E+01  2.196544E-25  5.477374E-25
  1.300000E+00  9.000000E+01     2  9.611366E-10  1.709717E+02 -9.492289E-10  1.508242E-10
  1.300000E+00  9.000000E+01     3  1.819711E-10  1.582409E+02 -1.690058E-10  6.745749E-11
  1.300000E+00  9.000000E+01     4  1.363044E-13 -1.066154E+01  1.339514E-13 -2.521728E-14
  1.300000E+00  9.000000E+01     5  3.597002E-28 -5.140617E+01  2.243793E-28 -2.811372E-28
  1.300000E+00  9.000000E+01     6  5.657069E-28  3.728824E+01  4.500752E-28  3.427195E-28
  1.300000E+00  1.200000E+02     1  3.606373E-11 -1.663596E+02 -3.504655E-11 -8.504806E-12
  1.300000E+00  1.200000E+02     2  1.432488E-10 -4.242473E+01  1.057411E-10 -9.663863E-11
  1.300000E+00  1.200000E+02     3  2.622349E-11 -5.463730E+01  1.517686E-11 -2.138538E-11
  1.300000E+00  1.200000E+02     4  4.047541E-14  1.362147E+02 -2.922072E-14  2.800729E-14
  1.300000E+00  1.200000E+02     5  2.245460E-15 -1.368688E+02 -1.638714E-15 -1.535157E-15
  1.300000E+00  1.200000E+02     6  4.894682E-14  7.135306E+01  1.565004E-14  4.637745E-14
  1.300000E+00  1.500000E+02     1  1.567174E-10 -1.280400E+02 -9.657100E-11 -1.234277E-10
  1.300000E+00  1.500000E+02     2  7.874544E-11  3.659270E+01  6.322420E-11  4.694193E-11
  1.300000E+00  1.500000E+02     3  3.872590E-11  6.084691E+01  1.886512E-11  3.382015E-11
  1.300000E+00  1.500000E+02     4  2.714356E-14 -5.066231E+01  1.720603E-14 -2.099347E-14
  1.300000E+00  1.500000E+02     5  1.436401E-14 -9.461992E+01 -1.156956E-15 -1.431734E-14
  1.300000E+00  1.500000E+02     6  1.810681E-14  8.527624E+01  1.491128E-15  1.804531E-14
  1.300000E+00  1.800000E+02     1  4.183337E-10 -2.750054E+01  3.710647E-10 -1.931685E-10
  1.300000E+00  1.800000E+02     2  6.149614E-25 -1.548857E+02 -5.568245E-25 -2.610056E-25
  1.300000E+00  1.800000E+02     3  6.027501E-11  1.435744E+02 -4.849901E-11  3.578998E-11
  1.300000E+00  1.800000E+02     4  3.231998E-27  1.746457E+02 -3.217896E-27  3.015903E-28
  1.300000E+00  1.800000E+02     5  2.251521E-14 -3.678686E+01  1.803173E-14 -1.348301E-14
  1.300000E+00  1.800000E+02     6  2.620910E-28 -4.361627E+01  1.897476E-28 -1.807969E-28
  1.400000E+00  0.000000E+00     1  3.104165E-10 -1.124906E+02 -1.187443E-10 -2.868069E-10
  1.400000E+00  0.000000E+00     2  1.009021E-24  1.760897E+02 -1.006672E-24  6.881024E-26
  1.400000E+00  0.000000E+00     3  3.478256E-11 -1.275678E+02 -2.120690E-11 -2.756981E-11
  1.400000E+00  0.000000E+00     4  5.405209E-27 -1.257993E+02 -3.161766E-27 -4.384007E-27
  1.400000E+00  0.000000E+00     5  1.690078E-14 -1.188330E+02 -8.150539E-15 -1.480558E-14
  1.400000E+00  0.000000E+00     6  5.464832E-28 -1.077690E+02 -1.667762E-28 -5.204129E-28
  1.400000E+00  3.000000E+01     1  6.949179E-11  1.565002E+02 -6.372822E-11  2.770961E-11
  1.400000E+00  3.000000E+01     2  5.166530E-11 -1.084231E+02 -1.632784E-11 -4.901740E-11
  1.400000E+00  3.000000E+01     3  1.328574E-11  1.570063E+02 -1.223016E-11  5.189802E-12
  1.400000E+00  3.000000E+01     4  1.862189E-14  6.538042E+01  7.757721E-15  1.692904E-14
  1.400000E+00  3.000000E+01     5  8.706818E-15  1.522775E+02 -7.707374E-15  4.050317E-15
  1.400000E+00  3.000000E+01     6  3.695497E-14 -8.060860E+01  6.030230E-15 -3.645965E-14
  1.400000E+00  6.000000E+01     1  4.813303E-11  9.912743E+01 -7.635384E-12  4.752357E-11
  1.400000E+00  6.000000E+01     2  3.311881E-11 -5.380526E+00  3.297289E-11 -3.105549E-12
  1.400000E+00  6.000000E+01     3  9.583486E-12  4.537414E+00  9.553450E-12  7.581501E-13
  1.400000E+00  6.000000E+01     4  1.513305E-14  1.694792E+02 -1.487865E-14  2.763194E-15
  1.400000E+00  6.000000E+01     5  6.700339E-15  7.912327E+01  1.264331E-15  6.579970E-15
  1.400000E+00  6.000000E+01     6  5.018294E-14 -8.911419E+01  7.758148E-16 -5.017694E-14
  1.400000E+00  9.000000E+01     1  3.052925E-25  1.528399E+02 -2.716293E-25  1.393592E-25
  1.400000E+00  9.000000E+01     2  7.496748E-10 -1.525378E+02 -6.651980E-10 -3.457223E-10
  1.400000E+00  9.000000E+01     3  1.144070E-10 -1.649832E+02 -1.105000E-10 -2.964318E-11
  1.400000E+00  9.000000E+01     4  9.061714E-14  2.744279E+01  8.042012E-14  4.176207E-14
  1.400000E+00  9.000000E+01     5  7.045964E-28 -5.381390E+01  4.160007E-28 -5.686823E-28
  1.400000E+00  9.000000E+01     6  2.729917E-28 -7.781524E+01  5.761893E-29 -2.668417E-28
  1.400000E+00  1.200000E+02     1  4.813303E-11 -8.087257E+01  7.635384E-12 -4.752357E-11
  1.400000E+00  1.200000E+02     2  3.311881E-11 -5.380526E+00  3.297289E-11 -3.105549E-12
  1.400000E+00  1.200000E+02     3  9.583486E-12  4.537414E+00  9.553450E-12  7.581501E-13
  1.400000E+00  1.200000E+02     4  1.513305E-14  1.694792E+02 -1.487865E-14  2.763194E-15
  1.400000E+00  1.200000E+02     5  6.700339E-15 -1.008767E+02 -1.264331E-15 -6.579970E-15
  1.400000E+00  1.200000E+02     6  5.018294E-14  9.088581E+01 -7.758148E-16  5.017694E-14
  1.400000E+00  1.500000E+02     1  6.949179E-11 -2.349984E+01  6.372822E-11 -2.770961E-11
  1.400000E+00  1.500000E+02     2  5.166530E-11 -1.084231E+02 -1.632784E-11 -4.901740E-11
  1.400000E+00  1.500000E+02     3  1.328574E-11  1.570063E+02 -1.223016E-11  5.189802E-12
  1.400000E+00  1.500000E+02     4  1.862189E-14  6.538042E+01  7.757721E-15  1.692904E-14
  1.400000E+00  1.500000E+02     5  8.706818E-15 -2.772247E+01  7.707374E-15 -4.050317E-15
  1.400000E+00  1.500000E+02     6  3.695497E-14  9.939140E+01 -6.030230E-15  3.645965E-14
  1.400000E+00  1.800000E+02     1  3.104165E-10  6.750938E+01  1.187443E-10  2.868069E-10
  1.400000E+00  1.800000E+02     2  1.447898E-24 -1.233573E+02 -7.961390E-25 -1.209368E-24
  1.400000E+00  1.800000E+02     3  3.478256E-11 -1.275678E+02 -2.120690E-11 -2.756981E-11
  1.400000E+00  1.800000E+02     4  3.405750E-27 -8.212884E+01  4.664038E-28 -3.373663E-27
  1.400000E+00  1.800000E+02     5  1.690078E-14  6.116701E+01  8.150539E-15  1.480558E-14
  1.400000E+00  1.800000E+02     6  9.288872E-28  6.346707E+01  4.149452E-28  8.310547E-28
  1.500000E+00  0.000000E+00     1  2.580523E-10 -1.718175E+01  2.465361E-10 -7.622962E-11
  1.500000E+00  0.000000E+00     2  5.773794E-26 -5.876673E+01  2.993849E-26 -4.936960E-26
  1.500000E+00  0.000000E+00     3  2.661946E-11 -2.285281E+01  2.452998E-11 -1.033807E-11
  1.500000E+00  0.000000E+00     4  2.397591E-27  1.708905E+02 -2.367352E-27  3.795905E-28
  1.500000E+00  0.000000E+00     5  9.476608E-15 -2.180742E+01  8.798440E-15 -3.520447E-15
  1.500000E+00  0.000000E+00     6  1.890028E-28 -9.674080E+01 -2.218477E-29 -1.876963E-28
  1.500000E+00  3.000000E+01     1  2.897632E-11 -1.477060E+02 -2.449420E-11 -1.548100E-11
  1.500000E+00  3.000000E+01     2  3.962746E-11 -1.384480E+02 -2.965539E-11 -2.628485E-11
  1.500000E+00  3.000000E+01     3  1.017308E-11 -1.105839E+02 -3.576633E-12 -9.523621E-12
  1.500000E+00  3.000000E+01     4  1.304790E-14  1.304437E+02 -8.464180E-15  9.930024E-15
  1.500000E+00  3.000000E+01     5  2.123559E-15 -1.085907E+02 -6.770034E-16 -2.012751E-15
  1.500000E+00  3.000000E+01     6  8.443663E-15 -1.145222E+02 -3.504504E-15 -7.682050E-15
  1.500000E+00  6.000000E+01     1  4.960559E-11  1.380116E+02 -3.687083E-11  3.318519E-11
  1.500000E+00  6.000000E+01     2  5.127006E-11 -1.597398E+02 -4.809796E-11 -1.775402E-11
  1.500000E+00  6.000000E+01     3  3.083969E-12  1.463571E+02 -2.567426E-12  1.708564E-12
  1.500000E+00  6.000000E+01     4  6.271734E-16 -1.741655E+02 -6.239244E-16 -6.375537E-17
  1.500000E+00  6.000000E+01     5  5.497662E-15  1.237810E+02 -3.056807E-15  4.569487E-15
  1.500000E+00  6.000000E+01     6  3.161918E-14 -7.504132E+01  8.161618E-15 -3.054768E-14
  1.500000E+00  9.000000E+01     1  1.717858E-25 -1.092521E+02 -5.664205E-26 -1.621791E-25
  1.500000E+00  9.000000E+01     2  5.960764E-10 -1.107951E+02 -2.116234E-10 -5.572455E-10
  1.500000E+00  9.000000E+01     3  7.229250E-11 -1.221497E+02 -3.846928E-11 -6.120719E-11
  1.500000E+00  9.000000E+01     4  6.153367E-14  6.559796E+01  2.542183E-14  5.603680E-14
  1.500000E+00  9.000000E+01     5  7.722705E-28  4.074459E+01  5.850927E-28  5.040519E-28
  1.500000E+00  9.000000E+01     6  1.620156E-28  1.106605E+02 -5.716382E-29  1.515960E-28
  1.500000E+00  1.200000E+02     1  4.960559E-11 -4.198845E+01  3.687083E-11 -3.318519E-11
  1.500000E+00  1.200000E+02     2  5.127006E-11 -1.597398E+02 -4.809796E-11 -1.775402E-11
  1.500000E+00  1.200000E+02     3  3.083969E-12  1.463571E+02 -2.567426E-12  1.708564E-12
  1.500000E+00  1.200000E+02     4  6.271734E-16 -1.741655E+02 -6.239244E-16 -6.375537E-17
  1.500000E+00  1.200000E+02     5  5.497662E-15 -5.621903E+01  3.056807E-15 -4.569487E-15
  1.500000E+00  1.200000E+02     6  3.161918E-14  1.049587E+02 -8.161618E-15  3.054768E-14
  1.500000E+00  1.500000E+02     1  2.897632E-11  3.229401E+01  2.449420E-11  1.548100E-11
  1.500000E+00  1.500000E+02     2  3.962746E-11 -1.384480E+02 -2.965539E-11 -2.628485E-11
  1.500000E+00  1.500000E+02     3  1.017308E-11 -1.105839E+02 -3.576633E-12 -9.523621E-12
  1.500000E+00  1.500000E+02     4  1.304790E-14  1.304437E+02 -8.464180E-15  9.930024E-15
  1.500000E+00  1.500000E+02     5  2.123559E-15  7.140926E+01  6.770034E-16  2.012751E-15
  1.500000E+00  1.500000E+02     6  8.443663E-15  6.547782E+01  3.504504E-15  7.682050E-15
  1.500000E+00  1.800000E+02     1  2.580523E-10  1.628183E+02 -2.465361E-10  7.622962E-11
  1.500000E+00  1.800000E+02     2  1.193391E-24 -1.623728E+02 -1.137358E-24 -3.613857E-25
  1.500000E+00  1.800000E+02     3  2.661946E-11 -2.285281E+01  2.452998E-11 -1.033807E-11
  1.500000E+00  1.800000E+02     4  3.475133E-27 -1.227952E+02 -1.882264E-27 -2.921239E-27
  1.500000E+00  1.800000E+02     5  9.476608E-15  1.581926E+02 -8.798440E-15  3.520447E-15
  1.500000E+00  1.800000E+02     6  1.446915E-28 -1.601938E+02 -1.361322E-28 -4.902731E-29
  1.600000E+00  0.000000E+00     1  2.027651E-10  9.406991E+01 -1.439097E-11  2.022537E-10
  1.600000E+00  0.000000E+00     2  4.255388E-25  9.355507E+01 -2.638674E-26  4.247199E-25
  1.600000E+00  0.000000E+00     3  1.512373E-11  8.636662E+01  9.584203E-13  1.509333E-11
  1.600000E+00  0.000000E+00     4  1.566349E-27 -1.278137E+02 -9.603223E-28 -1.237429E-27
  1.600000E+00  0.000000E+00     5  7.483224E-15  8.347881E+01  8.498751E-16  7.434807E-15
  1.600000E+00  0.000000E+00     6  4.368620E-28  5.253149E+00  4.350272E-28  3.999749E-29
  1.600000E+00  3.000000E+01     1  1.366409E-11  1.681310E+02 -1.337196E-11  2.810349E-12
  1.600000E+00  3.000000E+01     2  2.818389E-11  1.127515E+02 -1.089968E-11  2.599093E-11
  1.600000E+00  3.000000E+01     3  1.331466E-12 -1.301433E+01  1.297266E-12 -2.998392E-13
  1.600000E+00  3.000000E+01     4  6.333065E-15 -1.108730E+02 -2.256456E-15 -5.917442E-15
  1.600000E+00  3.000000E+01     5  2.152600E-15 -3.970328E+00  2.147433E-15 -1.490457E-16
  1.600000E+00  3.000000E+01     6  1.339926E-14  8.606314E+01  9.199547E-16  1.336764E-14
  1.600000E+00  6.000000E+01     1  2.783866E-11 -1.786817E+02 -2.783129E-11 -6.404654E-13
  1.600000E+00  6.000000E+01     2  6.116006E-11 -1.270397E+02 -3.684086E-11 -4.881909E-11
  1.600000E+00  6.000000E+01     3  6.931646E-12 -1.380534E+02 -5.155535E-12 -4.633376E-12
  1.600000E+00  6.000000E+01     4  4.834196E-15  8.753846E+01  2.076230E-16  4.829735E-15
  1.600000E+00  6.000000E+01     5  1.963057E-15  1.707622E+02 -1.937597E-15  3.151333E-16
  1.600000E+00  6.000000E+01     6  1.001962E-14 -1.067858E+02 -2.893612E-15 -9.592691E-15
  1.600000E+00  9.000000E+01     1  4.983241E-25  1.605825E+02 -4.699801E-25  1.656673E-25
  1.600000E+00  9.000000E+01     2  4.937179E-10 -6.784887E+01  1.861568E-10 -4.572778E-10
  1.600000E+00  9.000000E+01     3  4.885891E-11 -7.537737E+01  1.233451E-11 -4.727635E-11
  1.600000E+00  9.000000E+01     4  4.099381E-14  1.066585E+02 -1.175157E-14  3.927331E-14
  1.600000E+00  9.000000E+01     5  1.214884E-27  1.206416E+02 -6.191850E-28  1.045253E-27
  1.600000E+00  9.000000E+01     6  1.553398E-28  1.743629E+02 -1.545886E-28  1.525864E-29
  1.600000E+00  1.200000E+02     1  2.783866E-11  1.318282E+00  2.783129E-11  6.404654E-13
  1.600000E+00  1.200000E+02     2  6.116006E-11 -1.270397E+02 -3.684086E-11 -4.881909E-11
  1.600000E+00  1.200000E+02     3  6.931646E-12 -1.380534E+02 -5.155535E-12 -4.633376E-12
  1.600000E+00  1.200000E+02     4  4.834196E-15  8.753846E+01  2.076230E-16  4.829735E-15
  1.600000E+00  1.200000E+02     5  1.963057E-15 -9.237774E+00  1.937597E-15 -3.151333E-16
  1.600000E+00  1.200000E+02     6  1.001962E-14  7.321419E+01  2.893612E-15  9.592691E-15
  1.600000E+00  1.500000E+02     1  1.366409E-11 -1.186896E+01  1.337196E-11 -2.810349E-12
  1.600000E+00  1.500000E+02     2  2.818389E-11  1.127515E+02 -1.089968E-11  2.599093E-11
  1.600000E+00  1.500000E+02     3  1.331466E-12 -1.301433E+01  1.297266E-12 -2.998392E-13
  1.600000E+00  1.500000E+02     4  6.333065E-15 -1.108730E+02 -2.256456E-15 -5.917442E-15
  1.600000E+00  1.500000E+02     5  2.152600E-15  1.760297E+02 -2.147433E-15  1.490457E-16
  1.600000E+00  1.500000E+02     6  1.339926E-14 -9.393686E+01 -9.199547E-16 -1.336764E-14
  1.600000E+00  1.800000E+02     1  2.027651E-10 -8.593009E+01  1.439097E-11 -2.022537E-10
  1.600000E+00  1.800000E+02     2  1.329441E-24  6.862490E+01  4.845441E-25  1.237994E-24
  1.600000E+00  1.800000E+02     3  1.512373E-11  8.636662E+01  9.584203E-13  1.509333E-11
  1.600000E+00  1.800000E+02     4  2.634088E-27 -1.523712E+02 -2.333725E-27 -1.221535E-27
  1.600000E+00  1.800000E+02     5  7.483224E-15 -9.652119E+01 -8.498751E-16 -7.434807E-15
  1.600000E+00  1.800000E+02     6  3.541365E-28 -1.643488E+02 -3.410058E-28 -9.553887E-29
  1.700000E+00  0.000000E+00     1  1.619573E-10 -1.536849E+02 -1.451736E-10 -7.179679E-11
  1.700000E+00  0.000000E+00     2  3.702141E-25  1.008286E+02 -6.955299E-26  3.636219E-25
  1.700000E+00  0.000000E+00     3  1.148705E-11 -1.637343E+02 -1.102726E-11 -3.217433E-12
  1.700000E+00  0.000000E+00     4  1.512561E-27 -1.122832E+02 -5.735395E-28 -1.399605E-27
  1.700000E+00  0.000000E+00     5  4.582248E-15 -1.527989E+02 -4.075487E-15 -2.094612E-15
  1.700000E+00  0.000000E+00     6  9.764149E-29  5.005497E+01  6.269095E-29  7.485791E-29
  1.700000E+00  3.000000E+01     1  1.836676E-11 -8.114153E+01  2.828376E-12 -1.814767E-11
  1.700000E+00  3.000000E+01     2  2.875974E-12  8.872448E+01  6.401992E-14  2.875261E-12
  1.700000E+00  3.000000E+01     3  1.667453E-12  1.148311E+02 -7.002373E-13  1.513297E-12
  1.700000E+00  3.000000E+01     4  5.454037E-15 -2.732392E+01  4.845507E-15 -2.503515E-15
  1.700000E+00  3.000000E+01     5  3.029555E-16 -1.189413E+02 -1.466041E-16 -2.651212E-16
  1.700000E+00  3.000000E+01     6  8.140147E-15  8.299698E+01  9.924607E-16  8.079419E-15
  1.700000E+00  6.000000E+01     1  1.308001E-11 -1.781511E+02 -1.307320E-11 -4.220062E-13
  1.700000E+00  6.000000E+01     2  1.788920E-11 -9.692993E+01 -2.158428E-12 -1.775851E-11
  1.700000E+00  6.000000E+01     3  3.909141E-12 -9.549345E+01 -3.742298E-13 -3.891187E-12
  1.700000E+00  6.000000E+01     4  4.475412E-15  1.285331E+02 -2.788034E-15  3.500883E-15
  1.700000E+00  6.000000E+01     5  6.175004E-16 -4.799212E+01  4.132516E-16 -4.588353E-16
  1.700000E+00  6.000000E+01     6  1.061454E-14 -1.447369E+02 -8.666879E-15 -6.128112E-15
  1.700000E+00  9.000000E+01     1  1.530508E-25 -7.439713E+01  4.116578E-26 -1.474107E-25
  1.700000E+00  9.000000E+01     2  4.030745E-10 -2.215801E+01  3.733063E-10 -1.520244E-10
  1.700000E+00  9.000000E+01     3  3.514278E-11 -2.782134E+01  3.108053E-11 -1.640170E-11
  1.700000E+00  9.000000E+01     4  2.702508E-14  1.555389E+02 -2.459939E-14  1.119042E-14
  1.700000E+00  9.000000E+01     5  1.004667E-27  7.657743E+01  2.332143E-28  9.772236E-28
  1.700000E+00  9.000000E+01     6  1.111328E-28 -9.911501E+01 -1.760529E-29 -1.097295E-28
  1.700000E+00  1.200000E+02     1  1.308001E-11  1.848881E+00  1.307320E-11  4.220062E-13
  1.700000E+00  1.200000E+02     2  1.788920E-11 -9.692993E+01 -2.158428E-12 -1.775851E-11
  1.700000E+00  1.200000E+02     3  3.909141E-12 -9.549345E+01 -3.742298E-13 -3.891187E-12
  1.700000E+00  1.200000E+02     4  4.475412E-15  1.285331E+02 -2.788034E-15  3.500883E-15
  1.700000E+00  1.200000E+02     5  6.175004E-16  1.320079E+02 -4.132516E-16  4.588353E-16
  1.700000E+00  1.200000E+02     6  1.061454E-14  3.526308E+01  8.666879E-15  6.128112E-15
  1.700000E+00  1.500000E+02     1  1.836676E-11  9.885847E+01 -2.828376E-12  1.814767E-11
  1.700000E+00  1.500000E+02     2  2.875974E-12  8.872448E+01  6.401992E-14  2.875261E-12
  1.700000E+00  1.500000E+02     3  1.667453E-12  1.148311E+02 -7.002373E-13  1.513297E-12
  1.700000E+00  1.500000E+02     4  5.454037E-15 -2.732392E+01  4.845507E-15 -2.503515E-15
  1.700000E+00  1.500000E+02     5  3.029555E-16  6.105872E+01  1.466041E-16  2.651212E-16
  1.700000E+00  1.500000E+02     6  8.140147E-15 -9.700302E+01 -9.924607E-16 -8.079419E-15
  1.700000E+00  1.800000E+02     1  1.619573E-10  2.631507E+01  1.451736E-10  7.179679E-11
  1.700000E+00  1.800000E+02     2  4.953589E-25 -4.220823E+01  3.669163E-25 -3.327955E-25
  1.700000E+00  1.800000E+02     3  1.148705E-11 -1.637343E+02 -1.102726E-11 -3.217433E-12
  1.700000E+00  1.800000E+02     4  1.852376E-27 -5.133678E+01  1.157256E-27 -1.446394E-27
  1.700000E+00  1.800000E+02     5  4.582248E-15  2.720108E+01  4.075487E-15  2.094612E-15
  1.700000E+00  1.800000E+02     6  9.057296E-29 -1.078476E+02 -2.775930E-29 -8.621417E-29
  1.800000E+00  0.000000E+00     1  1.422665E-10 -3.243087E+01  1.200785E-10 -7.629492E-11
  1.800000E+00  0.000000E+00     2  1.751366E-25 -1.115619E+02 -6.436388E-26 -1.628807E-25
  1.800000E+00  0.000000E+00     3  8.541361E-12 -3.262644E+01  7.193566E-12 -4.605157E-12
  1.800000E+00  0.000000E+00     4  1.702742E-27  3.598725E+01  1.377770E-27  1.000540E-27
  1.800000E+00  0.000000E+00     5  3.112627E-15 -4.019933E+01  2.377435E-15 -2.009041E-15
  1.800000E+00  0.000000E+00     6  1.973586E-28  4.861265E+01  1.304829E-28  1.480697E-28
  1.800000E+00  3.000000E+01     1  3.108322E-11 -8.851900E+00  3.071300E-11 -4.783115E-12
  1.800000E+00  3.000000E+01     2  2.225871E-11 -1.669583E+01  2.132036E-11 -6.394721E-12
  1.800000E+00  3.000000E+01     3  1.683259E-12 -1.181786E+00  1.682901E-12 -3.471653E-14
  1.800000E+00  3.000000E+01     4  2.266760E-15  1.117479E+02 -8.398864E-16  2.105419E-15
  1.800000E+00  3.000000E+01     5  3.236208E-16 -6.918171E+01  1.150165E-16 -3.024923E-16
  1.800000E+00  3.000000E+01     6  2.483095E-15 -9.978064E+01 -4.218194E-16 -2.447005E-15
  1.800000E+00  6.000000E+01     1  2.009114E-11  1.395507E+02 -1.528897E-11  1.303462E-11
  1.800000E+00  6.000000E+01     2  2.104285E-11  1.580595E+02 -1.951876E-11  7.862539E-12
  1.800000E+00  6.000000E+01     3  2.889235E-13 -8.750092E+01  1.259803E-14 -2.886487E-13
  1.800000E+00  6.000000E+01     4  1.640944E-15 -1.524073E+02 -1.454307E-15 -7.600577E-16
  1.800000E+00  6.000000E+01     5  7.262672E-16  6.481656E+01  3.090396E-16  6.572356E-16
  1.800000E+00  6.000000E+01     6  9.338612E-15 -1.109335E+02 -3.336532E-15 -8.722226E-15
  1.800000E+00  9.000000E+01     1  6.449566E-25  1.402294E+02 -4.957216E-25  4.125883E-25
  1.800000E+00  9.000000E+01     2  3.232106E-10  2.809245E+01  2.851328E-10  1.521985E-10
  1.800000E+00  9.000000E+01     3  2.439247E-11  2.063822E+01  2.282708E-11  8.597517E-12
  1.800000E+00  9.000000E+01     4  1.934520E-14 -1.512939E+02 -1.696757E-14 -9.291831E-15
  1.800000E+00  9.000000E+01     5  1.286625E-27  5.206765E+01  7.909276E-28  1.014809E-27
  1.800000E+00  9.000000E+01     6  3.161740E-28 -4.411293E+01  2.270032E-28 -2.200807E-28
  1.800000E+00  1.200000E+02     1  2.009114E-11 -4.044928E+01  1.528897E-11 -1.303462E-11
  1.800000E+00  1.200000E+02     2  2.104285E-11  1.580595E+02 -1.951876E-11  7.862539E-12
  1.800000E+00  1.200000E+02     3  2.889235E-13 -8.750092E+01  1.259803E-14 -2.886487E-13
  1.800000E+00  1.200000E+02     4  1.640944E-15 -1.524073E+02 -1.454307E-15 -7.600577E-16
  1.800000E+00  1.200000E+02     5  7.262672E-16 -1.151834E+02 -3.090396E-16 -6.572356E-16
  1.800000E+00  1.200000E+02     6  9.338612E-15  6.906654E+01  3.336532E-15  8.722226E-15
  1.800000E+00  1.500000E+02     1  3.108322E-11  1.711481E+02 -3.071300E-11  4.783115E-12
  1.800000E+00  1.500000E+02     2  2.225871E-11 -1.669583E+01  2.132036E-11 -6.394721E-12
  1.800000E+00  1.500000E+02     3  1.683259E-12 -1.181786E+00  1.682901E-12 -3.471653E-14
  1.800000E+00  1.500000E+02     4  2.266760E-15  1.117479E+02 -8.398864E-16  2.105419E-15
  1.800000E+00  1.500000E+02     5  3.236208E-16  1.108183E+02 -1.150165E-16  3.024923E-16
  1.800000E+00  1.500000E+02     6  2.483095E-15  8.021936E+01  4.218194E-16  2.447005E-15
  1.800000E+00  1.800000E+02     1  1.422665E-10  1.475691E+02 -1.200785E-10  7.629492E-11
  1.800000E+00  1.800000E+02     2  2.617438E-25 -1.443568E+01  2.534800E-25 -6.525089E-26
  1.800000E+00  1.800000E+02     3  8.541361E-12 -3.262644E+01  7.193566E-12 -4.605157E-12
  1.800000E+00  1.800000E+02     4  1.224944E-27  1.349708E+01  1.191113E-27  2.858968E-28
  1.800000E+00  1.800000E+02     5  3.112627E-15  1.398007E+02 -2.377435E-15  2.009041E-15
  1.800000E+00  1.800000E+02     6  2.629943E-29 -5.949703E+01  1.334915E-29 -2.265966E-29
  1.900000E+00  0.000000E+00     1  1.157551E-10  9.887968E+01 -1.786796E-11  1.143677E-10
  1.900000E+00  0.000000E+00     2  3.408922E-25 -4.189612E+00  3.399812E-25 -2.490469E-26
  1.900000E+00  0.000000E+00     3  5.307071E-12  9.508136E+01 -4.700484E-13  5.286214E-12
  1.900000E+00  0.000000E+00     4  2.089990E-27 -5.693503E+01  1.140277E-27 -1.751521E-27
  1.900000E+00  0.000000E+00     5  2.664951E-15  8.917899E+01  3.818552E-17  2.664677E-15
  1.900000E+00  0.000000E+00     6  1.162412E-28  1.538837E+02 -1.043733E-28  5.116870E-29
  1.900000E+00  3.000000E+01     1  2.424384E-11  1.112842E+02 -8.800368E-12  2.259020E-11
  1.900000E+00  3.000000E+01     2  4.310271E-12  1.654308E+02 -4.171673E-12  1.084243E-12
  1.900000E+00  3.000000E+01     3  9.374755E-13  9.294529E+01 -4.816968E-14  9.362371E-13
  1.900000E+00  3.000000E+01     4  1.659897E-15 -1.737505E+02 -1.650033E-15 -1.806944E-16
  1.900000E+00  3.000000E+01     5  8.980487E-16  1.114308E+02 -3.281260E-16  8.359575E-16
  1.900000E+00  3.000000E+01     6  7.610780E-15 -1.021126E+02 -1.596995E-15 -7.441343E-15
  1.900000E+00  6.000000E+01     1  1.769477E-11  1.775332E+02 -1.767837E-11  7.615992E-13
  1.900000E+00  6.000000E+01     2  2.875902E-11 -1.746085E+02 -2.863179E-11 -2.702223E-12
  1.900000E+00  6.000000E+01     3  2.094885E-12 -1.573168E+02 -1.932849E-12 -8.078606E-13
  1.900000E+00  6.000000E+01     4  1.097189E-15 -3.123425E+01  9.381565E-16 -5.689345E-16
  1.900000E+00  6.000000E+01     5  3.353441E-16  1.520447E+02 -2.962141E-16  1.572032E-16
  1.900000E+00  6.000000E+01     6  3.923844E-16  8.617121E+01  2.620155E-17  3.915086E-16
  1.900000E+00  9.000000E+01     1  1.818353E-25  1.102644E+02 -6.297913E-26  1.705804E-25
  1.900000E+00  9.000000E+01     2  2.710513E-10  8.210773E+01  3.721829E-11  2.684839E-10
  1.900000E+00  9.000000E+01     3  1.636700E-11  7.594838E+01  3.973841E-12  1.587726E-11
  1.900000E+00  9.000000E+01     4  1.548433E-14 -1.013402E+02 -3.044753E-15 -1.518203E-14
  1.900000E+00  9.000000E+01     5  8.334542E-28  1.119039E+01  8.176083E-28  1.617483E-28
  1.900000E+00  9.000000E+01     6  3.338642E-28  1.595643E+02 -3.128524E-28  1.165706E-28
  1.900000E+00  1.200000E+02     1  1.769477E-11 -2.466825E+00  1.767837E-11 -7.615992E-13
  1.900000E+00  1.200000E+02     2  2.875902E-11 -1.746085E+02 -2.863179E-11 -2.702223E-12
  1.900000E+00  1.200000E+02     3  2.094885E-12 -1.573168E+02 -1.932849E-12 -8.078606E-13
  1.900000E+00  1.200000E+02     4  1.097189E-15 -3.123425E+01  9.381565E-16 -5.689345E-16
  1.900000E+00  1.200000E+02     5  3.353441E-16 -2.795525E+01  2.962141E-16 -1.572032E-16
  1.900000E+00  1.200000E+02     6  3.923844E-16 -9.382879E+01 -2.620155E-17 -3.915086E-16
  1.900000E+00  1.500000E+02     1  2.424384E-11 -6.871582E+01  8.800368E-12 -2.259020E-11
  1.900000E+00  1.500000E+02     2  4.310271E-12  1.654308E+02 -4.171673E-12  1.084243E-12
  1.900000E+00  1.500000E+02     3  9.374755E-13  9.294529E+01 -4.816968E-14  9.362371E-13
  1.900000E+00  1.500000E+02     4  1.659897E-15 -1.737505E+02 -1.650033E-15 -1.806944E-16
  1.900000E+00  1.500000E+02     5  8.980487E-16 -6.856924E+01  3.281260E-16 -8.359575E-16
  1.900000E+00  1.500000E+02     6  7.610780E-15  7.788742E+01  1.596995E-15  7.441343E-15
  1.900000E+00  1.800000E+02     1  1.157551E-10 -8.112032E+01  1.786796E-11 -1.143677E-10
  1.900000E+00  1.800000E+02     2  3.281629E-25 -3.837955E+01  2.572519E-25 -2.037459E-25
  1.900000E+00  1.800000E+02     3  5.307071E-12  9.508136E+01 -4.700484E-13  5.286214E-12
  1.900000E+00  1.800000E+02     4  1.088153E-27  4.024744E+01  8.305450E-28  7.030445E-28
  1.900000E+00  1.800000E+02     5  2.664951E-15 -9.082101E+01 -3.818552E-17 -2.664677E-15
  1.900000E+00  1.800000E+02     6  1.683921E-28  1.611607E+02 -1.593710E-28  5.437632E-29
  2.000000E+00  0.000000E+00     1  9.273423E-11 -1.245368E+02 -5.257433E-11 -7.639095E-11
  2.000000E+00  0.000000E+00     2  9.311713E-25 -5.434607E+00  9.269856E-25 -8.819088E-26
  2.000000E+00  0.000000E+00     3  3.927110E-12 -1.350308E+02 -2.778379E-12 -2.775392E-12
  2.000000E+00  0.000000E+00     4  1.865070E-27 -5.588658E+00  1.856205E-27 -1.816316E-28
  2.000000E+00  0.000000E+00     5  1.811966E-15 -1.248483E+02 -1.035368E-15 -1.487022E-15
  2.000000E+00  0.000000E+00     6  2.208972E-28 -2.194007E+01  2.048988E-28 -8.253529E-29
  2.000000E+00  3.000000E+01     1  1.943405E-11 -1.467413E+02 -1.625080E-11 -1.065804E-11
  2.000000E+00  3.000000E+01     2  9.802858E-12 -1.698179E+02 -9.648473E-12 -1.732917E-12
  2.000000E+00  3.000000E+01     3  1.514163E-12 -1.330628E+02 -1.033870E-12 -1.106255E-12
  2.000000E+00  3.000000E+01     4  8.867061E-16  4.478679E+01  6.293247E-16  6.246583E-16
  2.000000E+00  3.000000E+01     5  4.048195E-16 -1.226960E+02 -2.186757E-16 -3.406754E-16
  2.000000E+00  3.000000E+01     6  1.879018E-15  6.787459E+01  7.077042E-16  1.740650E-15
  2.000000E+00  6.000000E+01     1  9.742172E-12 -1.496089E+02 -8.403523E-12 -4.928561E-12
  2.000000E+00  6.000000E+01     2  7.193831E-12 -1.497793E+02 -6.216136E-12 -3.620891E-12
  2.000000E+00  6.000000E+01     3  1.323380E-12 -1.075770E+02 -3.996430E-13 -1.261595E-12
  2.000000E+00  6.000000E+01     4  7.307397E-16  8.146286E+01  1.084786E-16  7.226430E-16
  2.000000E+00  6.000000E+01     5  6.434560E-16 -6.397226E+01  2.823525E-16 -5.781978E-16
  2.000000E+00  6.000000E+01     6  4.444567E-15  1.315458E+02 -2.947716E-15  3.326431E-15
  2.000000E+00  9.000000E+01     1  2.984481E-25 -1.016533E+02 -6.028334E-26 -2.922964E-25
  2.000000E+00  9.000000E+01     2  2.290831E-10  1.375929E+02 -1.691485E-10  1.544923E-10
  2.000000E+00  9.000000E+01     3  1.178205E-11  1.346694E+02 -8.282951E-12  8.379102E-12
  2.000000E+00  9.000000E+01     4  1.108349E-14 -4.744665E+01  7.495502E-15 -8.164628E-15
  2.000000E+00  9.000000E+01     5  3.250778E-28  3.924477E+01  2.517566E-28  2.056554E-28
  2.000000E+00  9.000000E+01     6  3.034891E-28  1.717420E+02 -3.003423E-28  4.359061E-29
  2.000000E+00  1.200000E+02     1  9.742172E-12  3.039109E+01  8.403523E-12  4.928561E-12
  2.000000E+00  1.200000E+02     2  7.193831E-12 -1.497793E+02 -6.216136E-12 -3.620891E-12
  2.000000E+00  1.200000E+02     3  1.323380E-12 -1.075770E+02 -3.996430E-13 -1.261595E-12
  2.000000E+00  1.200000E+02     4  7.307397E-16  8.146286E+01  1.084786E-16  7.226430E-16
  2.000000E+00  1.200000E+02     5  6.434560E-16  1.160277E+02 -2.823525E-16  5.781978E-16
  2.000000E+00  1.200000E+02     6  4.444567E-15 -4.845425E+01  2.947716E-15 -3.326431E-15
  2.000000E+00  1.500000E+02     1  1.943405E-11  3.325874E+01  1.625080E-11  1.065804E-11
  2.000000E+00  1.500000E+02     2  9.802858E-12 -1.698179E+02 -9.648473E-12 -1.732917E-12
  2.000000E+00  1.500000E+02     3  1.514163E-12 -1.330628E+02 -1.033870E-12 -1.106255E-12
  2.000000E+00  1.500000E+02     4  8.867061E-16  4.478679E+01  6.293247E-16  6.246583E-16
  2.000000E+00  1.500000E+02     5  4.048195E-16  5.730405E+01  2.186757E-16  3.406754E-16
  2.000000E+00  1.500000E+02     6  1.879018E-15 -1.121254E+02 -7.077042E-16 -1.740650E-15
  2.000000E+00  1.800000E+02     1  9.273423E-11  5.546319E+01  5.257433E-11  7.639095E-11
  2.000000E+00  1.800000E+02     2  4.263717E-25 -5.331608E+01  2.547145E-25 -3.419259E-25
  2.000000E+00  1.800000E+02     3  3.927110E-12 -1.350308E+02 -2.778379E-12 -2.775392E-12
  2.000000E+00  1.800000E+02     4  1.007729E-27 -1.539291E+02 -9.051941E-28 -4.428792E-28
  2.000000E+00  1.800000E+02     5  1.811966E-15  5.515169E+01  1.035368E-15  1.487022E-15
  2.000000E+00  1.800000E+02     6  4.449078E-29 -1.539033E+02 -3.995506E-29 -1.957095E-29
