  2.000000E-01     1     1  6.084001E+02  9.336973E-01
  2.000000E-01     1     2 -1.359805E-13  7.029066E-15
  2.000000E-01     1     3 -3.417925E-12  1.169033E-12
  2.000000E-01     1     4 -1.120143E-11  9.129608E-14
  2.000000E-01     1     5  3.679221E+04  2.359025E+02
  2.000000E-01     1     6  3.442770E-13  2.411127E-14
  2.000000E-01     2     1 -1.996452E-15 -3.137869E-15
  2.000000E-01     2     2  1.465250E+03  1.060738E+00
  2.000000E-01     2     3  1.611003E-11 -9.849162E-13
  2.000000E-01     2     4 -3.807870E+04 -3.058170E+01
  2.000000E-01     2     5 -2.515707E-11 -1.147960E-13
  2.000000E-01     2     6 -8.787937E-12 -1.651487E-14
  2.000000E-01     3     1 -8.642418E-13  1.371261E-14
  2.000000E-01     3     2 -4.964510E-13 -1.133554E-13
  2.000000E-01     3     3  6.296272E+04  1.247864E+04
  2.000000E-01     3     4  2.839398E-11 -1.021968E-12
  2.000000E-01     3     5 -1.197090E-10  2.285383E-12
  2.000000E-01     3     6 -3.427153E-11  2.906365E-13
  2.000000E-01     4     1  2.938777E-12 -4.100351E-14
  2.000000E-01     4     2 -3.834344E+04 -3.102514E+01
  2.000000E-01     4     3 -1.144277E-10 -2.129549E-11
  2.000000E-01     4     4  1.233410E+06  8.944548E+02
  2.000000E-01     4     5 -3.098351E-10  2.377996E-12
  2.000000E-01     4     6  2.839398E-10  8.870314E-13
  2.000000E-01     5     1  3.621882E+04  2.254361E+02
  2.000000E-01     5     2 -7.357224E-11 -1.002083E-13
  2.000000E-01     5     3  7.521592E-10 -2.940330E-12
  2.000000E-01     5     4  6.632284E-10 -2.849207E-12
  2.000000E-01     5     5  2.188023E+07  5.696435E+04
  2.000000E-01     5     6  1.294388E-09 -3.601730E-12
  2.000000E-01     6     1  3.783498E-12 -2.102167E-14
  2.000000E-01     6     2  2.658386E-12 -1.837879E-13
  2.000000E-01     6     3 -4.923516E-11  1.013310E-11
  2.000000E-01     6     4 -5.109781E-10 -1.702724E-11
  2.000000E-01     6     5  1.843564E-09  2.129549E-13
  2.000000E-01     6     6  8.313835E+05  1.712925E+00
  3.000000E-01     1     1  6.393657E+02  9.508932E+00
  3.000000E-01     1     2 -9.494237E-14 -1.605942E-15
  3.000000E-01     1     3 -2.811004E-12 -1.120971E-12
  3.000000E-01     1     4  4.755992E-13 -1.032055E-12
  3.000000E-01     1     5  4.195365E+04  2.323594E+03
  3.000000E-01     1     6  4.791484E-12 -4.663009E-14
  3.000000E-01     2     1  7.342506E-14 -3.835775E-15
  3.000000E-01     2     2  1.520790E+03  1.125883E+01
  3.000000E-01     2     3  1.093168E-11 -5.260281E-12
  3.000000E-01     2     4 -3.961402E+04 -3.231598E+02
  3.000000E-01     2     5 -2.089797E-11 -1.928425E-12
  3.000000E-01     2     6 -7.850936E-12 -1.374525E-13
  3.000000E-01     3     1 -6.619347E-13  1.863586E-14
  3.000000E-01     3     2 -5.944990E-14 -6.550857E-14
  3.000000E-01     3     3  5.823821E+04  2.115025E+04
  3.000000E-01     3     4  2.392193E-11 -1.400992E-11
  3.000000E-01     3     5 -1.396984E-10  1.101450E-11
  3.000000E-01     3     6 -3.796275E-11  2.545961E-12
  3.000000E-01     4     1  6.349604E-12  6.451497E-14
  3.000000E-01     4     2 -3.989985E+04 -3.277972E+02
  3.000000E-01     4     3 -2.328306E-11 -1.118723E-10
  3.000000E-01     4     4  1.276492E+06  9.408490E+03
  3.000000E-01     4     5 -7.250687E-10  5.574685E-11
  3.000000E-01     4     6  3.461794E-10 -3.388099E-12
  3.000000E-01     5     1  4.112155E+04  2.218277E+03
  3.000000E-01     5     2 -6.441485E-11 -9.969911E-13
  3.000000E-01     5     3  4.509656E-10  1.279940E-10
  3.000000E-01     5     4  6.903109E-10  9.800683E-11
  3.000000E-01     5     5  2.300646E+07  5.421583E+05
  3.000000E-01     5     6  9.542099E-10 -6.902839E-12
  3.000000E-01     6     1 -1.039220E-11  2.026029E-13
  3.000000E-01     6     2  2.299912E-11  1.188628E-13
  3.000000E-01     6     3  8.319436E-11  5.205563E-12
  3.000000E-01     6     4 -6.521530E-10 -8.766642E-12
  3.000000E-01     6     5  2.421439E-09 -7.921921E-11
  3.000000E-01     6     6  8.458713E+05  9.208042E+01
  4.000000E-01     1     1  6.815343E+02  4.194912E+01
  4.000000E-01     1     2  7.275958E-14  5.150568E-14
  4.000000E-01     1     3  2.111802E-12  3.451643E-12
  4.000000E-01     1     4 -1.592902E-11 -2.373559E-13
  4.000000E-01     1     5  4.828117E+04  9.848726E+03
  4.000000E-01     1     6  8.724051E-12  6.343587E-13
  4.000000E-01     2     1 -3.895299E-13 -1.202724E-14
  4.000000E-01     2     2  1.609713E+03  5.577752E+01
  4.000000E-01     2     3  3.760428E-12 -7.908167E-12
  4.000000E-01     2     4 -4.206325E+04 -1.591339E+03
  4.000000E-01     2     5  8.137715E-11  6.965398E-12
  4.000000E-01     2     6 -1.125821E-11  1.291108E-13
  4.000000E-01     3     1 -8.114467E-13  4.907944E-14
  4.000000E-01     3     2  6.672586E-13 -3.735375E-13
  4.000000E-01     3     3  5.060038E+04  2.630657E+04
  4.000000E-01     3     4 -6.020944E-11  1.025954E-11
  4.000000E-01     3     5 -2.214731E-10  3.233365E-11
  4.000000E-01     3     6 -4.432300E-11  9.961878E-12
  4.000000E-01     4     1  1.082521E-11 -8.651291E-14
  4.000000E-01     4     2 -4.238235E+04 -1.613856E+03
  4.000000E-01     4     3  3.009762E-11  6.424138E-12
  4.000000E-01     4     4  1.344924E+06  4.604248E+04
  4.000000E-01     4     5 -8.486393E-10  3.058032E-10
  4.000000E-01     4     6  3.484509E-10  2.155059E-12
  4.000000E-01     5     1  4.711477E+04  9.391229E+03
  4.000000E-01     5     2 -6.605427E-11  3.546917E-12
  4.000000E-01     5     3  1.281500E-10 -1.586736E-11
  4.000000E-01     5     4  1.725247E-09 -8.169924E-12
  4.000000E-01     5     5  2.431525E+07  2.205942E+06
  4.000000E-01     5     6  1.417534E-10 -6.938647E-11
  4.000000E-01     6     1  1.293346E-11  3.105592E-13
  4.000000E-01     6     2 -2.761315E-12 -2.173914E-12
  4.000000E-01     6     3 -8.552267E-11 -1.976221E-10
  4.000000E-01     6     4 -6.097891E-10  2.734695E-11
  4.000000E-01     6     5 -1.107592E-09 -1.076132E-10
  4.000000E-01     6     6  8.711044E+05  1.447973E+03
  5.000000E-01     1     1  7.097797E+02  1.042113E+02
  5.000000E-01     1     2 -4.689443E-13  1.985360E-14
  5.000000E-01     1     3  1.139308E-12 -1.238687E-12
  5.000000E-01     1     4 -5.678796E-12 -2.638866E-12
  5.000000E-01     1     5  4.963778E+04  2.348081E+04
  5.000000E-01     1     6  1.463000E-11 -1.635759E-12
  5.000000E-01     2     1  7.675248E-14 -9.338958E-14
  5.000000E-01     2     2  1.707918E+03  1.716613E+02
  5.000000E-01     2     3 -4.606923E-12 -7.080749E-13
  5.000000E-01     2     4 -4.471776E+04 -4.861126E+03
  5.000000E-01     2     5 -1.902397E-11  7.183677E-12
  5.000000E-01     2     6 -1.763266E-11 -3.664598E-13
  5.000000E-01     3     1  3.620233E-13  3.673471E-13
  5.000000E-01     3     2 -2.315884E-13 -1.298803E-13
  5.000000E-01     3     3  4.285733E+04  2.795498E+04
  5.000000E-01     3     4  2.853595E-12  5.139311E-12
  5.000000E-01     3     5 -2.060267E-10 -3.364687E-11
  5.000000E-01     3     6 -3.642948E-11  1.884562E-11
  5.000000E-01     4     1 -1.426798E-12  5.270633E-13
  5.000000E-01     4     2 -4.507178E+04 -4.928760E+03
  5.000000E-01     4     3 -2.742859E-11  2.691749E-11
  5.000000E-01     4     4  1.417664E+06  1.395702E+05
  5.000000E-01     4     5  1.653665E-10 -3.216470E-10
  5.000000E-01     4     6  1.953506E-10  2.288555E-11
  5.000000E-01     5     1  4.834756E+04  2.236001E+04
  5.000000E-01     5     2 -2.909440E-11  7.021327E-12
  5.000000E-01     5     3  2.785046E-10  1.976665E-10
  5.000000E-01     5     4  1.249388E-09 -5.886782E-11
  5.000000E-01     5     5  2.450725E+07  5.050693E+06
  5.000000E-01     5     6 -5.755105E-11  1.498729E-10
  5.000000E-01     6     1 -9.100271E-12 -1.268856E-12
  5.000000E-01     6     2  2.404260E-11  1.311447E-12
  5.000000E-01     6     3  4.249159E-11 -1.781438E-10
  5.000000E-01     6     4 -3.251679E-10 -3.444190E-11
  5.000000E-01     6     5 -5.669710E-10 -5.583392E-10
  5.000000E-01     6     6  9.141155E+05  1.104654E+04
  6.000000E-01     1     1  7.072645E+02  1.705484E+02
  6.000000E-01     1     2 -1.455192E-13  7.634580E-14
  6.000000E-01     1     3  2.185449E-12 -1.153505E-12
  6.000000E-01     1     4 -8.858922E-12 -6.465546E-12
  6.000000E-01     1     5  4.211953E+04  3.687785E+04
  6.000000E-01     1     6 -2.413488E-12  3.179534E-13
  6.000000E-01     2     1  2.697428E-13  5.767527E-14
  6.000000E-01     2     2  1.750837E+03  3.653287E+02
  6.000000E-01     2     3  1.320320E-12 -7.031947E-12
  6.000000E-01     2     4 -4.575799E+04 -1.025667E+04
  6.000000E-01     2     5  4.985983E-11  1.003254E-11
  6.000000E-01     2     6 -2.284296E-11 -1.737652E-12
  6.000000E-01     3     1  7.857147E-13  9.501632E-14
  6.000000E-01     3     2 -8.527067E-13  4.911641E-13
  6.000000E-01     3     3  3.618217E+04  2.729863E+04
  6.000000E-01     3     4  4.411005E-11 -2.744751E-12
  6.000000E-01     3     5 -1.981900E-10 -5.489503E-12
  6.000000E-01     3     6 -1.113044E-11  1.097013E-11
  6.000000E-01     4     1 -7.918371E-12  7.009764E-12
  6.000000E-01     4     2 -4.612305E+04 -1.039634E+04
  6.000000E-01     4     3  5.343747E-11 -1.388466E-10
  6.000000E-01     4     4  1.442687E+06  2.918737E+05
  6.000000E-01     4     5 -7.759507E-10  3.649573E-10
  6.000000E-01     4     6  2.266975E-10  1.949720E-11
  6.000000E-01     5     1  4.112027E+04  3.505766E+04
  6.000000E-01     5     2 -2.810771E-11  1.070602E-11
  6.000000E-01     5     3  8.299139E-11  3.509984E-11
  6.000000E-01     5     4  9.317840E-11  1.369374E-10
  6.000000E-01     5     5  2.297444E+07  7.695857E+06
  6.000000E-01     5     6  8.293651E-10 -3.379431E-10
  6.000000E-01     6     1 -5.536826E-13  1.490684E-12
  6.000000E-01     6     2  2.434074E-11  1.668146E-12
  6.000000E-01     6     3 -5.237980E-11 -1.471755E-11
  6.000000E-01     6     4  3.520854E-12 -2.839398E-12
  6.000000E-01     6     5  8.366457E-09 -2.263947E-09
  6.000000E-01     6     6  9.763196E+05  4.969403E+04
  7.000000E-01     1     1  6.950981E+02  2.180339E+02
  7.000000E-01     1     2 -2.750667E-14  5.114719E-13
  7.000000E-01     1     3 -3.042842E-12 -3.574599E-13
  7.000000E-01     1     4 -2.079859E-12 -2.023071E-12
  7.000000E-01     1     5  2.918283E+04  4.405916E+04
  7.000000E-01     1     6  2.191305E-11 -2.291800E-12
  7.000000E-01     2     1  1.780170E-13  2.175499E-13
  7.000000E-01     2     2  1.687645E+03  5.751847E+02
  7.000000E-01     2     3  5.582967E-12 -4.771203E-12
  7.000000E-01     2     4 -4.381580E+04 -1.599778E+04
  7.000000E-01     2     5 -2.430525E-11  1.089518E-10
  7.000000E-01     2     6 -1.178350E-11 -1.014071E-12
  7.000000E-01     3     1  5.337181E-13  2.877426E-13
  7.000000E-01     3     2  3.788822E-13 -1.373115E-12
  7.000000E-01     3     3  3.085732E+04  2.515633E+04
  7.000000E-01     3     4  1.817215E-11 -6.429209E-12
  7.000000E-01     3     5 -1.618457E-10  3.089265E-10
  7.000000E-01     3     6 -1.837091E-11  2.039296E-11
  7.000000E-01     4     1  3.606036E-12  7.940174E-12
  7.000000E-01     4     2 -4.415152E+04 -1.620978E+04
  7.000000E-01     4     3  1.447241E-10 -6.514390E-11
  7.000000E-01     4     4  1.382884E+06  4.508438E+05
  7.000000E-01     4     5  2.180658E-10 -1.168210E-09
  7.000000E-01     4     6  3.511768E-10  6.944356E-11
  7.000000E-01     5     1  2.876348E+04  4.178007E+04
  7.000000E-01     5     2 -2.688843E-11 -2.040976E-12
  7.000000E-01     5     3  3.955753E-10 -3.970721E-11
  7.000000E-01     5     4  2.039788E-10 -5.513756E-11
  7.000000E-01     5     5  2.057801E+07  9.150992E+06
  7.000000E-01     5     6 -3.674536E-10 -9.012047E-11
  7.000000E-01     6     1  9.128665E-12  4.390926E-12
  7.000000E-01     6     2  4.539488E-12  1.483586E-11
  7.000000E-01     6     3  6.449782E-11 -3.748005E-11
  7.000000E-01     6     4 -4.866728E-10 -2.910789E-10
  7.000000E-01     6     5 -9.276881E-10  2.888073E-09
  7.000000E-01     6     6  1.029811E+06  1.419303E+05
  8.000000E-01     1     1  7.012038E+02  2.648069E+02
  8.000000E-01     1     2 -1.224490E-13  1.222827E-13
  8.000000E-01     1     3 -2.340729E-12  3.438334E-12
  8.000000E-01     1     4 -1.464420E-11 -1.005324E-11
  8.000000E-01     1     5  1.623418E+04  4.412788E+04
  8.000000E-01     1     6  3.024669E-11 -1.124224E-11
  8.000000E-01     2     1 -5.851822E-13 -5.615021E-13
  8.000000E-01     2     2  1.544601E+03  7.249825E+02
  8.000000E-01     2     3  6.961184E-12 -5.211848E-12
  8.000000E-01     2     4 -3.970687E+04 -1.997395E+04
  8.000000E-01     2     5  4.636737E-11  1.023248E-10
  8.000000E-01     2     6  3.080747E-12  7.719614E-13
  8.000000E-01     3     1 -1.703417E-12 -6.164045E-13
  8.000000E-01     3     2 -1.198758E-12  1.730258E-13
  8.000000E-01     3     3  2.713790E+04  2.220381E+04
  8.000000E-01     3     4 -5.160606E-11 -7.950315E-12
  8.000000E-01     3     5  2.186337E-11 -1.916594E-12
  8.000000E-01     3     6 -1.817215E-11  2.895299E-11
  8.000000E-01     4     1 -3.109141E-12  9.538603E-13
  8.000000E-01     4     2 -3.998855E+04 -2.023140E+04
  8.000000E-01     4     3  2.434074E-11 -1.345165E-11
  8.000000E-01     4     4  1.263776E+06  5.574026E+05
  8.000000E-01     4     5  4.742931E-10  7.416508E-10
  8.000000E-01     4     6 -8.631770E-12  2.413488E-12
  8.000000E-01     5     1  1.648313E+04  4.168655E+04
  8.000000E-01     5     2 -4.916263E-12  1.898577E-11
  8.000000E-01     5     3  1.691929E-11 -2.775562E-10
  8.000000E-01     5     4  6.327883E-10 -9.750671E-11
  8.000000E-01     5     5  1.818423E+07  9.532070E+06
  8.000000E-01     5     6  2.258670E-10  8.629374E-10
  8.000000E-01     6     1 -3.492460E-12  9.884655E-12
  8.000000E-01     6     2  6.491574E-12  1.030613E-11
  8.000000E-01     6     3  5.703463E-11 -5.749781E-12
  8.000000E-01     6     4  7.143926E-11 -2.140906E-10
  8.000000E-01     6     5 -1.524643E-09  3.161954E-09
  8.000000E-01     6     6  1.023905E+06  2.709453E+05
  9.000000E-01     1     1  7.062003E+02  3.487822E+02
  9.000000E-01     1     2 -4.212513E-13  3.990439E-13
  9.000000E-01     1     3  1.436558E-12 -4.121071E-13
  9.000000E-01     1     4  8.965399E-12 -1.104999E-11
  9.000000E-01     1     5  7.345915E+03  3.983188E+04
  9.000000E-01     1     6  4.715885E-11 -2.148478E-11
  9.000000E-01     2     1  2.676355E-13  1.013014E-13
  9.000000E-01     2     2  1.385976E+03  8.006164E+02
  9.000000E-01     2     3  3.580525E-12 -1.227448E-12
  9.000000E-01     2     4 -3.524527E+04 -2.185732E+04
  9.000000E-01     2     5 -1.783142E-11  4.789118E-11
  9.000000E-01     2     6 -9.767529E-12  1.261955E-12
  9.000000E-01     3     1  3.684563E-13  1.910678E-12
  9.000000E-01     3     2 -6.654839E-14  2.701372E-13
  9.000000E-01     3     3  2.489054E+04  1.925826E+04
  9.000000E-01     3     4  5.044191E-11 -4.579318E-11
  9.000000E-01     3     5 -1.570187E-11 -4.183380E-10
  9.000000E-01     3     6 -5.721387E-11  3.546093E-11
  9.000000E-01     4     1  3.818990E-12  5.363308E-13
  9.000000E-01     4     2 -3.547299E+04 -2.213177E+04
  9.000000E-01     4     3 -5.577288E-11  5.521052E-11
  9.000000E-01     4     4  1.137154E+06  6.042411E+05
  9.000000E-01     4     5  2.689024E-09 -7.975554E-10
  9.000000E-01     4     6  3.407278E-11  4.487511E-10
  9.000000E-01     5     1  8.193607E+03  3.748843E+04
  9.000000E-01     5     2  9.309344E-12  1.459382E-11
  9.000000E-01     5     3  1.155676E-10 -1.613877E-10
  9.000000E-01     5     4 -3.810330E-10  2.697566E-10
  9.000000E-01     5     5  1.609703E+07  9.170162E+06
  9.000000E-01     5     6 -1.868865E-10  1.867732E-09
  9.000000E-01     6     1  2.818103E-12  6.112593E-12
  9.000000E-01     6     2 -1.522627E-12 -1.710343E-11
  9.000000E-01     6     3  3.231590E-11 -4.211774E-11
  9.000000E-01     6     4 -8.699916E-11  9.086074E-12
  9.000000E-01     6     5  2.998972E-09 -2.483527E-10
  9.000000E-01     6     6  9.484595E+05  3.763671E+05
  1.000000E+00     1     1  6.642811E+02  4.504026E+02
  1.000000E+00     1     2 -2.122894E-13 -1.588288E-13
  1.000000E+00     1     3  5.699648E-12  3.423249E-12
  1.000000E+00     1     4 -2.732921E-12 -1.932920E-11
  1.000000E+00     1     5  2.274959E+03  3.599592E+04
  1.000000E+00     1     6  1.171962E-11  1.196806E-11
  1.000000E+00     2     1 -2.586211E-13 -5.916152E-13
  1.000000E+00     2     2  1.241476E+03  8.309029E+02
  1.000000E+00     2     3  5.112469E-12 -5.442771E-12
  1.000000E+00     2     4 -3.123554E+04 -2.247528E+04
  1.000000E+00     2     5  2.309992E-10 -3.614554E-11
  1.000000E+00     2     6  4.372673E-12 -3.659984E-11
  1.000000E+00     3     1 -3.233941E-12 -2.283497E-12
  1.000000E+00     3     2  3.715175E-12  1.132210E-12
  1.000000E+00     3     3  2.359620E+04  1.674644E+04
  1.000000E+00     3     4  6.485185E-11 -7.302932E-11
  1.000000E+00     3     5 -2.463178E-10 -8.143394E-11
  1.000000E+00     3     6  9.341620E-12 -1.524757E-11
  1.000000E+00     4     1  6.489993E-13 -5.820766E-13
  1.000000E+00     4     2 -3.141698E+04 -2.275098E+04
  1.000000E+00     4     3  3.082876E-11 -2.430525E-11
  1.000000E+00     4     4  1.025012E+06  6.154829E+05
  1.000000E+00     4     5  2.354656E-09 -2.583171E-09
  1.000000E+00     4     6 -3.139239E-10  5.871875E-10
  1.000000E+00     5     1  3.555904E+03  3.385940E+04
  1.000000E+00     5     2  4.479006E-11  6.839034E-11
  1.000000E+00     5     3 -2.882937E-10 -2.847317E-10
  1.000000E+00     5     4  1.103942E-09  6.177394E-10
  1.000000E+00     5     5  1.451038E+07  8.282905E+06
  1.000000E+00     5     6 -1.039520E-09 -7.115496E-10
  1.000000E+00     6     1 -5.373561E-12  1.682343E-12
  1.000000E+00     6     2  1.456966E-11  2.013843E-11
  1.000000E+00     6     3 -1.492636E-10  7.782790E-11
  1.000000E+00     6     4 -6.365931E-11 -4.645255E-10
  1.000000E+00     6     5  9.870628E-09 -9.176935E-10
  1.000000E+00     6     6  8.495994E+05  4.213779E+05
  1.100000E+00     1     1  5.851910E+02  5.342454E+02
  1.100000E+00     1     2  4.203640E-13  1.270469E-12
  1.100000E+00     1     3 -2.486337E-11 -4.985080E-13
  1.100000E+00     1     4 -4.813135E-11  2.075342E-11
  1.100000E+00     1     5 -2.745793E+03  3.299604E+04
  1.100000E+00     1     6  3.154749E-11 -1.954022E-11
  1.100000E+00     2     1  4.231369E-13  6.023638E-13
  1.100000E+00     2     2  1.110652E+03  8.319552E+02
  1.100000E+00     2     3  2.554793E-12 -8.873119E-13
  1.100000E+00     2     4 -2.767100E+04 -2.228940E+04
  1.100000E+00     2     5  1.035954E-10  1.043608E-10
  1.100000E+00     2     6 -2.129549E-13 -2.177302E-11
  1.100000E+00     3     1 -1.652840E-12  3.632332E-12
  1.100000E+00     3     2 -2.632743E-11  4.279868E-11
  1.100000E+00     3     3  2.278250E+04  1.468729E+04
  1.100000E+00     3     4 -1.196380E-10 -9.331295E-12
  1.100000E+00     3     5  6.152976E-11 -4.484184E-10
  1.100000E+00     3     6 -9.131504E-11 -3.167220E-11
  1.100000E+00     4     1  1.433896E-12 -1.202872E-11
  1.100000E+00     4     2 -2.781421E+04 -2.255806E+04
  1.100000E+00     4     3 -2.398440E-10  2.240285E-10
  1.100000E+00     4     4  9.272301E+05  6.045908E+05
  1.100000E+00     4     5 -7.745878E-10  1.917988E-09
  1.100000E+00     4     6 -1.998936E-11  1.484747E-10
  1.100000E+00     5     1 -1.061263E+03  3.109197E+04
  1.100000E+00     5     2 -1.597515E-10 -1.247738E-10
  1.100000E+00     5     3 -3.326953E-09 -1.197230E-09
  1.100000E+00     5     4  7.306747E-10 -3.330298E-09
  1.100000E+00     5     5  1.354614E+07  7.221329E+06
  1.100000E+00     5     6 -7.415062E-09 -9.441986E-09
  1.100000E+00     6     1  6.885540E-12  3.465356E-11
  1.100000E+00     6     2 -3.101687E-11  2.522547E-11
  1.100000E+00     6     3 -6.205505E-11 -9.039611E-11
  1.100000E+00     6     4 -7.382435E-11  1.057495E-09
  1.100000E+00     6     5 -4.770189E-12 -1.512088E-08
  1.100000E+00     6     6  7.740129E+05  4.257823E+05
  1.200000E+00     1     1  4.747737E+02  5.915149E+02
  1.200000E+00     1     2  1.195542E-12 -2.976192E-13
  1.200000E+00     1     3  3.586958E-12 -3.846497E-12
  1.200000E+00     1     4 -2.559540E-11 -1.793553E-11
  1.200000E+00     1     5 -7.257616E+03  2.832146E+04
  1.200000E+00     1     6  5.286249E-11 -3.204971E-11
  1.200000E+00     2     1  1.167924E-13  1.977966E-14
  1.200000E+00     2     2  9.982364E+02  8.070139E+02
  1.200000E+00     2     3  1.103927E-12 -2.612394E-12
  1.200000E+00     2     4 -2.466547E+04 -2.143120E+04
  1.200000E+00     2     5 -1.075422E-10 -1.752382E-10
  1.200000E+00     2     6 -2.136647E-11 -1.552204E-11
  1.200000E+00     3     1  3.901510E-12  2.509984E-12
  1.200000E+00     3     2 -2.495299E-11 -3.681235E-12
  1.200000E+00     3     3  2.224347E+04  1.288627E+04
  1.200000E+00     3     4 -3.869603E-10 -5.004439E-12
  1.200000E+00     3     5 -3.664485E-09 -2.447135E-09
  1.200000E+00     3     6 -3.692069E-10 -7.133278E-10
  1.200000E+00     4     1 -3.105592E-12 -2.049690E-11
  1.200000E+00     4     2 -2.478029E+04 -2.168775E+04
  1.200000E+00     4     3  1.598226E-10  1.137416E-10
  1.200000E+00     4     4  8.464275E+05  5.763532E+05
  1.200000E+00     4     5  3.022028E-09 -7.624730E-10
  1.200000E+00     4     6  8.270599E-10  7.047386E-10
  1.200000E+00     5     1 -5.225211E+03  2.684818E+04
  1.200000E+00     5     2 -3.088069E-10 -1.218301E-10
  1.200000E+00     5     3 -3.177413E-10 -4.893562E-11
  1.200000E+00     5     4  1.323516E-09  2.455559E-09
  1.200000E+00     5     5  1.302316E+07  6.318069E+06
  1.200000E+00     5     6 -2.692750E-09 -7.074801E-09
  1.200000E+00     6     1 -1.497428E-11  3.108549E-11
  1.200000E+00     6     2 -1.526443E-11  8.104115E-13
  1.200000E+00     6     3  9.735586E-11 -7.124523E-11
  1.200000E+00     6     4 -1.291926E-09 -2.759895E-10
  1.200000E+00     6     5  2.517524E-09  4.655856E-09
  1.200000E+00     6     6  7.205463E+05  4.268229E+05
  1.300000E+00     1     1  3.516898E+02  5.989246E+02
  1.300000E+00     1     2  7.928271E-13  2.936661E-12
  1.300000E+00     1     3 -2.696097E-12  7.773535E-12
  1.300000E+00     1     4  1.098173E-10  1.094151E-10
  1.300000E+00     1     5 -9.550551E+03  2.317165E+04
  1.300000E+00     1     6  2.068502E-11 -2.344688E-11
  1.300000E+00     2     1  3.137757E-13 -1.101717E-12
  1.300000E+00     2     2  9.110674E+02  7.695364E+02
  1.300000E+00     2     3  3.323992E-11 -8.021982E-12
  1.300000E+00     2     4 -2.236052E+04 -2.025769E+04
  1.300000E+00     2     5 -1.447383E-10  1.326654E-10
  1.300000E+00     2     6  1.543923E-11  5.783089E-11
  1.300000E+00     3     1  4.908609E-12  3.858100E-13
  1.300000E+00     3     2 -6.249781E-12 -1.406389E-12
  1.300000E+00     3     3  2.199594E+04  1.130558E+04
  1.300000E+00     3     4  1.388423E-09 -1.425596E-10
  1.300000E+00     3     5  3.550667E-10 -5.160278E-10
  1.300000E+00     3     6  4.621120E-11 -2.612683E-10
  1.300000E+00     4     1  8.532391E-12 -1.626101E-11
  1.300000E+00     4     2 -2.245589E+04 -2.049978E+04
  1.300000E+00     4     3 -7.080181E-10 -2.455315E-10
  1.300000E+00     4     4  7.852279E+05  5.403521E+05
  1.300000E+00     4     5  5.303087E-09 -4.163519E-09
  1.300000E+00     4     6  6.780483E-10  1.361164E-10
  1.300000E+00     5     1 -7.453360E+03  2.220000E+04
  1.300000E+00     5     2 -6.540387E-10  1.445042E-09
  1.300000E+00     5     3 -1.059458E-09 -6.381076E-10
  1.300000E+00     5     4 -8.770256E-09 -6.351433E-09
  1.300000E+00     5     5  1.266317E+07  5.560420E+06
  1.300000E+00     5     6 -4.034313E-09  7.733019E-10
  1.300000E+00     6     1  1.692991E-12  2.111529E-11
  1.300000E+00     6     2  4.046451E-10  1.670440E-10
  1.300000E+00     6     3 -8.633971E-10  4.996139E-10
  1.300000E+00     6     4 -8.603536E-09  4.069687E-09
  1.300000E+00     6     5  3.921095E-09 -3.079480E-09
  1.300000E+00     6     6  6.687867E+05  4.238266E+05
  1.400000E+00     1     1  2.490707E+02  5.640518E+02
  1.400000E+00     1     2  2.543036E-12 -1.998670E-12
  1.400000E+00     1     3  3.296364E-13  2.852074E-13
  1.400000E+00     1     4  2.700090E-12  5.691979E-11
  1.400000E+00     1     5 -1.042697E+04  1.858068E+04
  1.400000E+00     1     6  2.627863E-11 -3.777921E-11
  1.400000E+00     2     1 -7.686339E-13  1.113893E-13
  1.400000E+00     2     2  8.409213E+02  7.307987E+02
  1.400000E+00     2     3 -8.043261E-12  7.570672E-12
  1.400000E+00     2     4 -2.054923E+04 -1.905927E+04
  1.400000E+00     2     5  8.848842E-10 -2.644697E-10
  1.400000E+00     2     6 -1.580551E-10  5.458743E-11
  1.400000E+00     3     1 -1.379326E-12  2.271756E-12
  1.400000E+00     3     2 -1.476265E-11  1.334802E-11
  1.400000E+00     3     3  2.191788E+04  9.989342E+03
  1.400000E+00     3     4 -3.755601E-10  1.083159E-09
  1.400000E+00     3     5 -2.356416E-10 -1.097874E-09
  1.400000E+00     3     6 -2.492708E-10  9.180585E-10
  1.400000E+00     4     1  7.927245E-12  1.292560E-11
  1.400000E+00     4     2 -2.063269E+04 -1.928534E+04
  1.400000E+00     4     3 -2.004651E-10 -6.621882E-12
  1.400000E+00     4     4  7.382183E+05  5.040257E+05
  1.400000E+00     4     5  8.252654E-09 -6.933323E-09
  1.400000E+00     4     6  1.880590E-09 -1.795149E-09
  1.400000E+00     5     1 -8.430153E+03  1.797225E+04
  1.400000E+00     5     2 -1.621129E-10  6.744280E-10
  1.400000E+00     5     3 -1.733035E-10 -3.289747E-10
  1.400000E+00     5     4  4.292851E-09 -1.691163E-08
  1.400000E+00     5     5  1.247404E+07  4.866802E+06
  1.400000E+00     5     6 -2.231465E-09  3.454531E-09
  1.400000E+00     6     1  2.431767E-11 -7.696797E-12
  1.400000E+00     6     2  1.721860E-10 -2.766385E-11
  1.400000E+00     6     3  4.201599E-11 -1.136165E-10
  1.400000E+00     6     4  5.143314E-09  7.282650E-10
  1.400000E+00     6     5 -1.005510E-08  4.215614E-09
  1.400000E+00     6     6  6.317095E+05  4.139641E+05
  1.500000E+00     1     1  1.794548E+02  5.094526E+02
  1.500000E+00     1     2  9.675304E-13  1.647442E-12
  1.500000E+00     1     3  1.464065E-13  3.339842E-12
  1.500000E+00     1     4 -5.304351E-11 -3.730969E-11
  1.500000E+00     1     5 -1.025359E+04  1.469146E+04
  1.500000E+00     1     6  1.783142E-11  1.500622E-11
  1.500000E+00     2     1  2.996896E-13 -1.324313E-13
  1.500000E+00     2     2  7.848156E+02  6.897207E+02
  1.500000E+00     2     3 -3.455858E-12  7.607812E-12
  1.500000E+00     2     4 -1.913622E+04 -1.782740E+04
  1.500000E+00     2     5  4.734696E-11  7.709912E-11
  1.500000E+00     2     6  1.876842E-11  1.319374E-11
  1.500000E+00     3     1  7.486361E-12  1.657720E-12
  1.500000E+00     3     2 -9.648630E-12 -1.505473E-13
  1.500000E+00     3     3  2.193098E+04  8.853041E+03
  1.500000E+00     3     4 -7.562027E-11 -1.496685E-09
  1.500000E+00     3     5 -1.980480E-11 -1.663660E-09
  1.500000E+00     3     6  1.198439E-09  6.614378E-10
  1.500000E+00     4     1 -4.914821E-11 -9.985217E-12
  1.500000E+00     4     2 -1.921518E+04 -1.803708E+04
  1.500000E+00     4     3  1.065591E-10  3.716772E-11
  1.500000E+00     4     4  7.024746E+05  4.675237E+05
  1.500000E+00     4     5  6.236908E-09  1.054045E-08
  1.500000E+00     4     6 -2.823270E-09 -9.189049E-10
  1.500000E+00     5     1 -8.420570E+03  1.432798E+04
  1.500000E+00     5     2  2.099477E-11  2.759266E-10
  1.500000E+00     5     3 -3.316374E-09 -4.642513E-10
  1.500000E+00     5     4  1.605068E-08  9.840899E-09
  1.500000E+00     5     5  1.239347E+07  4.310492E+06
  1.500000E+00     5     6 -1.558207E-08 -1.381459E-08
  1.500000E+00     6     1 -1.183319E-11  3.873412E-11
  1.500000E+00     6     2  3.261315E-12  1.566401E-12
  1.500000E+00     6     3 -7.544991E-11  6.707605E-11
  1.500000E+00     6     4 -2.965467E-10 -5.767385E-10
  1.500000E+00     6     5 -1.358368E-09 -1.646699E-09
  1.500000E+00     6     6  5.959981E+05  4.147702E+05
  1.600000E+00     1     1  1.402959E+02  4.555862E+02
  1.600000E+00     1     2 -5.928353E-14 -6.075314E-13
  1.600000E+00     1     3  2.498227E-12  4.984475E-12
  1.600000E+00     1     4  3.233720E-11  1.599380E-11
  1.600000E+00     1     5 -9.578314E+03  1.175422E+04
  1.600000E+00     1     6 -4.851821E-12  2.972495E-13
  1.600000E+00     2     1  1.402507E-13 -2.040817E-13
  1.600000E+00     2     2  7.406452E+02  6.523159E+02
  1.600000E+00     2     3  6.677022E-14 -9.838071E-13
  1.600000E+00     2     4 -1.806606E+04 -1.671363E+04
  1.600000E+00     2     5 -4.685007E-11 -3.595388E-11
  1.600000E+00     2     6 -2.331146E-11 -7.941442E-12
  1.600000E+00     3     1  7.311117E-12  8.363816E-12
  1.600000E+00     3     2  9.264645E-12  3.770244E-12
  1.600000E+00     3     3  2.201570E+04  7.890435E+03
  1.600000E+00     3     4  2.061616E-10 -8.489800E-11
  1.600000E+00     3     5  4.303392E-10  8.184920E-10
  1.600000E+00     3     6 -9.249339E-11  1.088643E-10
  1.600000E+00     4     1 -2.454039E-11 -4.571764E-11
  1.600000E+00     4     2 -1.815009E+04 -1.690765E+04
  1.600000E+00     4     3  1.527170E-10  3.283054E-11
  1.600000E+00     4     4  6.766250E+05  4.345607E+05
  1.600000E+00     4     5 -3.823420E-09 -2.247668E-09
  1.600000E+00     4     6  5.644723E-10 -1.339770E-09
  1.600000E+00     5     1 -7.895148E+03  1.149446E+04
  1.600000E+00     5     2  3.010831E-10  1.262395E-10
  1.600000E+00     5     3 -7.246619E-10 -1.091209E-09
  1.600000E+00     5     4 -1.351976E-09 -2.320398E-09
  1.600000E+00     5     5  1.234880E+07  3.826241E+06
  1.600000E+00     5     6  1.564309E-09  6.802816E-09
  1.600000E+00     6     1  1.323160E-11  2.213400E-11
  1.600000E+00     6     2  2.427508E-11  7.910386E-12
  1.600000E+00     6     3  2.362379E-11  6.378885E-11
  1.600000E+00     6     4  1.540090E-10  1.561669E-10
  1.600000E+00     6     5  1.033314E-09 -4.050117E-09
  1.600000E+00     6     6  5.555633E+05  4.078537E+05
  1.700000E+00     1     1  1.186253E+02  4.159422E+02
  1.700000E+00     1     2 -2.073398E-13 -4.201683E-13
  1.700000E+00     1     3  3.067437E-12  9.760431E-14
  1.700000E+00     1     4  2.608697E-13 -1.785480E-11
  1.700000E+00     1     5 -8.906809E+03  9.359127E+03
  1.700000E+00     1     6  6.928486E-11  1.604677E-11
  1.700000E+00     2     1  1.109140E-13  1.957306E-16
  1.700000E+00     2     2  7.035735E+02  6.164095E+02
  1.700000E+00     2     3  6.515088E-13 -2.206797E-12
  1.700000E+00     2     4 -1.719626E+04 -1.567931E+04
  1.700000E+00     2     5  3.677730E-11  9.440164E-11
  1.700000E+00     2     6 -2.015263E-11  2.171304E-13
  1.700000E+00     3     1  1.422139E-12  1.811930E-11
  1.700000E+00     3     2 -8.028620E-12 -3.287491E-12
  1.700000E+00     3     3  2.212417E+04  7.068621E+03
  1.700000E+00     3     4 -1.665804E-10 -2.320874E-10
  1.700000E+00     3     5  4.384882E-10 -4.649598E-10
  1.700000E+00     3     6  2.443160E-10  1.487344E-10
  1.700000E+00     4     1 -1.200178E-11  1.553318E-11
  1.700000E+00     4     2 -1.729302E+04 -1.586062E+04
  1.700000E+00     4     3  1.109850E-11 -8.596695E-11
  1.700000E+00     4     4  6.566631E+05  4.046247E+05
  1.700000E+00     4     5 -1.514876E-09 -2.982370E-10
  1.700000E+00     4     6 -2.217002E-10 -5.994136E-10
  1.700000E+00     5     1 -7.268981E+03  9.172902E+03
  1.700000E+00     5     2  1.695639E-10  1.637774E-10
  1.700000E+00     5     3 -1.081659E-09 -6.937877E-10
  1.700000E+00     5     4 -5.296539E-09 -3.815921E-10
  1.700000E+00     5     5  1.234799E+07  3.418438E+06
  1.700000E+00     5     6 -2.350771E-08  5.761976E-09
  1.700000E+00     6     1  3.036736E-11  5.637040E-12
  1.700000E+00     6     2  1.394876E-11 -9.474403E-12
  1.700000E+00     6     3 -1.871873E-11 -4.382694E-11
  1.700000E+00     6     4 -1.817215E-12  1.036881E-10
  1.700000E+00     6     5 -2.641322E-09 -4.535020E-10
  1.700000E+00     6     6  5.182705E+05  3.955350E+05
  1.800000E+00     1     1  9.707132E+01  3.885234E+02
  1.800000E+00     1     2 -2.800578E-13 -1.954551E-13
  1.800000E+00     1     3  4.351821E-12  1.748004E-12
  1.800000E+00     1     4  5.444546E-12  1.190181E-11
  1.800000E+00     1     5 -8.116768E+03  7.280328E+03
  1.800000E+00     1     6  2.623604E-11 -3.112296E-11
  1.800000E+00     2     1 -2.831634E-13 -4.362309E-13
  1.800000E+00     2     2  6.740249E+02  5.829060E+02
  1.800000E+00     2     3  3.535272E-12  1.222026E-12
  1.800000E+00     2     4 -1.652281E+04 -1.473780E+04
  1.800000E+00     2     5  1.920853E-11 -7.024355E-11
  1.800000E+00     2     6 -7.801246E-12  1.684710E-11
  1.800000E+00     3     1 -8.948541E-13  1.626683E-11
  1.800000E+00     3     2 -4.828973E-12  3.919454E-12
  1.800000E+00     3     3  2.225395E+04  6.371884E+03
  1.800000E+00     3     4  1.642308E-10 -3.427390E-10
  1.800000E+00     3     5  2.761883E-10  2.697428E-11
  1.800000E+00     3     6  3.306053E-10  2.836874E-10
  1.800000E+00     4     1  2.330436E-11  1.598837E-11
  1.800000E+00     4     2 -1.663682E+04 -1.490657E+04
  1.800000E+00     4     3 -4.784386E-12  2.295180E-11
  1.800000E+00     4     4  6.420487E+05  3.778278E+05
  1.800000E+00     4     5  2.064356E-09  1.073166E-09
  1.800000E+00     4     6  9.710741E-10 -5.528624E-10
  1.800000E+00     5     1 -6.492521E+03  7.231902E+03
  1.800000E+00     5     2 -1.386463E-10 -2.351922E-10
  1.800000E+00     5     3 -7.952940E-10  6.308221E-10
  1.800000E+00     5     4  2.817138E-09  2.796373E-09
  1.800000E+00     5     5  1.235239E+07  3.070256E+06
  1.800000E+00     5     6 -8.748163E-09  1.757574E-09
  1.800000E+00     6     1  2.251643E-11 -5.323871E-12
  1.800000E+00     6     2 -1.230569E-11  2.954551E-11
  1.800000E+00     6     3 -9.944992E-12  4.002763E-11
  1.800000E+00     6     4 -1.871163E-11 -5.050343E-10
  1.800000E+00     6     5  4.922381E-10 -4.356268E-10
  1.800000E+00     6     6  4.867299E+05  3.750854E+05
  1.900000E+00     1     1  7.073983E+01  3.603779E+02
  1.900000E+00     1     2 -6.201201E-13  4.193716E-13
  1.900000E+00     1     3  1.642858E-12  7.864386E-13
  1.900000E+00     1     4  1.853949E-11 -6.825764E-12
  1.900000E+00     1     5 -7.124337E+03  5.450167E+03
  1.900000E+00     1     6  1.090329E-11 -1.135386E-11
  1.900000E+00     2     1  7.288158E-13 -1.991271E-13
  1.900000E+00     2     2  6.502582E+02  5.511877E+02
  1.900000E+00     2     3 -4.225379E-12 -6.588057E-12
  1.900000E+00     2     4 -1.599102E+04 -1.386760E+04
  1.900000E+00     2     5  1.737002E-11 -1.355439E-11
  1.900000E+00     2     6  1.277019E-11  1.366647E-11
  1.900000E+00     3     1 -1.660748E-11 -1.477030E-11
  1.900000E+00     3     2 -1.866749E-11  2.972495E-13
  1.900000E+00     3     3  2.237898E+04  5.779199E+03
  1.900000E+00     3     4  1.072824E-09  1.879682E-10
  1.900000E+00     3     5 -8.353935E-10  7.140339E-10
  1.900000E+00     3     6 -2.830738E-10 -1.698707E-10
  1.900000E+00     4     1 -2.974979E-11  7.328729E-12
  1.900000E+00     4     2 -1.612184E+04 -1.401970E+04
  1.900000E+00     4     3  1.701154E-10  1.774923E-10
  1.900000E+00     4     4  6.309684E+05  3.534267E+05
  1.900000E+00     4     5  1.703639E-10 -4.849094E-10
  1.900000E+00     4     6  6.153544E-10 -1.068809E-09
  1.900000E+00     5     1 -5.576187E+03  5.610123E+03
  1.900000E+00     5     2  4.278267E-10 -1.023729E-10
  1.900000E+00     5     3 -7.839182E-10 -7.576148E-10
  1.900000E+00     5     4 -1.381914E-08 -2.719949E-09
  1.900000E+00     5     5  1.236575E+07  2.779467E+06
  1.900000E+00     5     6  2.220459E-09  6.149850E-09
  1.900000E+00     6     1 -3.608520E-11 -4.311402E-12
  1.900000E+00     6     2 -3.105592E-14  1.152571E-11
  1.900000E+00     6     3 -8.674361E-11 -6.052401E-11
  1.900000E+00     6     4 -4.782114E-10  2.302005E-10
  1.900000E+00     6     5 -2.144768E-09  2.365009E-09
  1.900000E+00     6     6  4.658577E+05  3.538194E+05
  2.000000E+00     1     1  4.857660E+01  3.251013E+02
  2.000000E+00     1     2 -8.450537E-13  4.995566E-13
  2.000000E+00     1     3  1.703639E-12  2.453417E-13
  2.000000E+00     1     4  3.059451E-12 -3.467615E-12
  2.000000E+00     1     5 -5.979545E+03  4.096380E+03
  2.000000E+00     1     6  1.453062E-11 -1.366460E-12
  2.000000E+00     2     1 -3.134429E-13 -1.697539E-13
  2.000000E+00     2     2  6.323878E+02  5.223465E+02
  2.000000E+00     2     3 -4.789710E-12  2.320321E-12
  2.000000E+00     2     4 -1.559898E+04 -1.308634E+04
  2.000000E+00     2     5 -3.343391E-11 -7.153863E-11
  2.000000E+00     2     6 -1.575156E-11  8.291042E-12
  2.000000E+00     3     1  2.223171E-11 -1.388529E-11
  2.000000E+00     3     2 -4.033498E-12  1.579859E-11
  2.000000E+00     3     3  2.248815E+04  5.272713E+03
  2.000000E+00     3     4  2.567810E-10 -1.979486E-10
  2.000000E+00     3     5  2.900190E-09  4.744918E-10
  2.000000E+00     3     6  1.896008E-10  3.796701E-10
  2.000000E+00     4     1  1.496806E-11  3.289265E-12
  2.000000E+00     4     2 -1.574133E+04 -1.321221E+04
  2.000000E+00     4     3  5.618459E-11 -1.049087E-10
  2.000000E+00     4     4  6.230696E+05  3.314968E+05
  2.000000E+00     4     5 -3.766178E-10  1.928973E-09
  2.000000E+00     4     6  3.897926E-10 -1.419699E-11
  2.000000E+00     5     1 -4.609779E+03  4.421241E+03
  2.000000E+00     5     2  4.352162E-10 -1.358509E-10
  2.000000E+00     5     3 -1.057460E-09  3.400959E-10
  2.000000E+00     5     4  2.288471E-09  3.678987E-09
  2.000000E+00     5     5  1.237225E+07  2.530502E+06
  2.000000E+00     5     6 -8.862289E-09 -1.447383E-10
  2.000000E+00     6     1  2.106124E-11 -4.239931E-11
  2.000000E+00     6     2 -7.919259E-12  1.224490E-12
  2.000000E+00     6     3 -2.842592E-11 -7.539312E-11
  2.000000E+00     6     4  4.452176E-11 -9.892463E-11
  2.000000E+00     6     5  1.527596E-10  3.758227E-09
  2.000000E+00     6     6  4.521977E+05  3.353075E+05
  2.100000E+00     1     1  3.684753E+01  2.880502E+02
  2.100000E+00     1     2  5.645522E-14  4.346772E-13
  2.100000E+00     1     3  2.123781E-12 -1.528712E-12
  2.100000E+00     1     4 -6.303464E-12 -1.443699E-11
  2.100000E+00     1     5 -4.914607E+03  3.174345E+03
  2.100000E+00     1     6  1.661048E-11  8.136228E-12
  2.100000E+00     2     1 -4.287103E-13  2.393646E-13
  2.100000E+00     2     2  6.188344E+02  4.964416E+02
  2.100000E+00     2     3  6.994902E-12 -5.213591E-12
  2.100000E+00     2     4 -1.530626E+04 -1.238874E+04
  2.100000E+00     2     5 -3.646497E-11 -7.029538E-11
  2.100000E+00     2     6 -2.351731E-11  1.544092E-11
  2.100000E+00     3     1 -9.584078E-13 -1.533326E-11
  2.100000E+00     3     2 -3.664731E-11 -3.336145E-11
  2.100000E+00     3     3  2.256629E+04  4.831177E+03
  2.100000E+00     3     4  1.460764E-09  8.620953E-10
  2.100000E+00     3     5  2.179948E-10 -1.266128E-09
  2.100000E+00     3     6  7.694911E-10  3.620638E-10
  2.100000E+00     4     1 -5.022185E-12 -3.584896E-11
  2.100000E+00     4     2 -1.544992E+04 -1.247435E+04
  2.100000E+00     4     3  9.675604E-11  3.709876E-10
  2.100000E+00     4     4  6.171276E+05  3.116393E+05
  2.100000E+00     4     5 -9.665311E-10 -3.651736E-10
  2.100000E+00     4     6 -1.712725E-10 -2.314785E-10
  2.100000E+00     5     1 -3.738025E+03  3.570319E+03
  2.100000E+00     5     2  6.108824E-10 -1.290250E-10
  2.100000E+00     5     3 -1.449406E-09 -1.561246E-09
  2.100000E+00     5     4 -8.154463E-09  9.909246E-11
  2.100000E+00     5     5  1.237754E+07  2.320210E+06
  2.100000E+00     5     6 -7.583111E-09 -2.218149E-09
  2.100000E+00     6     1  4.839577E-11  3.540121E-11
  2.100000E+00     6     2 -3.438334E-12 -2.981368E-12
  2.100000E+00     6     3  1.047170E-10  2.833990E-11
  2.100000E+00     6     4  3.455264E-10  1.726895E-10
  2.100000E+00     6     5 -1.287951E-10  1.013530E-09
  2.100000E+00     6     6  4.408340E+05  3.225753E+05
  2.200000E+00     1     1  3.424406E+01  2.564580E+02
  2.200000E+00     1     2  9.000670E-14 -1.717150E-13
  2.200000E+00     1     3  1.553239E-12  1.950473E-12
  2.200000E+00     1     4 -9.925471E-12  2.142455E-12
  2.200000E+00     1     5 -4.087817E+03  2.520606E+03
  2.200000E+00     1     6  1.962734E-12 -4.488185E-12
  2.200000E+00     2     1 -2.589842E-13 -1.390710E-13
  2.200000E+00     2     2  6.081324E+02  4.737852E+02
  2.200000E+00     2     3 -3.903951E-12 -7.937005E-12
  2.200000E+00     2     4 -1.508005E+04 -1.177959E+04
  2.200000E+00     2     5 -1.471518E-11  4.503027E-11
  2.200000E+00     2     6  1.321030E-11  2.576108E-11
  2.200000E+00     3     1 -6.000996E-11 -1.210902E-11
  2.200000E+00     3     2 -6.674582E-11 -4.315199E-11
  2.200000E+00     3     3  2.261432E+04  4.445731E+03
  2.200000E+00     3     4  1.619742E-09  1.073996E-09
  2.200000E+00     3     5 -1.316217E-09  8.175918E-10
  2.200000E+00     3     6 -3.144066E-10  1.129048E-10
  2.200000E+00     4     1 -1.172139E-11  8.018476E-12
  2.200000E+00     4     2 -1.521363E+04 -1.180983E+04
  2.200000E+00     4     3  3.689620E-10  1.995710E-10
  2.200000E+00     4     4  6.123333E+05  2.938713E+05
  2.200000E+00     4     5  1.140984E-09  3.626169E-10
  2.200000E+00     4     6 -2.439611E-10  4.842464E-10
  2.200000E+00     5     1 -3.024604E+03  2.914923E+03
  2.200000E+00     5     2  1.313531E-10 -1.149309E-10
  2.200000E+00     5     3 -3.158285E-09 -6.365028E-10
  2.200000E+00     5     4 -7.187020E-09 -3.269379E-09
  2.200000E+00     5     5  1.238692E+07  2.139438E+06
  2.200000E+00     5     6 -8.406091E-10  1.217218E-08
  2.200000E+00     6     1 -3.872939E-11 -1.741713E-11
  2.200000E+00     6     2  6.013313E-12  2.566429E-11
  2.200000E+00     6     3 -1.095582E-10 -1.845609E-12
  2.200000E+00     6     4  3.055192E-11 -3.202325E-10
  2.200000E+00     6     5  1.207766E-09 -4.749539E-11
  2.200000E+00     6     6  4.291225E+05  3.105322E+05
  2.300000E+00     1     1  3.366099E+01  2.327084E+02
  2.300000E+00     1     2 -2.947539E-13  3.286912E-13
  2.300000E+00     1     3  1.366017E-12 -2.420818E-12
  2.300000E+00     1     4  4.347828E-13 -1.358899E-11
  2.300000E+00     1     5 -3.419947E+03  1.912305E+03
  2.300000E+00     1     6  1.442769E-11 -6.323833E-12
  2.300000E+00     2     1  3.116683E-14 -1.997055E-13
  2.300000E+00     2     2  5.996826E+02  4.536045E+02
  2.300000E+00     2     3 -2.976710E-12  3.842061E-12
  2.300000E+00     2     4 -1.490801E+04 -1.124077E+04
  2.300000E+00     2     5  4.229993E-11  4.617108E-11
  2.300000E+00     2     6 -2.338244E-11  3.247407E-11
  2.300000E+00     3     1  1.925922E-11 -1.504888E-11
  2.300000E+00     3     2 -2.356523E-11  4.170173E-12
  2.300000E+00     3     3  2.264762E+04  4.109283E+03
  2.300000E+00     3     4 -5.928912E-10 -5.709968E-10
  2.300000E+00     3     5  6.940199E-10  2.171399E-09
  2.300000E+00     3     6  1.133204E-10 -3.220742E-10
  2.300000E+00     4     1 -1.167702E-12  1.826869E-11
  2.300000E+00     4     2 -1.502121E+04 -1.120250E+04
  2.300000E+00     4     3 -1.472938E-10 -2.529472E-10
  2.300000E+00     4     4  6.084841E+05  2.777997E+05
  2.300000E+00     4     5 -2.292416E-09  1.117982E-09
  2.300000E+00     4     6  3.037020E-10 -1.743934E-09
  2.300000E+00     5     1 -2.378264E+03  2.335940E+03
  2.300000E+00     5     2  5.523067E-10  8.093968E-11
  2.300000E+00     5     3 -1.434143E-09  1.488784E-09
  2.300000E+00     5     4 -1.545272E-08  4.421694E-09
  2.300000E+00     5     5  1.240539E+07  1.989369E+06
  2.300000E+00     5     6 -5.329449E-09  1.252032E-08
  2.300000E+00     6     1  1.508430E-11  3.808497E-12
  2.300000E+00     6     2 -2.050578E-12  4.657230E-12
  2.300000E+00     6     3  1.714287E-11  1.057984E-11
  2.300000E+00     6     4  3.648627E-11  2.401390E-10
  2.300000E+00     6     5  3.972886E-10 -1.501177E-10
  2.300000E+00     6     6  4.185905E+05  2.974398E+05
  2.400000E+00     1     1  3.111497E+01  2.116293E+02
  2.400000E+00     1     2 -1.692547E-13 -1.534310E-14
  2.400000E+00     1     3  1.594943E-12  7.754736E-13
  2.400000E+00     1     4 -3.897074E-12  4.631768E-12
  2.400000E+00     1     5 -2.743894E+03  1.350773E+03
  2.400000E+00     1     6  1.111624E-11  6.696247E-12
  2.400000E+00     2     1  1.095692E-12 -5.212264E-13
  2.400000E+00     2     2  5.931125E+02  4.360108E+02
  2.400000E+00     2     3 -3.573649E-12 -5.186338E-12
  2.400000E+00     2     4 -1.478192E+04 -1.077544E+04
  2.400000E+00     2     5 -1.137889E-11  4.509911E-11
  2.400000E+00     2     6 -4.812780E-12  1.021592E-11
  2.400000E+00     3     1  1.230313E-12 -2.006018E-12
  2.400000E+00     3     2 -2.943879E-11 -3.790116E-12
  2.400000E+00     3     3  2.268642E+04  3.816110E+03
  2.400000E+00     3     4  5.158796E-10 -1.748596E-11
  2.400000E+00     3     5  1.666542E-09 -1.326023E-09
  2.400000E+00     3     6  6.354360E-10 -4.102220E-10
  2.400000E+00     4     1 -7.083411E-12  2.569988E-11
  2.400000E+00     4     2 -1.486594E+04 -1.065743E+04
  2.400000E+00     4     3  2.958972E-10  1.429578E-10
  2.400000E+00     4     4  6.055226E+05  2.635379E+05
  2.400000E+00     4     5  8.631770E-12 -1.389791E-09
  2.400000E+00     4     6  5.787829E-10 -1.296469E-09
  2.400000E+00     5     1 -1.722785E+03  1.861628E+03
  2.400000E+00     5     2  8.416826E-10  2.485575E-10
  2.400000E+00     5     3 -3.807740E-09 -2.217680E-09
  2.400000E+00     5     4 -1.311596E-08 -9.743457E-09
  2.400000E+00     5     5  1.243960E+07  1.865460E+06
  2.400000E+00     5     6  5.144585E-09 -5.343620E-09
  2.400000E+00     6     1  7.211184E-12  8.843542E-12
  2.400000E+00     6     2 -7.458744E-12 -1.681456E-12
  2.400000E+00     6     3  8.547298E-11  3.322392E-11
  2.400000E+00     6     4  4.883765E-10 -1.255014E-10
  2.400000E+00     6     5 -1.013552E-09  1.972435E-09
  2.400000E+00     6     6  4.118130E+05  2.850488E+05
  2.500000E+00     1     1  2.962785E+01  1.899281E+02
  2.500000E+00     1     2  1.827863E-13  1.537712E-13
  2.500000E+00     1     3  8.924139E-13  1.969832E-14
  2.500000E+00     1     4 -1.042414E-11 -3.748005E-12
  2.500000E+00     1     5 -2.069260E+03  9.612160E+02
  2.500000E+00     1     6 -9.717840E-12 -5.812958E-12
  2.500000E+00     2     1  1.979066E-12 -1.161236E-12
  2.500000E+00     2     2  5.885479E+02  4.215798E+02
  2.500000E+00     2     3  2.216505E-12 -3.337003E-12
  2.500000E+00     2     4 -1.470513E+04 -1.039657E+04
  2.500000E+00     2     5  5.288379E-11 -5.890047E-11
  2.500000E+00     2     6 -4.926356E-12 -2.100587E-11
  2.500000E+00     3     1 -4.233448E-11 -1.241682E-13
  2.500000E+00     3     2  1.855702E-11 -3.656311E-11
  2.500000E+00     3     3  2.274895E+04  3.559855E+03
  2.500000E+00     3     4 -2.680569E-10  5.866480E-10
  2.500000E+00     3     5 -9.725364E-10 -6.834772E-10
  2.500000E+00     3     6  1.493594E-10  4.843559E-10
  2.500000E+00     4     1 -5.999293E-11  8.902879E-11
  2.500000E+00     4     2 -1.475238E+04 -1.019004E+04
  2.500000E+00     4     3 -1.110027E-10  2.824974E-10
  2.500000E+00     4     4  6.036632E+05  2.514209E+05
  2.500000E+00     4     5 -2.832584E-09  5.109281E-09
  2.500000E+00     4     6  1.010031E-09  1.273322E-09
  2.500000E+00     5     1 -1.105004E+03  1.534440E+03
  2.500000E+00     5     2  1.548930E-10  2.371435E-10
  2.500000E+00     5     3  3.034793E-10 -4.710530E-10
  2.500000E+00     5     4 -3.487116E-09 -1.693071E-09
  2.500000E+00     5     5  1.249328E+07  1.759762E+06
  2.500000E+00     5     6  4.366707E-09  2.341200E-09
  2.500000E+00     6     1  1.612246E-11 -5.451644E-13
  2.500000E+00     6     2  1.075777E-11 -1.691146E-11
  2.500000E+00     6     3 -2.501155E-11  1.241555E-10
  2.500000E+00     6     4 -1.487845E-11  6.927223E-10
  2.500000E+00     6     5 -1.058755E-09 -7.808572E-10
  2.500000E+00     6     6  4.078004E+05  2.757803E+05
  2.600000E+00     1     1  3.162854E+01  1.694590E+02
  2.600000E+00     1     2 -2.574314E-13  1.355710E-13
  2.600000E+00     1     3  1.458297E-12  9.896940E-14
  2.600000E+00     1     4 -4.069212E-12  3.822267E-14
  2.600000E+00     1     5 -1.501937E+03  7.328789E+02
  2.600000E+00     1     6  5.110917E-12  6.598188E-12
  2.600000E+00     2     1  7.768138E-13  2.605626E-13
  2.600000E+00     2     2  5.856974E+02  4.093955E+02
  2.600000E+00     2     3  2.524513E-12 -9.744391E-12
  2.600000E+00     2     4 -1.467354E+04 -1.008053E+04
  2.600000E+00     2     5 -3.321386E-11 -1.578050E-11
  2.600000E+00     2     6 -1.804437E-11  5.165520E-12
  2.600000E+00     3     1  9.877140E-12 -2.167605E-11
  2.600000E+00     3     2 -3.610250E-11  3.930160E-11
  2.600000E+00     3     3  2.284508E+04  3.341278E+03
  2.600000E+00     3     4  9.290511E-10 -3.040395E-10
  2.600000E+00     3     5 -4.204297E-09  1.219019E-09
  2.600000E+00     3     6  3.055476E-10 -1.840913E-10
  2.600000E+00     4     1 -4.229195E-11  2.592226E-11
  2.600000E+00     4     2 -1.467803E+04 -9.785574E+03
  2.600000E+00     4     3 -2.255050E-10  2.595974E-10
  2.600000E+00     4     4  6.029685E+05  2.410504E+05
  2.600000E+00     4     5 -1.884452E-09 -3.267142E-09
  2.600000E+00     4     6  2.035508E-09  4.308896E-10
  2.600000E+00     5     1 -5.694964E+02  1.299754E+03
  2.600000E+00     5     2  4.344875E-10 -2.412397E-10
  2.600000E+00     5     3 -1.205158E-09  3.591036E-10
  2.600000E+00     5     4 -1.833117E-09  2.398498E-09
  2.600000E+00     5     5  1.256849E+07  1.671422E+06
  2.600000E+00     5     6 -8.171727E-09 -1.027390E-08
  2.600000E+00     6     1  1.499735E-11 -4.096924E-11
  2.600000E+00     6     2 -9.866908E-13  1.891749E-11
  2.600000E+00     6     3 -3.267437E-11 -5.853801E-11
  2.600000E+00     6     4  5.406498E-10 -5.840205E-10
  2.600000E+00     6     5  2.898571E-09 -6.650307E-10
  2.600000E+00     6     6  4.038902E+05  2.688016E+05
  2.700000E+00     1     1  3.548305E+01  1.527918E+02
  2.700000E+00     1     2 -3.652398E-13  2.007954E-13
  2.700000E+00     1     3  1.790152E-12  7.665389E-13
  2.700000E+00     1     4 -1.114464E-12 -4.665289E-12
  2.700000E+00     1     5 -1.065879E+03  5.399606E+02
  2.700000E+00     1     6  6.409941E-12 -2.439450E-12
  2.700000E+00     2     1 -1.034273E-13  3.773643E-14
  2.700000E+00     2     2  5.832736E+02  3.977249E+02
  2.700000E+00     2     3 -1.512201E-12 -2.332973E-12
  2.700000E+00     2     4 -1.466005E+04 -9.783715E+03
  2.700000E+00     2     5  1.203408E-10  9.161791E-11
  2.700000E+00     2     6  3.566994E-12 -2.168459E-11
  2.700000E+00     3     1 -1.089223E-11 -1.007674E-12
  2.700000E+00     3     2  2.196718E-11 -3.288641E-11
  2.700000E+00     3     3  2.298378E+04  3.161135E+03
  2.700000E+00     3     4 -7.393083E-12  2.720827E-10
  2.700000E+00     3     5  8.186837E-10 -1.670218E-09
  2.700000E+00     3     6  2.988325E-10  1.058664E-09
  2.700000E+00     4     1  1.058253E-11 -1.780777E-11
  2.700000E+00     4     2 -1.462160E+04 -9.417020E+03
  2.700000E+00     4     3 -9.181194E-11  3.310949E-10
  2.700000E+00     4     4  6.030126E+05  2.317320E+05
  2.700000E+00     4     5 -3.565943E-09  1.995571E-10
  2.700000E+00     4     6  8.910031E-10  2.840239E-10
  2.700000E+00     5     1 -8.420946E+01  1.094107E+03
  2.700000E+00     5     2  4.839832E-11 -3.929074E-10
  2.700000E+00     5     3  5.948854E-10 -3.442867E-09
  2.700000E+00     5     4  7.113430E-09  9.775007E-09
  2.700000E+00     5     5  1.266647E+07  1.602786E+06
  2.700000E+00     5     6  8.780988E-09 -5.191091E-09
  2.700000E+00     6     1 -1.424668E-11 -8.881006E-12
  2.700000E+00     6     2 -1.931146E-11 -9.680244E-12
  2.700000E+00     6     3 -1.406922E-11 -5.281806E-11
  2.700000E+00     6     4  8.023855E-10  1.787138E-10
  2.700000E+00     6     5  1.473080E-09  1.331446E-09
  2.700000E+00     6     6  3.999876E+05  2.614724E+05
  2.800000E+00     1     1  3.857329E+01  1.385430E+02
  2.800000E+00     1     2  1.730258E-14 -3.114306E-13
  2.800000E+00     1     3  4.234696E-13 -1.579732E-13
  2.800000E+00     1     4 -1.597161E-13  8.918752E-12
  2.800000E+00     1     5 -6.568206E+02  3.429113E+02
  2.800000E+00     1     6 -1.710737E-12 -1.673502E-11
  2.800000E+00     2     1  5.883294E-13 -7.728328E-14
  2.800000E+00     2     2  5.799769E+02  3.883604E+02
  2.800000E+00     2     3  1.140728E-11  8.507737E-12
  2.800000E+00     2     4 -1.463175E+04 -9.546896E+03
  2.800000E+00     2     5 -9.964158E-11 -9.993667E-11
  2.800000E+00     2     6  3.499203E-11 -6.611741E-11
  2.800000E+00     3     1  1.958647E-11 -6.370840E-12
  2.800000E+00     3     2 -9.941221E-13 -4.842774E-11
  2.800000E+00     3     3  2.316343E+04  2.991779E+03
  2.800000E+00     3     4  8.859135E-10  8.583196E-10
  2.800000E+00     3     5 -1.658152E-09 -3.248129E-09
  2.800000E+00     3     6 -4.635175E-10  1.135840E-09
  2.800000E+00     4     1 -4.198760E-12  2.649735E-11
  2.800000E+00     4     2 -1.455833E+04 -9.125266E+03
  2.800000E+00     4     3 -7.823358E-10 -1.999443E-10
  2.800000E+00     4     4  6.031371E+05  2.243856E+05
  2.800000E+00     4     5  1.317765E-08 -2.185201E-09
  2.800000E+00     4     6 -2.496512E-09  4.732871E-09
  2.800000E+00     5     1  3.846337E+02  9.348245E+02
  2.800000E+00     5     2 -2.844234E-10  7.183575E-10
  2.800000E+00     5     3  1.140992E-09  1.266584E-09
  2.800000E+00     5     4  1.333637E-09 -1.145685E-08
  2.800000E+00     5     5  1.278499E+07  1.543897E+06
  2.800000E+00     5     6  4.924196E-08 -1.021347E-08
  2.800000E+00     6     1 -2.876310E-11 -5.157057E-11
  2.800000E+00     6     2  1.596097E-11 -1.063773E-10
  2.800000E+00     6     3  5.862292E-11 -1.588770E-10
  2.800000E+00     6     4 -6.893775E-10  1.622533E-09
  2.800000E+00     6     5  2.823157E-09 -3.985298E-09
  2.800000E+00     6     6  3.966056E+05  2.550578E+05
  2.900000E+00     1     1  4.178647E+01  1.248025E+02
  2.900000E+00     1     2 -4.768192E-13 -1.758560E-13
  2.900000E+00     1     3  4.028396E-13 -5.411073E-13
  2.900000E+00     1     4  3.464066E-12  8.765418E-12
  2.900000E+00     1     5 -2.500954E+02  2.058058E+02
  2.900000E+00     1     6 -4.543037E-13 -7.559897E-12
  2.900000E+00     2     1 -7.569880E-13 -7.557641E-13
  2.900000E+00     2     2  5.776436E+02  3.846747E+02
  2.900000E+00     2     3 -4.282944E-12  3.634919E-13
  2.900000E+00     2     4 -1.462617E+04 -9.449260E+03
  2.900000E+00     2     5  6.813136E-11  7.002543E-11
  2.900000E+00     2     6  4.883765E-12  1.991495E-11
  2.900000E+00     3     1 -8.224355E-12 -2.603907E-12
  2.900000E+00     3     2 -3.610062E-11 -3.322631E-11
  2.900000E+00     3     3  2.334595E+04  2.812293E+03
  2.900000E+00     3     4  4.014980E-10  1.285772E-09
  2.900000E+00     3     5 -5.021547E-10  1.884675E-09
  2.900000E+00     3     6  5.712372E-10  5.645507E-10
  2.900000E+00     4     1  4.165619E-11 -1.386869E-11
  2.900000E+00     4     2 -1.452353E+04 -8.963455E+03
  2.900000E+00     4     3 -3.616683E-12 -4.704589E-11
  2.900000E+00     4     4  6.040279E+05  2.202279E+05
  2.900000E+00     4     5 -2.430752E-09 -3.581166E-09
  2.900000E+00     4     6  1.097030E-09 -1.631264E-09
  2.900000E+00     5     1  8.118470E+02  8.241150E+02
  2.900000E+00     5     2 -9.880208E-10  7.208663E-10
  2.900000E+00     5     3  9.608198E-10  4.014519E-09
  2.900000E+00     5     4 -1.098034E-08 -1.060243E-08
  2.900000E+00     5     5  1.290972E+07  1.482206E+06
  2.900000E+00     5     6  2.075842E-08  4.225357E-08
  2.900000E+00     6     1  2.849513E-11  2.637458E-11
  2.900000E+00     6     2 -2.787224E-11  1.680875E-11
  2.900000E+00     6     3  7.113047E-11  1.453013E-10
  2.900000E+00     6     4  9.219526E-10 -6.252550E-11
  2.900000E+00     6     5 -3.943015E-09 -1.572047E-10
  2.900000E+00     6     6  3.940089E+05  2.528172E+05
  3.000000E+00     1     1  4.634539E+01  1.122670E+02
  3.000000E+00     1     2 -1.793479E-13  1.220313E-12
  3.000000E+00     1     3 -1.572539E-12  1.551613E-12
  3.000000E+00     1     4 -5.128663E-12 -3.189591E-11
  3.000000E+00     1     5  1.034608E+02  1.246329E+02
  3.000000E+00     1     6  3.854838E-11 -5.371905E-11
  3.000000E+00     2     1 -4.880354E-13  1.654421E-13
  3.000000E+00     2     2  5.791669E+02  3.810834E+02
  3.000000E+00     2     3  8.239689E-12  1.557854E-11
  3.000000E+00     2     4 -1.470897E+04 -9.353465E+03
  3.000000E+00     2     5  1.110205E-11  5.999837E-10
  3.000000E+00     2     6 -4.670100E-11 -2.525550E-10
  3.000000E+00     3     1  8.648726E-11 -4.362539E-11
  3.000000E+00     3     2  5.318326E-12  8.222394E-11
  3.000000E+00     3     3  2.350755E+04  2.682053E+03
  3.000000E+00     3     4 -2.687909E-09 -2.491676E-09
  3.000000E+00     3     5  6.002346E-10  4.373998E-10
  3.000000E+00     3     6  1.525772E-09  3.612396E-09
  3.000000E+00     4     1  1.568650E-10 -1.083582E-10
  3.000000E+00     4     2 -1.457254E+04 -8.806026E+03
  3.000000E+00     4     3 -2.214305E-10 -4.444037E-10
  3.000000E+00     4     4  6.069112E+05  2.161733E+05
  3.000000E+00     4     5 -8.506042E-09 -4.997341E-09
  3.000000E+00     4     6  1.074326E-08  6.331328E-09
  3.000000E+00     5     1  1.210933E+03  7.174880E+02
  3.000000E+00     5     2  1.414074E-09 -3.092377E-09
  3.000000E+00     5     3  2.256550E-09 -9.683131E-09
  3.000000E+00     5     4 -4.983472E-08 -5.948625E-09
  3.000000E+00     5     5  1.302448E+07  1.439901E+06
  3.000000E+00     5     6 -2.431693E-08  2.123602E-08
  3.000000E+00     6     1 -4.388290E-11 -1.379474E-11
  3.000000E+00     6     2  1.045679E-10 -3.369478E-11
  3.000000E+00     6     3  3.105734E-10 -4.883528E-11
  3.000000E+00     6     4 -2.817279E-09 -7.987227E-11
  3.000000E+00     6     5 -4.104066E-09  7.433771E-09
  3.000000E+00     6     6  3.932196E+05  2.511566E+05
  3.100000E+00     1     1  5.127145E+01  1.017211E+02
  3.100000E+00     1     2 -5.461848E-12 -5.126838E-12
  3.100000E+00     1     3 -2.108475E-11 -1.692841E-11
  3.100000E+00     1     4  1.197960E-10  1.228795E-10
  3.100000E+00     1     5  4.200096E+02  3.275687E+01
  3.100000E+00     1     6  3.526887E-11 -5.610101E-14
  3.100000E+00     2     1  1.766180E-12  3.310523E-12
  3.100000E+00     2     2  5.787751E+02  3.714041E+02
  3.100000E+00     2     3 -2.076055E-11  7.437105E-12
  3.100000E+00     2     4 -1.474073E+04 -9.110982E+03
  3.100000E+00     2     5 -1.142503E-10  5.294745E-10
  3.100000E+00     2     6  1.713399E-10 -1.433392E-10
  3.100000E+00     3     1 -9.325565E-12 -1.181040E-10
  3.100000E+00     3     2 -1.629759E-10 -3.895477E-10
  3.100000E+00     3     3  2.370570E+04  2.609117E+03
  3.100000E+00     3     4  4.167537E-09  8.477788E-09
  3.100000E+00     3     5  1.012934E-09  8.268272E-09
  3.100000E+00     3     6  2.179792E-09 -4.305608E-09
  3.100000E+00     4     1 -2.828662E-10 -1.239539E-10
  3.100000E+00     4     2 -1.457941E+04 -8.562031E+03
  3.100000E+00     4     3  4.935566E-10 -1.555688E-09
  3.100000E+00     4     4  6.087010E+05  2.100658E+05
  3.100000E+00     4     5 -1.835296E-08 -9.206831E-09
  3.100000E+00     4     6 -3.442259E-09  2.736227E-09
  3.100000E+00     5     1  1.637505E+03  6.261675E+02
  3.100000E+00     5     2  3.868082E-10  7.435958E-09
  3.100000E+00     5     3 -8.649572E-12  1.743627E-08
  3.100000E+00     5     4  9.495843E-09 -1.799275E-07
  3.100000E+00     5     5  1.314694E+07  1.431789E+06
  3.100000E+00     5     6  1.686184E-07  6.853357E-08
  3.100000E+00     6     1 -4.291040E-12 -9.260102E-12
  3.100000E+00     6     2  1.984358E-10  2.524036E-10
  3.100000E+00     6     3  4.710916E-10  9.161158E-10
  3.100000E+00     6     4 -3.962664E-09 -5.496782E-09
  3.100000E+00     6     5  6.381377E-09 -9.155502E-09
  3.100000E+00     6     6  3.919065E+05  2.456746E+05
  3.200000E+00     1     1  5.542378E+01  9.013340E+01
  3.200000E+00     1     2 -9.230262E-13 -1.362856E-13
  3.200000E+00     1     3  4.256879E-13  7.171283E-13
  3.200000E+00     1     4  1.373204E-11  5.859586E-12
  3.200000E+00     1     5  7.806386E+02 -1.134935E+02
  3.200000E+00     1     6  2.174979E-11  2.346940E-12
  3.200000E+00     2     1 -2.259179E-14  5.512339E-14
  3.200000E+00     2     2  5.684962E+02  3.700297E+02
  3.200000E+00     2     3  3.847207E-11  2.416760E-11
  3.200000E+00     2     4 -1.453194E+04 -9.074841E+03
  3.200000E+00     2     5  3.654802E-10  1.951731E-10
  3.200000E+00     2     6 -9.895302E-11 -1.392947E-10
  3.200000E+00     3     1 -1.269111E-11  5.610236E-11
  3.200000E+00     3     2 -5.446343E-11  1.322329E-10
  3.200000E+00     3     3  2.391979E+04  2.434424E+03
  3.200000E+00     3     4  1.086474E-09 -2.151785E-09
  3.200000E+00     3     5 -5.926924E-09 -4.934306E-09
  3.200000E+00     3     6 -9.276917E-10  2.764092E-09
  3.200000E+00     4     1  3.761027E-11  6.902774E-11
  3.200000E+00     4     2 -1.435105E+04 -8.572622E+03
  3.200000E+00     4     3 -2.151907E-09 -2.722362E-10
  3.200000E+00     4     4  6.047234E+05  2.102706E+05
  3.200000E+00     4     5 -1.637458E-08  3.461226E-10
  3.200000E+00     4     6 -1.381197E-09  7.140376E-09
  3.200000E+00     5     1  2.161825E+03  4.822355E+02
  3.200000E+00     5     2  2.229545E-09 -1.060511E-09
  3.200000E+00     5     3  6.886337E-09 -3.276735E-09
  3.200000E+00     5     4 -4.463080E-08  2.054951E-08
  3.200000E+00     5     5  1.328322E+07  1.389330E+06
  3.200000E+00     5     6 -4.415062E-08 -5.722583E-08
  3.200000E+00     6     1  6.979595E-12 -6.167483E-11
  3.200000E+00     6     2  8.524938E-11 -1.359584E-11
  3.200000E+00     6     3  1.681385E-10 -7.841231E-11
  3.200000E+00     6     4 -1.918099E-09  3.895743E-10
  3.200000E+00     6     5  8.439827E-09 -2.147863E-09
  3.200000E+00     6     6  3.852223E+05  2.453656E+05
  3.300000E+00     1     1  5.816134E+01  8.137827E+01
  3.300000E+00     1     2 -7.834687E-13 -4.001621E-13
  3.300000E+00     1     3  1.256212E-12  1.703975E-12
  3.300000E+00     1     4  7.963624E-12  1.123354E-11
  3.300000E+00     1     5  1.060341E+03 -1.827591E+02
  3.300000E+00     1     6 -1.331678E-11 -1.850986E-11
  3.300000E+00     2     1 -5.249282E-13 -1.248224E-12
  3.300000E+00     2     2  5.723160E+02  3.818661E+02
  3.300000E+00     2     3  1.622963E-11  1.102875E-11
  3.300000E+00     2     4 -1.466356E+04 -9.350196E+03
  3.300000E+00     2     5 -1.218208E-10  1.510044E-11
  3.300000E+00     2     6  2.201776E-11 -4.142080E-11
  3.300000E+00     3     1  4.546187E-11  3.533197E-11
  3.300000E+00     3     2 -3.215979E-11 -4.134121E-11
  3.300000E+00     3     3  2.400329E+04  2.247183E+03
  3.300000E+00     3     4 -1.115209E-10  9.655760E-10
  3.300000E+00     3     5  6.257590E-09 -5.963614E-09
  3.300000E+00     3     6 -3.465095E-10  2.238306E-09
  3.300000E+00     4     1  4.794146E-12  4.831252E-11
  3.300000E+00     4     2 -1.449941E+04 -8.844622E+03
  3.300000E+00     4     3 -4.630641E-10 -4.490207E-10
  3.300000E+00     4     4  6.097321E+05  2.166249E+05
  3.300000E+00     4     5  1.501763E-08 -4.680980E-09
  3.300000E+00     4     6 -7.664671E-10  2.992347E-09
  3.300000E+00     5     1  2.296946E+03  4.356453E+02
  3.300000E+00     5     2 -2.417048E-10  1.409870E-10
  3.300000E+00     5     3  1.239790E-09  4.277460E-09
  3.300000E+00     5     4  9.473226E-09 -2.468870E-08
  3.300000E+00     5     5  1.335596E+07  1.322465E+06
  3.300000E+00     5     6 -3.943389E-08  3.020127E-08
  3.300000E+00     6     1  7.843837E-12 -2.370897E-11
  3.300000E+00     6     2  1.306425E-10  1.140709E-10
  3.300000E+00     6     3  1.808217E-10  3.072885E-10
  3.300000E+00     6     4 -3.648683E-09 -2.951640E-09
  3.300000E+00     6     5 -6.924667E-09  4.977379E-09
  3.300000E+00     6     6  3.837858E+05  2.515920E+05
  3.400000E+00     1     1  6.233955E+01  7.415898E+01
  3.400000E+00     1     2 -6.959575E-13  1.624645E-13
  3.400000E+00     1     3  3.609363E-12 -2.131375E-12
  3.400000E+00     1     4  7.504468E-12 -4.216297E-12
  3.400000E+00     1     5  1.166860E+03 -2.665380E+02
  3.400000E+00     1     6 -8.819880E-12 -1.337858E-11
  3.400000E+00     2     1 -1.097244E-12  5.815767E-13
  3.400000E+00     2     2  5.846818E+02  3.781438E+02
  3.400000E+00     2     3 -1.713785E-11 -1.947336E-11
  3.400000E+00     2     4 -1.497822E+04 -9.237504E+03
  3.400000E+00     2     5 -8.068860E-11 -3.066550E-11
  3.400000E+00     2     6  2.222539E-11 -1.339110E-11
  3.400000E+00     3     1  7.445018E-12  2.519230E-11
  3.400000E+00     3     2 -2.296152E-11  2.723969E-11
  3.400000E+00     3     3  2.399312E+04  2.366725E+03
  3.400000E+00     3     4  2.602104E-10 -2.254774E-10
  3.400000E+00     3     5  1.252709E-09  7.806842E-10
  3.400000E+00     3     6 -1.767635E-09 -8.978511E-10
  3.400000E+00     4     1  7.654374E-11  5.301141E-11
  3.400000E+00     4     2 -1.478374E+04 -8.788192E+03
  3.400000E+00     4     3  5.025735E-12  2.906709E-10
  3.400000E+00     4     4  6.173842E+05  2.147580E+05
  3.400000E+00     4     5  4.833365E-09 -9.004032E-09
  3.400000E+00     4     6 -3.054057E-10 -4.615191E-10
  3.400000E+00     5     1  2.507629E+03  3.692223E+02
  3.400000E+00     5     2  2.854158E-10 -6.945821E-11
  3.400000E+00     5     3  4.397924E-09  8.220178E-10
  3.400000E+00     5     4 -7.080233E-09 -7.604971E-09
  3.400000E+00     5     5  1.337004E+07  1.396051E+06
  3.400000E+00     5     6  1.752521E-08 -2.678950E-08
  3.400000E+00     6     1 -5.449515E-11  4.537191E-11
  3.400000E+00     6     2  7.075569E-11 -6.582615E-11
  3.400000E+00     6     3 -6.113579E-11 -5.187956E-11
  3.400000E+00     6     4 -9.344060E-10  2.135378E-09
  3.400000E+00     6     5  4.373298E-09  4.987286E-09
  3.400000E+00     6     6  3.914078E+05  2.517179E+05
  3.500000E+00     1     1  6.695551E+01  6.646680E+01
  3.500000E+00     1     2 -3.553961E-13 -5.740908E-13
  3.500000E+00     1     3 -4.132101E-12  6.180001E-12
  3.500000E+00     1     4  1.182254E-11  1.665206E-11
  3.500000E+00     1     5  1.471759E+03  1.424252E+02
  3.500000E+00     1     6  2.425911E-12  6.522503E-12
  3.500000E+00     2     1 -2.422694E-12  3.974603E-13
  3.500000E+00     2     2  5.752859E+02  3.767667E+02
  3.500000E+00     2     3 -1.431301E-11  2.725188E-11
  3.500000E+00     2     4 -1.476607E+04 -9.202175E+03
  3.500000E+00     2     5 -7.361282E-10 -4.278011E-10
  3.500000E+00     2     6  9.427068E-11 -6.400409E-11
  3.500000E+00     3     1 -5.432004E-11 -8.146807E-12
  3.500000E+00     3     2 -1.497333E-11 -5.277173E-11
  3.500000E+00     3     3  1.700691E+04 -8.775216E+03
  3.500000E+00     3     4 -3.992043E-10  1.693478E-09
  3.500000E+00     3     5 -3.379423E-08 -3.746610E-08
  3.500000E+00     3     6 -8.185064E-09 -2.408694E-09
  3.500000E+00     4     1  1.092259E-10  1.999798E-11
  3.500000E+00     4     2 -1.456488E+04 -8.894038E+03
  3.500000E+00     4     3 -3.468076E-10 -1.608012E-11
  3.500000E+00     4     4  6.126586E+05  2.172525E+05
  3.500000E+00     4     5  2.012259E-08  2.209902E-08
  3.500000E+00     4     6 -3.488513E-09 -3.846005E-10
  3.500000E+00     5     1  2.176346E+03 -5.459576E+02
  3.500000E+00     5     2  3.355816E-10 -5.574488E-09
  3.500000E+00     5     3  4.724322E-09 -1.290582E-08
  3.500000E+00     5     4  3.761046E-08  1.351882E-07
  3.500000E+00     5     5  9.730204E+06 -4.920084E+06
  3.500000E+00     5     6  1.172074E-07 -5.407897E-08
  3.500000E+00     6     1  9.054131E-12  8.297127E-12
  3.500000E+00     6     2  2.850578E-11  4.616557E-13
  3.500000E+00     6     3 -1.095411E-09 -1.001151E-10
  3.500000E+00     6     4 -8.660519E-10  4.600636E-10
  3.500000E+00     6     5  1.449422E-08  1.963961E-08
  3.500000E+00     6     6  3.921522E+05  2.541413E+05
  3.600000E+00     1     1  6.990481E+01  6.034245E+01
  3.600000E+00     1     2 -2.502220E-13 -1.812581E-12
  3.600000E+00     1     3  3.403950E-13  2.583060E-12
  3.600000E+00     1     4 -1.125111E-12  4.884455E-11
  3.600000E+00     1     5  2.044071E+03 -2.151882E+02
  3.600000E+00     1     6  1.453417E-11  6.449772E-12
  3.600000E+00     2     1 -4.083413E-12  2.271233E-13
  3.600000E+00     2     2  5.774157E+02  4.229253E+02
  3.600000E+00     2     3 -2.066522E-12 -2.000790E-11
  3.600000E+00     2     4 -1.482627E+04 -1.030203E+04
  3.600000E+00     2     5 -1.054748E-11  1.439180E-10
  3.600000E+00     2     6  2.162734E-11  7.212071E-11
  3.600000E+00     3     1 -1.821272E-11  2.406448E-11
  3.600000E+00     3     2 -2.686048E-11  9.715659E-11
  3.600000E+00     3     3  2.453628E+04  1.526634E+03
  3.600000E+00     3     4  1.684899E-10 -1.313105E-09
  3.600000E+00     3     5 -2.391676E-09 -4.715956E-09
  3.600000E+00     3     6  6.175371E-10 -1.063481E-09
  3.600000E+00     4     1 -2.159262E-11 -1.573130E-11
  3.600000E+00     4     2 -1.455611E+04 -1.007958E+04
  3.600000E+00     4     3 -1.849970E-10  4.680945E-10
  3.600000E+00     4     4  6.128124E+05  2.456073E+05
  3.600000E+00     4     5  1.004842E-08  3.721000E-09
  3.600000E+00     4     6 -2.923899E-09 -2.065441E-09
  3.600000E+00     5     1  3.232780E+03  1.039061E+02
  3.600000E+00     5     2  6.634955E-10 -9.166976E-10
  3.600000E+00     5     3  1.799606E-09 -1.025699E-09
  3.600000E+00     5     4  2.104184E-08 -1.558420E-09
  3.600000E+00     5     5  1.372421E+07  1.139015E+06
  3.600000E+00     5     6 -1.105963E-08 -2.953336E-08
  3.600000E+00     6     1 -4.552442E-11  3.393475E-12
  3.600000E+00     6     2 -2.184030E-11  1.058856E-10
  3.600000E+00     6     3 -2.298901E-10 -2.076160E-10
  3.600000E+00     6     4  7.681140E-10 -1.630398E-09
  3.600000E+00     6     5  3.701865E-10 -3.151416E-10
  3.600000E+00     6     6  3.822788E+05  2.624011E+05
  3.700000E+00     1     1  7.475341E+01  5.648428E+01
  3.700000E+00     1     2 -2.324203E-13  7.028350E-13
  3.700000E+00     1     3  3.388090E-12 -2.338427E-12
  3.700000E+00     1     4 -2.719611E-12 -1.519845E-11
  3.700000E+00     1     5  1.709709E+03 -1.042382E+02
  3.700000E+00     1     6 -8.233256E-12 -1.036572E-11
  3.700000E+00     2     1 -5.782709E-13  3.774377E-12
  3.700000E+00     2     2  6.341015E+02  3.898668E+02
  3.700000E+00     2     3 -9.957581E-12  2.280344E-11
  3.700000E+00     2     4 -1.621373E+04 -9.472023E+03
  3.700000E+00     2     5 -1.143280E-10  2.396375E-10
  3.700000E+00     2     6  1.473195E-10  1.723630E-10
  3.700000E+00     3     1  1.288886E-11  8.303411E-12
  3.700000E+00     3     2 -1.904670E-12 -2.870934E-12
  3.700000E+00     3     3  2.439396E+04  2.325303E+03
  3.700000E+00     3     4 -2.015085E-11 -1.461513E-09
  3.700000E+00     3     5  2.568738E-09 -5.691704E-09
  3.700000E+00     3     6 -8.824672E-10 -4.897041E-10
  3.700000E+00     4     1  1.180003E-11 -8.068975E-11
  3.700000E+00     4     2 -1.598762E+04 -9.406646E+03
  3.700000E+00     4     3  7.515807E-10 -8.301019E-10
  3.700000E+00     4     4  6.477403E+05  2.286313E+05
  3.700000E+00     4     5  1.357303E-10 -6.045063E-09
  3.700000E+00     4     6 -2.965325E-09 -7.767979E-09
  3.700000E+00     5     1  3.200009E+03  3.683240E+02
  3.700000E+00     5     2  7.443307E-10  4.382517E-10
  3.700000E+00     5     3  5.649557E-09 -1.002068E-09
  3.700000E+00     5     4  1.012600E-08 -2.043972E-08
  3.700000E+00     5     5  1.352103E+07  1.457025E+06
  3.700000E+00     5     6  1.388568E-08  4.245409E-09
  3.700000E+00     6     1 -7.826091E-11 -2.079859E-11
  3.700000E+00     6     2 -4.890597E-11  8.122022E-12
  3.700000E+00     6     3 -3.073471E-10 -1.649921E-13
  3.700000E+00     6     4  1.523280E-09  3.124873E-10
  3.700000E+00     6     5 -3.814313E-09 -4.099722E-09
  3.700000E+00     6     6  4.128031E+05  2.552335E+05
  3.800000E+00     1     1  7.891587E+01  5.121994E+01
  3.800000E+00     1     2 -6.157945E-13  4.896561E-13
  3.800000E+00     1     3  1.655585E-12 -6.553265E-13
  3.800000E+00     1     4  9.043483E-12 -1.303134E-11
  3.800000E+00     1     5  2.050732E+03  2.012237E+01
  3.800000E+00     1     6 -3.371785E-12 -1.477234E-11
  3.800000E+00     2     1 -2.377739E-12 -5.186382E-12
  3.800000E+00     2     2  5.434050E+02  3.856357E+02
  3.800000E+00     2     3 -5.485967E-11 -3.399572E-12
  3.800000E+00     2     4 -1.402014E+04 -9.440238E+03
  3.800000E+00     2     5  7.483544E-11  5.231740E-10
  3.800000E+00     2     6 -1.258848E-10 -2.278094E-10
  3.800000E+00     3     1  3.553720E-11 -1.918076E-11
  3.800000E+00     3     2  8.394880E-11  4.240125E-11
  3.800000E+00     3     3  2.506457E+04  2.794239E+03
  3.800000E+00     3     4 -2.248814E-09  1.649305E-09
  3.800000E+00     3     5 -4.377260E-09  1.534052E-09
  3.800000E+00     3     6 -4.031881E-10  9.770742E-10
  3.800000E+00     4     1  2.040607E-11  1.401906E-10
  3.800000E+00     4     2 -1.387174E+04 -9.324101E+03
  3.800000E+00     4     3  1.848952E-09  3.374176E-10
  3.800000E+00     4     4  5.962515E+05  2.282121E+05
  3.800000E+00     4     5  1.168093E-08 -1.307713E-08
  3.800000E+00     4     6  5.950360E-09  4.762866E-09
  3.800000E+00     5     1  3.400846E+03  5.384379E+02
  3.800000E+00     5     2 -1.043039E-09  3.205497E-10
  3.800000E+00     5     3 -1.867254E-10  6.948641E-09
  3.800000E+00     5     4 -1.287615E-08 -2.685137E-08
  3.800000E+00     5     5  1.373986E+07  1.818866E+06
  3.800000E+00     5     6  8.567661E-08  8.506319E-08
  3.800000E+00     6     1 -1.401065E-11  5.633216E-11
  3.800000E+00     6     2  1.024171E-10 -7.493396E-11
  3.800000E+00     6     3  1.874489E-10 -4.243686E-10
  3.800000E+00     6     4 -1.114804E-09 -5.945401E-10
  3.800000E+00     6     5  1.659671E-08  2.774421E-09
  3.800000E+00     6     6  3.581077E+05  2.774903E+05
  3.900000E+00     1     1  8.406324E+01  4.699317E+01
  3.900000E+00     1     2 -1.135316E-12  4.716404E-13
  3.900000E+00     1     3  3.196597E-12 -8.170095E-13
  3.900000E+00     1     4  2.193435E-11 -1.600256E-11
  3.900000E+00     1     5  2.185370E+03  2.153644E+02
  3.900000E+00     1     6  8.340732E-12 -2.682867E-12
  3.900000E+00     2     1 -1.823045E-13 -3.626759E-12
  3.900000E+00     2     2  3.647823E+02  5.359394E+02
  3.900000E+00     2     3 -6.236214E-11  4.364323E-12
  3.900000E+00     2     4 -9.668213E+03 -1.308297E+04
  3.900000E+00     2     5 -9.537804E-11 -4.088333E-10
  3.900000E+00     2     6  1.051536E-10 -1.218611E-10
  3.900000E+00     3     1  2.251519E-11 -1.536068E-11
  3.900000E+00     3     2 -8.225520E-11 -2.075696E-11
  3.900000E+00     3     3  2.457587E+04  2.573044E+03
  3.900000E+00     3     4  1.933201E-09  9.168808E-10
  3.900000E+00     3     5  4.026109E-09 -4.094732E-09
  3.900000E+00     3     6  2.555121E-09  2.504640E-10
  3.900000E+00     4     1  1.052293E-10  1.815308E-10
  3.900000E+00     4     2 -9.277229E+03 -1.279170E+04
  3.900000E+00     4     3  1.942747E-09 -3.465449E-10
  3.900000E+00     4     4  4.841227E+05  3.124163E+05
  3.900000E+00     4     5 -1.338123E-08  2.977792E-08
  3.900000E+00     4     6  4.404105E-09 -4.055359E-09
  3.900000E+00     5     1  3.619460E+03  6.491236E+02
  3.900000E+00     5     2 -1.643059E-09  1.437673E-09
  3.900000E+00     5     3 -5.834742E-09 -4.932482E-09
  3.900000E+00     5     4  5.158901E-08 -1.447155E-08
  3.900000E+00     5     5  1.352380E+07  1.658174E+06
  3.900000E+00     5     6  5.361557E-08  6.056345E-08
  3.900000E+00     6     1  4.048094E-11  7.307810E-12
  3.900000E+00     6     2  4.275424E-11  3.299890E-12
  3.900000E+00     6     3  1.365870E-10  1.320284E-10
  3.900000E+00     6     4 -2.227281E-09  3.630061E-10
  3.900000E+00     6     5  2.210897E-08  1.330178E-09
  3.900000E+00     6     6  2.389034E+05  3.231408E+05
  4.000000E+00     1     1  8.570453E+01  4.203470E+01
  4.000000E+00     1     2 -3.175606E-13  2.376887E-13
  4.000000E+00     1     3 -5.344252E-13  1.498226E-12
  4.000000E+00     1     4  3.181900E-12 -2.811004E-12
  4.000000E+00     1     5  2.228227E+03  2.749950E+02
  4.000000E+00     1     6 -1.035493E-12  6.700980E-12
  4.000000E+00     2     1 -7.990951E-12 -1.066909E-12
  4.000000E+00     2     2  4.054005E+02  4.859355E+02
  4.000000E+00     2     3  2.581953E-11 -4.510602E-11
  4.000000E+00     2     4 -1.067539E+04 -1.185869E+04
  4.000000E+00     2     5  3.394394E-10 -2.247335E-10
  4.000000E+00     2     6 -9.373740E-11  1.696576E-10
  4.000000E+00     3     1  3.720984E-11  2.372716E-11
  4.000000E+00     3     2 -6.751362E-11  4.522730E-11
  4.000000E+00     3     3  2.199061E+04  3.323254E+03
  4.000000E+00     3     4  2.911253E-10 -1.383215E-09
  4.000000E+00     3     5 -2.020026E-09 -3.182861E-09
  4.000000E+00     3     6 -1.566567E-10  4.520836E-10
  4.000000E+00     4     1  2.458249E-10  1.526354E-11
  4.000000E+00     4     2 -1.027393E+04 -1.179347E+04
  4.000000E+00     4     3 -5.644484E-10  7.456557E-10
  4.000000E+00     4     4  5.083893E+05  2.879881E+05
  4.000000E+00     4     5 -5.213192E-09  1.811306E-08
  4.000000E+00     4     6  2.756431E-09 -3.959313E-09
  4.000000E+00     5     1  3.403220E+03  7.638065E+02
  4.000000E+00     5     2 -2.024064E-10 -3.522617E-10
  4.000000E+00     5     3  2.889052E-09  6.419759E-09
  4.000000E+00     5     4 -2.234870E-08 -1.025880E-09
  4.000000E+00     5     5  1.220607E+07  1.653415E+06
  4.000000E+00     5     6 -3.765399E-08 -1.832051E-08
  4.000000E+00     6     1  1.345254E-11  1.109264E-10
  4.000000E+00     6     2  1.548834E-10  4.125645E-11
  4.000000E+00     6     3 -1.626043E-10 -1.952619E-10
  4.000000E+00     6     4 -1.752067E-09  8.590315E-10
  4.000000E+00     6     5  7.293363E-09  1.838953E-08
  4.000000E+00     6     6  2.610873E+05  3.018269E+05
