  2.000000E-01  0.000000E+00     1  1.201872E-08  9.229470E-05  1.201872E-08  1.936032E-14
  2.000000E-01  0.000000E+00     2  3.562912E-23  8.706892E+01  1.821885E-24  3.558251E-23
  2.000000E-01  0.000000E+00     3  1.163035E-08  8.999900E+01  2.021971E-13  1.163035E-08
  2.000000E-01  0.000000E+00     4  1.631897E-27  1.016515E+02 -3.295747E-28  1.598270E-27
  2.000000E-01  0.000000E+00     5  5.166666E-13 -1.800000E+02 -5.166666E-13 -2.473218E-19
  2.000000E-01  0.000000E+00     6  1.661652E-26  4.234155E+01  1.228198E-26  1.119203E-26
  3.000000E-01  0.000000E+00     1  1.161332E-08  1.607584E-03  1.161332E-08  3.258423E-13
  3.000000E-01  0.000000E+00     2  1.659864E-23 -5.275773E+01  1.004527E-23 -1.321390E-23
  3.000000E-01  0.000000E+00     3  1.137992E-08  8.998992E+01  2.001328E-12  1.137992E-08
  3.000000E-01  0.000000E+00     4  2.096981E-27 -1.231461E+02 -1.146578E-27 -1.755759E-27
  3.000000E-01  0.000000E+00     5  1.147416E-12 -1.799992E+02 -1.147416E-12 -1.504536E-17
  3.000000E-01  0.000000E+00     6  2.107000E-26  7.514330E+01  5.402399E-27  2.036563E-26
  4.000000E-01  0.000000E+00     1  1.067692E-08  1.021519E-02  1.067692E-08  1.903574E-12
  4.000000E-01  0.000000E+00     2  1.516650E-23 -8.689153E+00  1.499243E-23 -2.291259E-24
  4.000000E-01  0.000000E+00     3  1.070988E-08  8.994365E+01  1.053323E-11  1.070987E-08
  4.000000E-01  0.000000E+00     4  1.979727E-27 -1.578219E+02 -1.833257E-27 -7.473202E-28
  4.000000E-01  0.000000E+00     5  1.970349E-12 -1.799949E+02 -1.970349E-12 -1.765053E-16
  4.000000E-01  0.000000E+00     6  6.813481E-27 -2.700063E+00  6.805917E-27 -3.209664E-28
  5.000000E-01  0.000000E+00     1  8.956765E-09  1.495989E-02  8.956765E-09  2.338606E-12
  5.000000E-01  0.000000E+00     2  7.940725E-24  1.419250E+02 -6.250970E-24  4.896989E-24
  5.000000E-01  0.000000E+00     3  9.310312E-09  8.996501E+01  5.686030E-12  9.310310E-09
  5.000000E-01  0.000000E+00     4  5.818080E-27 -6.307693E+01  2.634390E-27 -5.187489E-27
  5.000000E-01  0.000000E+00     5  2.861516E-12  1.799979E+02 -2.861516E-12  1.036238E-16
  5.000000E-01  0.000000E+00     6  2.259217E-27  1.103057E+01  2.217479E-27  4.322620E-28
  6.000000E-01  0.000000E+00     1  6.348093E-09 -1.512604E-01  6.348071E-09 -1.675889E-11
  6.000000E-01  0.000000E+00     2  1.674033E-23 -1.681197E+01  1.602483E-23 -4.841834E-24
  6.000000E-01  0.000000E+00     3  6.940661E-09  9.166717E+01 -2.019278E-10  6.937723E-09
  6.000000E-01  0.000000E+00     4  5.155962E-27  1.015518E+02 -1.032500E-27  5.051523E-27
  6.000000E-01  0.000000E+00     5  3.592354E-12  1.798247E+02 -3.592337E-12  1.098906E-14
  6.000000E-01  0.000000E+00     6  5.468113E-27  5.733690E+01  2.951131E-27  4.603377E-27
  7.000000E-01  0.000000E+00     1  3.083013E-09 -7.667574E-01  3.082737E-09 -4.125701E-11
  7.000000E-01  0.000000E+00     2  8.979517E-24 -7.964926E+01  1.613381E-24 -8.833387E-24
  7.000000E-01  0.000000E+00     3  4.037353E-09  1.024250E+02 -8.686798E-10  3.942793E-09
  7.000000E-01  0.000000E+00     4  4.673746E-27  9.732332E+01 -5.957545E-28  4.635621E-27
  7.000000E-01  0.000000E+00     5  3.794491E-12  1.793824E+02 -3.794271E-12  4.090059E-14
  7.000000E-01  0.000000E+00     6  1.854571E-27  1.787205E+02 -1.854109E-27  4.141125E-29
  8.000000E-01  0.000000E+00     1  6.066987E-11  6.715436E+00  6.025362E-11  7.094632E-12
  8.000000E-01  0.000000E+00     2  4.710173E-24 -2.244601E+01  4.353329E-24 -1.798404E-24
  8.000000E-01  0.000000E+00     3  2.027375E-09  1.430961E+02 -1.621178E-09  1.217386E-09
  8.000000E-01  0.000000E+00     4  6.020449E-27  1.570379E+02 -5.543406E-27  2.348713E-27
  8.000000E-01  0.000000E+00     5  3.089925E-12 -1.783272E+02 -3.088608E-12 -9.020154E-14
  8.000000E-01  0.000000E+00     6  3.377896E-27 -1.272644E+02 -2.045298E-27 -2.688296E-27
  9.000000E-01  0.000000E+00     1  1.442138E-09 -1.719778E+02 -1.428025E-09 -2.012606E-10
  9.000000E-01  0.000000E+00     2  4.400244E-24  1.482758E+02 -3.742799E-24  2.313785E-24
  9.000000E-01  0.000000E+00     3  1.890300E-09 -1.594282E+02 -1.769760E-09 -6.642158E-10
  9.000000E-01  0.000000E+00     4  5.761781E-27 -1.570665E+02 -5.306355E-27 -2.245153E-27
  9.000000E-01  0.000000E+00     5  1.838811E-12 -1.605791E+02 -1.734186E-12 -6.114141E-13
  9.000000E-01  0.000000E+00     6  5.253708E-28 -1.046657E+02 -1.330127E-28 -5.082540E-28
  1.000000E+00  0.000000E+00     1  1.421262E-09 -1.427042E+02 -1.130639E-09 -8.611861E-10
  1.000000E+00  0.000000E+00     2  1.222786E-23  1.060093E+02 -3.372360E-24  1.175363E-23
  1.000000E+00  0.000000E+00     3  1.829042E-09 -1.280203E+02 -1.126582E-09 -1.440905E-09
  1.000000E+00  0.000000E+00     4  1.849559E-26 -1.729397E+02 -1.835534E-26 -2.273356E-27
  1.000000E+00  0.000000E+00     5  1.170790E-12 -1.111065E+02 -4.216040E-13 -1.092245E-12
  1.000000E+00  0.000000E+00     6  3.458956E-27  1.163721E+02 -1.536466E-27  3.098976E-27
  1.100000E+00  0.000000E+00     1  1.255840E-09 -8.140158E+01  1.877582E-10 -1.241725E-09
  1.100000E+00  0.000000E+00     2  7.054348E-24  1.010326E+02 -1.349972E-24  6.923973E-24
  1.100000E+00  0.000000E+00     3  1.186501E-09 -9.215482E+01 -4.461217E-11 -1.185662E-09
  1.100000E+00  0.000000E+00     4  1.482051E-26  1.361153E+02 -1.068168E-26  1.027371E-26
  1.100000E+00  0.000000E+00     5  1.111323E-12 -6.696622E+01  4.348317E-13 -1.022722E-12
  1.100000E+00  0.000000E+00     6  5.491751E-27 -1.585272E+02 -5.110579E-27 -2.010303E-27
  1.200000E+00  0.000000E+00     1  1.402746E-09 -2.724988E+01  1.247067E-09 -6.422784E-10
  1.200000E+00  0.000000E+00     2  9.758370E-24 -1.599213E+02 -9.165274E-24 -3.350153E-24
  1.200000E+00  0.000000E+00     3  8.173908E-10 -3.029377E+01  7.057765E-10 -4.123195E-10
  1.200000E+00  0.000000E+00     4  2.601236E-26 -1.175162E+02 -1.201769E-26 -2.306985E-26
  1.200000E+00  0.000000E+00     5  7.797341E-13 -3.109294E+01  6.677102E-13 -4.026764E-13
  1.200000E+00  0.000000E+00     6  2.034949E-27  3.860181E+01  1.590314E-27  1.269613E-27
  1.300000E+00  0.000000E+00     1  1.211338E-09  2.777033E+01  1.071819E-09  5.643971E-10
  1.300000E+00  0.000000E+00     2  1.358948E-23 -1.197105E+01  1.329394E-23 -2.818696E-24
  1.300000E+00  0.000000E+00     3  6.770426E-10  2.265286E+01  6.248123E-10  2.607609E-10
  1.300000E+00  0.000000E+00     4  2.827574E-26  3.993167E+01  2.168213E-26  1.814945E-26
  1.300000E+00  0.000000E+00     5  4.677835E-13  3.029662E+01  4.038961E-13  2.359858E-13
  1.300000E+00  0.000000E+00     6  4.979847E-27  9.070034E+01 -6.086847E-29  4.979475E-27
  1.400000E+00  0.000000E+00     1  1.030221E-09  9.558247E+01 -1.002183E-10  1.025335E-09
  1.400000E+00  0.000000E+00     2  6.786925E-24 -4.573784E+00  6.765312E-24 -5.412086E-25
  1.400000E+00  0.000000E+00     3  4.105674E-10  8.431975E+01  4.063662E-11  4.085514E-10
  1.400000E+00  0.000000E+00     4  1.679420E-26  9.923623E+01 -2.695560E-27  1.657646E-26
  1.400000E+00  0.000000E+00     5  3.777548E-13  9.319943E+01 -2.108307E-14  3.771660E-13
  1.400000E+00  0.000000E+00     6  1.575234E-27 -4.324297E+01  1.147487E-27 -1.079183E-27
  1.500000E+00  0.000000E+00     1  8.856646E-10  1.674620E+02 -8.645434E-10  1.922666E-10
  1.500000E+00  0.000000E+00     2  6.886998E-24 -1.689944E+01  6.589593E-24 -2.002001E-24
  1.500000E+00  0.000000E+00     3  3.166737E-10  1.615816E+02 -3.004520E-10  1.000541E-10
  1.500000E+00  0.000000E+00     4  2.809082E-26  1.332416E+01  2.733467E-26  6.473814E-27
  1.500000E+00  0.000000E+00     5  2.311983E-13  1.585390E+02 -2.151686E-13  8.458811E-14
  1.500000E+00  0.000000E+00     6  8.843661E-28  1.413004E+02 -6.901904E-28  5.529382E-28
  1.600000E+00  0.000000E+00     1  7.268277E-10 -1.127716E+02 -2.813249E-10 -6.701752E-10
  1.600000E+00  0.000000E+00     2  6.690688E-24 -2.764756E+01  5.926737E-24 -3.104690E-24
  1.600000E+00  0.000000E+00     3  2.125616E-10 -1.270831E+02 -1.281688E-10 -1.695735E-10
  1.600000E+00  0.000000E+00     4  2.056259E-26  2.758188E+00  2.053877E-26  9.894897E-28
  1.600000E+00  0.000000E+00     5  1.735747E-13 -1.176337E+02 -8.050689E-14 -1.537752E-13
  1.600000E+00  0.000000E+00     6  2.196285E-27  1.001172E+02 -3.858027E-28  2.162134E-27
  1.700000E+00  0.000000E+00     1  6.341680E-10 -2.613294E+01  5.693399E-10 -2.793227E-10
  1.700000E+00  0.000000E+00     2  2.870991E-24 -5.287291E+01  1.732888E-24 -2.289037E-24
  1.700000E+00  0.000000E+00     3  1.560923E-10 -3.619569E+01  1.259673E-10 -9.217954E-11
  1.700000E+00  0.000000E+00     4  7.302339E-27 -3.381410E+01  6.067130E-27 -4.063752E-27
  1.700000E+00  0.000000E+00     5  1.168210E-13 -4.081067E+01  8.841867E-14 -7.634970E-14
  1.700000E+00  0.000000E+00     6  6.890403E-28 -4.094739E+00  6.872814E-28 -4.920152E-29
  1.800000E+00  0.000000E+00     1  5.368782E-10  6.527298E+01  2.245737E-10  4.876524E-10
  1.800000E+00  0.000000E+00     2  1.491278E-24  9.365657E+00  1.471399E-24  2.426825E-25
  1.800000E+00  0.000000E+00     3  1.082958E-10  4.755779E+01  7.308304E-11  7.991782E-11
  1.800000E+00  0.000000E+00     4  5.702076E-27  2.311722E+01  5.244219E-27  2.238712E-27
  1.800000E+00  0.000000E+00     5  8.724998E-14  5.516897E+01  4.983354E-14  7.161827E-14
  1.800000E+00  0.000000E+00     6  7.748618E-28 -1.653722E+02 -7.497461E-28 -1.956825E-28
  1.900000E+00  0.000000E+00     1  4.702918E-10  1.616220E+02 -4.463056E-10  1.482758E-10
  1.900000E+00  0.000000E+00     2  2.336965E-24  3.081576E+01  2.007030E-24  1.197178E-24
  1.900000E+00  0.000000E+00     3  8.237567E-11  1.492622E+02 -7.080313E-11  4.210305E-11
  1.900000E+00  0.000000E+00     4  3.745434E-27  5.344522E+01  2.230747E-27  3.008662E-27
  1.900000E+00  0.000000E+00     5  5.873023E-14  1.455128E+02 -4.840853E-14  3.325439E-14
  1.900000E+00  0.000000E+00     6  1.081255E-27  1.021573E+02 -2.277091E-28  1.057005E-27
  2.000000E+00  0.000000E+00     1  3.985985E-10 -9.571903E+01 -3.972043E-11 -3.966145E-10
  2.000000E+00  0.000000E+00     2  2.080424E-24  7.633621E+01  4.914463E-25  2.021545E-24
  2.000000E+00  0.000000E+00     3  5.579508E-11 -1.121465E+02 -2.103344E-11 -5.167867E-11
  2.000000E+00  0.000000E+00     4  4.989736E-27 -1.256620E+02 -2.909028E-27 -4.054013E-27
  2.000000E+00  0.000000E+00     5  4.686600E-14 -1.090007E+02 -1.525865E-14 -4.431247E-14
  2.000000E+00  0.000000E+00     6  6.814392E-28  6.631430E+01  2.737472E-28  6.240367E-28
  2.100000E+00  0.000000E+00     1  3.420676E-10  1.237339E+01  3.341220E-10  7.329884E-11
  2.100000E+00  0.000000E+00     2  1.661184E-24 -5.500754E+01  9.526371E-25 -1.360888E-24
  2.100000E+00  0.000000E+00     3  4.631350E-11 -3.513717E+00  4.622644E-11 -2.838439E-12
  2.100000E+00  0.000000E+00     4  9.141695E-27 -4.552919E+01  6.404176E-27 -6.523582E-27
  2.100000E+00  0.000000E+00     5  3.135969E-14 -1.801914E+00  3.134419E-14 -9.860789E-16
  2.100000E+00  0.000000E+00     6  3.972150E-28 -1.023408E+02 -8.489505E-29 -3.880368E-28
  2.200000E+00  0.000000E+00     1  2.959686E-10  1.272753E+02 -1.792520E-10  2.355125E-10
  2.200000E+00  0.000000E+00     2  5.990261E-25  1.292608E+01  5.838465E-25  1.339984E-25
  2.200000E+00  0.000000E+00     3  3.272239E-11  1.127559E+02 -1.265721E-11  3.017532E-11
  2.200000E+00  0.000000E+00     4  1.085974E-26  6.392656E+01  4.773106E-27  9.754563E-27
  2.200000E+00  0.000000E+00     5  2.562947E-14  1.067865E+02 -7.401953E-15  2.453733E-14
  2.200000E+00  0.000000E+00     6  7.976912E-28 -2.384921E+01  7.295785E-28 -3.225313E-28
  2.300000E+00  0.000000E+00     1  2.575529E-10 -1.133131E+02 -1.019281E-10 -2.365251E-10
  2.300000E+00  0.000000E+00     2  1.075594E-24  3.572406E+01  8.732086E-25  6.280203E-25
  2.300000E+00  0.000000E+00     3  2.501590E-11 -1.344209E+02 -1.750923E-11 -1.786678E-11
  2.300000E+00  0.000000E+00     4  1.434604E-26  3.598509E+01  1.160838E-26  8.429370E-27
  2.300000E+00  0.000000E+00     5  1.931293E-14 -1.298594E+02 -1.237777E-14 -1.482499E-14
  2.300000E+00  0.000000E+00     6  5.956562E-28 -1.130399E+02 -2.331235E-28 -5.481421E-28
  2.400000E+00  0.000000E+00     1  2.263717E-10  1.107074E+01  2.221591E-10  4.346808E-11
  2.400000E+00  0.000000E+00     2  1.038564E-24 -2.670268E+01  9.278017E-25 -4.666900E-25
  2.400000E+00  0.000000E+00     3  2.095130E-11 -7.691210E+00  2.076282E-11 -2.804000E-12
  2.400000E+00  0.000000E+00     4  3.781443E-27  3.075528E+01  3.249618E-27  1.933725E-27
  2.400000E+00  0.000000E+00     5  1.322992E-14 -8.496234E+00  1.308473E-14 -1.954647E-15
  2.400000E+00  0.000000E+00     6  5.135915E-28  9.701802E+01 -6.275141E-29  5.097436E-28
  2.500000E+00  0.000000E+00     1  1.976159E-10  1.415488E+02 -1.547606E-10  1.228870E-10
  2.500000E+00  0.000000E+00     2  1.788535E-24 -3.653136E+01  1.437144E-24 -1.064648E-24
  2.500000E+00  0.000000E+00     3  1.567371E-11  1.260716E+02 -9.228622E-12  1.266877E-11
  2.500000E+00  0.000000E+00     4  5.579577E-27  3.918992E+01  4.324483E-27  3.525695E-27
  2.500000E+00  0.000000E+00     5  1.088221E-14  1.161157E+02 -4.790181E-15  9.771213E-15
  2.500000E+00  0.000000E+00     6  5.993061E-28  1.655144E+02 -5.802544E-28  1.499088E-28
  2.600000E+00  0.000000E+00     1  1.724443E-10 -8.231604E+01  2.305730E-11 -1.708959E-10
  2.600000E+00  0.000000E+00     2  7.597862E-25 -4.978297E+01  4.905824E-25 -5.801759E-25
  2.600000E+00  0.000000E+00     3  1.171216E-11 -1.024054E+02 -2.516101E-12 -1.143871E-11
  2.600000E+00  0.000000E+00     4  6.288832E-27  1.298474E+02 -4.029536E-27  4.828276E-27
  2.600000E+00  0.000000E+00     5  9.007546E-15 -1.060834E+02 -2.495418E-15 -8.654986E-15
  2.600000E+00  0.000000E+00     6  8.204379E-28 -4.838670E+01  5.448526E-28 -6.133955E-28
  2.700000E+00  0.000000E+00     1  1.524652E-10  5.884740E+01  7.887317E-11  1.304786E-10
  2.700000E+00  0.000000E+00     2  1.467068E-24 -1.626615E+02 -1.400405E-24 -4.372104E-25
  2.700000E+00  0.000000E+00     3  9.796358E-12  3.408267E+01  8.113636E-12  5.489766E-12
  2.700000E+00  0.000000E+00     4  8.871776E-27 -1.671788E+02 -8.650579E-27 -1.968732E-27
  2.700000E+00  0.000000E+00     5  6.527930E-15  3.708183E+01  5.207820E-15  3.936048E-15
  2.700000E+00  0.000000E+00     6  1.331098E-27  1.151179E+02 -5.650284E-28  1.205224E-27
  2.800000E+00  0.000000E+00     1  1.353844E-10 -1.548576E+02 -1.225574E-10 -5.752066E-11
  2.800000E+00  0.000000E+00     2  3.893423E-24  1.580732E+02 -3.611781E-24  1.453886E-24
  2.800000E+00  0.000000E+00     3  8.385042E-12 -1.785369E+02 -8.382309E-12 -2.140933E-13
  2.800000E+00  0.000000E+00     4  2.387811E-26  1.444061E+02 -1.941679E-26  1.389792E-26
  2.800000E+00  0.000000E+00     5  4.564679E-15  1.789393E+02 -4.563897E-15  8.450103E-17
  2.800000E+00  0.000000E+00     6  9.610140E-28  7.347259E+01  2.733835E-28  9.213085E-28
  2.900000E+00  0.000000E+00     1  1.200343E-10 -2.849591E+00  1.198859E-10 -5.967415E-12
  2.900000E+00  0.000000E+00     2  2.396453E-24  1.382955E+02 -1.789157E-24  1.594336E-24
  2.900000E+00  0.000000E+00     3  6.763295E-12 -2.428411E+01  6.164861E-12 -2.781483E-12
  2.900000E+00  0.000000E+00     4  4.783178E-27 -1.462326E+02 -3.976261E-27 -2.658597E-27
  2.900000E+00  0.000000E+00     5  3.540322E-15 -4.022860E+01  2.702942E-15 -2.286477E-15
  2.900000E+00  0.000000E+00     6  8.954619E-28  3.149959E+01  7.635101E-28  4.678721E-28
  3.000000E+00  0.000000E+00     1  1.069984E-10  1.547714E+02 -9.679233E-11  4.560605E-11
  3.000000E+00  0.000000E+00     2  6.471254E-24  1.720129E+02 -6.408479E-24  8.991804E-25
  3.000000E+00  0.000000E+00     3  4.980490E-12  1.339338E+02 -3.455600E-12  3.586657E-12
  3.000000E+00  0.000000E+00     4  2.012334E-26 -9.141289E+01 -4.961826E-28 -2.011722E-26
  3.000000E+00  0.000000E+00     5  2.973609E-15  1.058927E+02 -8.142845E-16  2.859946E-15
  3.000000E+00  0.000000E+00     6  1.436025E-27 -1.379495E+02 -1.066328E-27 -9.618284E-28
  3.100000E+00  0.000000E+00     1  9.584666E-11 -4.279389E+01  7.033249E-11 -6.511468E-11
  3.100000E+00  0.000000E+00     2  1.919810E-23  2.419237E+01  1.751202E-23  7.867412E-24
  3.100000E+00  0.000000E+00     3  3.236314E-12 -6.780563E+01  1.222517E-12 -2.996528E-12
  3.100000E+00  0.000000E+00     4  1.099892E-25  3.935170E+01  8.505116E-26  6.974182E-26
  3.100000E+00  0.000000E+00     5  2.655347E-15 -1.049562E+02 -6.852938E-16 -2.565392E-15
  3.100000E+00  0.000000E+00     6  2.981712E-27  4.188374E+01  2.219888E-27  1.990655E-27
  3.200000E+00  0.000000E+00     1  8.720432E-11  1.231745E+02 -4.771733E-11  7.299075E-11
  3.200000E+00  0.000000E+00     2  1.059753E-24 -2.512298E+01  9.594989E-25 -4.499315E-25
  3.200000E+00  0.000000E+00     3  4.432459E-12  8.219368E+01  6.020380E-13  4.391383E-12
  3.200000E+00  0.000000E+00     4  3.089477E-27  1.513146E+02 -2.710300E-27  1.482950E-27
  3.200000E+00  0.000000E+00     5  1.997943E-15  3.697080E+01  1.596241E-15  1.201579E-15
  3.200000E+00  0.000000E+00     6  6.695401E-28  3.933671E+01  5.178452E-28  4.244058E-28
  3.300000E+00  0.000000E+00     1  7.889924E-11 -6.616637E+01  3.188178E-11 -7.217092E-11
  3.300000E+00  0.000000E+00     2  9.465199E-25  1.325939E+02 -6.406021E-25  6.967989E-25
  3.300000E+00  0.000000E+00     3  1.045139E-11 -1.705438E+02 -1.030937E-11 -1.717104E-12
  3.300000E+00  0.000000E+00     4  1.534512E-26 -1.779187E+02 -1.533500E-26 -5.573106E-28
  3.300000E+00  0.000000E+00     5  1.556371E-15 -1.345061E+02 -1.090993E-15 -1.109966E-15
  3.300000E+00  0.000000E+00     6  6.452529E-28  8.165890E+01  9.360421E-29  6.384274E-28
  3.400000E+00  0.000000E+00     1  7.767999E-11  1.195760E+02 -3.834108E-11  6.755843E-11
  3.400000E+00  0.000000E+00     2  3.184747E-24  6.532412E+00  3.164071E-24  3.623135E-25
  3.400000E+00  0.000000E+00     3  1.693949E-11  2.700171E+01  1.509297E-11  7.690817E-12
  3.400000E+00  0.000000E+00     4  1.322264E-26  8.323629E+01  1.557296E-27  1.313062E-26
  3.400000E+00  0.000000E+00     5  7.849036E-15  1.578286E+00  7.846059E-15  2.161845E-16
  3.400000E+00  0.000000E+00     6  6.969250E-28  1.428175E+02 -5.552505E-28  4.211904E-28
  3.500000E+00  0.000000E+00     1  2.943521E-11 -6.021100E+01  1.462363E-11 -2.554567E-11
  3.500000E+00  0.000000E+00     2  4.992903E-24 -1.170998E+02 -2.274474E-24 -4.444755E-24
  3.500000E+00  0.000000E+00     3  4.042212E-11  4.781077E+01  2.714674E-11  2.995000E-11
  3.500000E+00  0.000000E+00     4  1.911294E-26  6.083533E+01  9.314142E-27  1.668985E-26
  3.500000E+00  0.000000E+00     5  8.533454E-15  1.436133E+02 -6.869704E-15  5.062313E-15
  3.500000E+00  0.000000E+00     6  8.768646E-28 -1.197718E+02 -4.354048E-28 -7.611269E-28
  3.600000E+00  0.000000E+00     1  6.318075E-11  1.204283E+02 -3.199846E-11  5.447848E-11
  3.600000E+00  0.000000E+00     2  1.615849E-25  2.532195E+01  1.460596E-25  6.911054E-26
  3.600000E+00  0.000000E+00     3  9.445104E-12  8.320607E+01  1.117345E-12  9.378781E-12
  3.600000E+00  0.000000E+00     4  1.636633E-26 -4.065831E+01  1.241563E-26 -1.066342E-26
  3.600000E+00  0.000000E+00     5  9.097806E-15 -3.348100E+01  7.588197E-15 -5.018899E-15
  3.600000E+00  0.000000E+00     6  9.138587E-28  8.261749E+01  1.174243E-28  9.062832E-28
  3.700000E+00  0.000000E+00     1  4.959308E-11 -3.411336E+01  4.105958E-11 -2.781339E-11
  3.700000E+00  0.000000E+00     2  8.432887E-24 -1.009039E+01  8.302452E-24 -1.477456E-24
  3.700000E+00  0.000000E+00     3  2.300032E-12 -3.899817E+01  1.787507E-12 -1.447400E-12
  3.700000E+00  0.000000E+00     4  1.453859E-26  4.995074E+01  9.354794E-27  1.112916E-26
  3.700000E+00  0.000000E+00     5  1.765092E-15 -3.818082E+00  1.761175E-15 -1.175354E-16
  3.700000E+00  0.000000E+00     6  3.115726E-27 -6.295591E+01  1.416646E-27 -2.775043E-27
  3.800000E+00  0.000000E+00     1  4.412745E-11  1.581983E+02 -4.097124E-11  1.638871E-11
  3.800000E+00  0.000000E+00     2  6.306387E-24 -1.044325E+02 -1.571797E-24 -6.107370E-24
  3.800000E+00  0.000000E+00     3  2.578543E-12  4.665842E+01  1.769774E-12  1.875310E-12
  3.800000E+00  0.000000E+00     4  9.054173E-27  1.253994E+02 -5.244835E-27  7.380362E-27
  3.800000E+00  0.000000E+00     5  3.343742E-15 -1.519078E+01  3.226907E-15 -8.761737E-16
  3.800000E+00  0.000000E+00     6  6.483615E-28 -3.180336E+01  5.510177E-28 -3.416902E-28
  3.900000E+00  0.000000E+00     1  2.948183E-11  1.291635E+01  2.873587E-11  6.590022E-12
  3.900000E+00  0.000000E+00     2  1.210838E-23 -4.562307E+01  8.468302E-24 -8.654515E-24
  3.900000E+00  0.000000E+00     3  5.676556E-12  1.080155E+02 -1.755614E-12  5.398250E-12
  3.900000E+00  0.000000E+00     4  2.808775E-27  7.481754E+01  7.356003E-28  2.710739E-27
  3.900000E+00  0.000000E+00     5  5.019176E-15  1.202675E+02 -2.529855E-15  4.334970E-15
  3.900000E+00  0.000000E+00     6  4.346158E-27 -3.179394E+01  3.694010E-27 -2.289843E-27
  4.000000E+00  0.000000E+00     1  3.589468E-11 -1.368809E+02 -2.620079E-11 -2.453461E-11
  4.000000E+00  0.000000E+00     2  5.916168E-24 -2.218744E+01  5.478096E-24 -2.234168E-24
  4.000000E+00  0.000000E+00     3  1.189067E-12 -9.261073E+01 -5.416215E-14 -1.187833E-12
  4.000000E+00  0.000000E+00     4  1.404646E-26  8.077209E+01  2.252519E-27  1.386468E-26
  4.000000E+00  0.000000E+00     5  1.335069E-15 -1.075875E+02 -4.034072E-16 -1.272663E-15
  4.000000E+00  0.000000E+00     6  7.487558E-28 -1.338493E+02 -5.187107E-28 -5.399763E-28
