  2.000000E-01  0.000000E+00     1  3.056933E+01  9.000004E+01 -2.356396E-05  3.056933E+01
  2.000000E-01  0.000000E+00     2  1.650668E-13  1.792581E+02 -1.650529E-13  2.137428E-15
  2.000000E-01  0.000000E+00     3  2.446075E+03  1.164468E+00  2.445570E+03  4.971014E+01
  2.000000E-01  0.000000E+00     4  3.382203E-12  6.959376E+00  3.357284E-12  4.098066E-13
  2.000000E-01  0.000000E+00     5  7.385900E+03  8.999998E+01  2.545282E-03  7.385900E+03
  2.000000E-01  0.000000E+00     6  3.129316E-12  1.293626E+02 -1.984693E-12  2.419424E-12
  3.000000E-01  0.000000E+00     1  6.463951E+01  9.009283E+01 -1.047289E-01  6.463943E+01
  3.000000E-01  0.000000E+00     2  2.876729E-14  1.196643E+02 -1.423745E-14  2.499704E-14
  3.000000E-01  0.000000E+00     3  2.101640E+03  5.057777E+00  2.093457E+03  1.852812E+02
  3.000000E-01  0.000000E+00     4  2.797463E-12  1.699404E+02 -2.754457E-12  4.886378E-13
  3.000000E-01  0.000000E+00     5  1.514590E+04  9.009158E+01 -2.420898E+01  1.514588E+04
  3.000000E-01  0.000000E+00     6  9.903889E-12  1.675743E+02 -9.671899E-12  2.131052E-12
  4.000000E-01  0.000000E+00     1  9.990600E+01  9.105408E+01 -1.837890E+00  9.988909E+01
  4.000000E-01  0.000000E+00     2  5.471826E-14  1.267637E+02 -3.274975E-14  4.383539E-14
  4.000000E-01  0.000000E+00     3  1.707732E+03  1.301871E+01  1.663838E+03  3.846996E+02
  4.000000E-01  0.000000E+00     4  2.661084E-12  1.296266E+02 -1.697190E-12  2.049613E-12
  4.000000E-01  0.000000E+00     5  2.273337E+04  9.103237E+01 -4.095945E+02  2.272968E+04
  4.000000E-01  0.000000E+00     6  3.280643E-12  6.205852E+01  1.537209E-12  2.898208E-12
  5.000000E-01  0.000000E+00     1  1.198106E+02  9.536550E+01 -1.120336E+01  1.192857E+02
  5.000000E-01  0.000000E+00     2  1.452474E-13 -1.122791E+02 -5.506595E-14 -1.344044E-13
  5.000000E-01  0.000000E+00     3  1.311655E+03  2.512505E+01  1.187550E+03  5.569223E+02
  5.000000E-01  0.000000E+00     4  5.357657E-12 -1.544261E+02 -4.832761E-12 -2.312770E-12
  5.000000E-01  0.000000E+00     5  2.704585E+04  9.509468E+01 -2.401720E+03  2.693900E+04
  5.000000E-01  0.000000E+00     6  1.280470E-12 -1.483245E+02 -1.089726E-12 -6.723842E-13
  6.000000E-01  0.000000E+00     1  1.126974E+02  1.074360E+02 -3.376868E+01  1.075192E+02
  6.000000E-01  0.000000E+00     2  2.918431E-13  5.110693E+01  1.832392E-13  2.271470E-13
  6.000000E-01  0.000000E+00     3  9.135652E+02  4.145030E+01  6.847448E+02  6.047529E+02
  6.000000E-01  0.000000E+00     4  3.961741E-12 -4.998996E+01  2.547090E-12 -3.034424E-12
  6.000000E-01  0.000000E+00     5  2.687532E+04  1.051725E+02 -7.033969E+03  2.593850E+04
  6.000000E-01  0.000000E+00     6  5.886540E-12 -1.444953E+02 -4.792042E-12 -3.418726E-12
  7.000000E-01  0.000000E+00     1  8.326518E+01  1.366053E+02 -6.050371E+01  5.720482E+01
  7.000000E-01  0.000000E+00     2  1.803680E-13 -1.320708E+01  1.755974E-13 -4.120889E-14
  7.000000E-01  0.000000E+00     3  5.241273E+02  6.689051E+01  2.057145E+02  4.820695E+02
  7.000000E-01  0.000000E+00     4  1.681496E-12 -1.014563E+01  1.655203E-12 -2.961968E-13
  7.000000E-01  0.000000E+00     5  2.342518E+04  1.224802E+02 -1.257953E+04  1.976094E+04
  7.000000E-01  0.000000E+00     6  6.559238E-12 -1.434482E+02 -5.269159E-12 -3.906349E-12
  8.000000E-01  0.000000E+00     1  7.214953E+01 -1.600844E+02 -6.783464E+01 -2.457674E+01
  8.000000E-01  0.000000E+00     2  1.188373E-13  6.684269E+01  4.673360E-14  1.092624E-13
  8.000000E-01  0.000000E+00     3  2.648342E+02  1.218951E+02 -1.399294E+02  2.248486E+02
  8.000000E-01  0.000000E+00     4  3.231993E-12  1.290530E+02 -2.036281E-12  2.509848E-12
  8.000000E-01  0.000000E+00     5  1.791368E+04  1.471492E+02 -1.504903E+04  9.717335E+03
  8.000000E-01  0.000000E+00     6  6.096473E-12 -5.976591E+01  3.069782E-12 -5.267203E-12
  9.000000E-01  0.000000E+00     1  1.055127E+02 -1.086584E+02 -3.375612E+01 -9.996725E+01
  9.000000E-01  0.000000E+00     2  1.856859E-13 -1.495345E+02 -1.600490E-13 -9.414647E-14
  9.000000E-01  0.000000E+00     3  2.539371E+02 -1.650540E+02 -2.453463E+02 -6.549234E+01
  9.000000E-01  0.000000E+00     4  1.037435E-12  1.739293E+02 -1.031617E-12  1.097153E-13
  9.000000E-01  0.000000E+00     5  1.144094E+04 -1.748532E+02 -1.139481E+04 -1.026341E+03
  9.000000E-01  0.000000E+00     6  5.769384E-12 -4.529307E+01  4.058650E-12 -4.100384E-12
  1.000000E+00  0.000000E+00     1  1.165172E+02 -6.891648E+01  4.191455E+01 -1.087172E+02
  1.000000E+00  0.000000E+00     2  4.041158E-13  1.287360E+02 -2.528686E-13  3.152254E-13
  1.000000E+00  0.000000E+00     3  2.673160E+02 -1.171370E+02 -1.219281E+02 -2.378894E+02
  1.000000E+00  0.000000E+00     4  5.635709E-12  1.141397E+02 -2.304800E-12  5.142870E-12
  1.000000E+00  0.000000E+00     5  7.976555E+03 -1.095290E+02 -2.666441E+03 -7.517680E+03
  1.000000E+00  0.000000E+00     6  1.274256E-11 -1.385234E+02 -9.547059E-12 -8.439581E-12
  1.100000E+00  0.000000E+00     1  1.119706E+02 -1.307745E+01  1.090666E+02 -2.533534E+01
  1.100000E+00  0.000000E+00     2  9.774576E-14 -2.802568E+01  8.628381E-14 -4.592754E-14
  1.100000E+00  0.000000E+00     3  2.009882E+02 -6.619832E+01  8.111324E+01 -1.838937E+02
  1.100000E+00  0.000000E+00     4  5.401035E-12  1.605188E+02 -5.091830E-12  1.801236E-12
  1.100000E+00  0.000000E+00     5  8.471782E+03 -4.772340E+01  5.699056E+03 -6.268322E+03
  1.100000E+00  0.000000E+00     6  1.555655E-11 -7.935817E+01  2.872812E-12 -1.528899E-11
  1.200000E+00  0.000000E+00     1  1.254617E+02  4.670564E+01  8.603492E+01  9.131606E+01
  1.200000E+00  0.000000E+00     2  3.107923E-13 -1.767399E+02 -3.102894E-13 -1.767454E-14
  1.200000E+00  0.000000E+00     3  1.659018E+02  8.119852E+00  1.642386E+02  2.343268E+01
  1.200000E+00  0.000000E+00     4  8.784599E-12 -1.167147E+02 -3.949098E-12 -7.846898E-12
  1.200000E+00  0.000000E+00     5  7.295487E+03  3.173473E+00  7.284299E+03  4.038726E+02
  1.200000E+00  0.000000E+00     6  1.247369E-11  1.043657E+02 -3.094851E-12  1.208366E-11
  1.300000E+00  0.000000E+00     1  1.254546E+02  1.062240E+02 -3.505128E+01  1.204586E+02
  1.300000E+00  0.000000E+00     2  6.684301E-13  6.109635E+01  3.230777E-13  5.851663E-13
  1.300000E+00  0.000000E+00     3  1.673130E+02  7.115314E+01  5.404878E+01  1.583426E+02
  1.300000E+00  0.000000E+00     4  8.707267E-12  6.820665E+01  3.232661E-12  8.084949E-12
  1.300000E+00  0.000000E+00     5  5.371784E+03  7.484572E+01  1.404287E+03  5.184983E+03
  1.300000E+00  0.000000E+00     6  3.480927E-11 -1.762353E+02 -3.473415E-11 -2.285563E-12
  1.400000E+00  0.000000E+00     1  1.199046E+02  1.758445E+02 -1.195894E+02  8.688642E+00
  1.400000E+00  0.000000E+00     2  4.753385E-13  4.687200E+01  3.249559E-13  3.469155E-13
  1.400000E+00  0.000000E+00     3  1.238803E+02  1.405316E+02 -9.563254E+01  7.874484E+01
  1.400000E+00  0.000000E+00     4  1.560222E-11  1.601730E+02 -1.467734E-11  5.291983E-12
  1.400000E+00  0.000000E+00     5  5.341896E+03  1.471889E+02 -4.489659E+03  2.894619E+03
  1.400000E+00  0.000000E+00     6  1.955288E-11  3.697958E+01  1.561982E-11  1.176165E-11
  1.500000E+00  0.000000E+00     1  1.176225E+02 -1.093581E+02 -3.898845E+01 -1.109728E+02
  1.500000E+00  0.000000E+00     2  3.579844E-13 -1.560528E+02 -3.271692E-13 -1.453038E-13
  1.500000E+00  0.000000E+00     3  1.156321E+02 -1.362921E+02 -8.358726E+01 -7.989968E+01
  1.500000E+00  0.000000E+00     4  2.312828E-11  6.351152E+01  1.031563E-11  2.070037E-11
  1.500000E+00  0.000000E+00     5  4.041799E+03 -1.414678E+02 -3.161729E+03 -2.517858E+03
  1.500000E+00  0.000000E+00     6  8.533799E-12 -1.381180E+02 -6.353596E-12 -5.697152E-12
  1.600000E+00  0.000000E+00     1  1.100362E+02 -2.854038E+01  9.666469E+01 -5.257289E+01
  1.600000E+00  0.000000E+00     2  2.088756E-13  1.027491E+02 -4.609509E-14  2.037259E-13
  1.600000E+00  0.000000E+00     3  9.291641E+01 -6.041342E+01  4.587639E+01 -8.080109E+01
  1.600000E+00  0.000000E+00     4  2.372847E-11  5.631197E+01  1.316149E-11  1.974375E-11
  1.600000E+00  0.000000E+00     5  3.643086E+03 -5.239249E+01  2.223190E+03 -2.886088E+03
  1.600000E+00  0.000000E+00     6  2.526404E-11 -1.744188E+02 -2.514427E-11 -2.457101E-12
  1.700000E+00  0.000000E+00     1  1.085249E+02  5.946469E+01  5.513817E+01  9.347424E+01
  1.700000E+00  0.000000E+00     2  2.287038E-13  6.188440E+01  1.077771E-13  2.017164E-13
  1.700000E+00  0.000000E+00     3  8.063452E+01  3.399360E+01  6.685409E+01  4.508278E+01
  1.700000E+00  0.000000E+00     4  8.871381E-12  2.161195E+01  8.247720E-12  3.267494E-12
  1.700000E+00  0.000000E+00     5  2.948487E+03  2.785231E+01  2.606919E+03  1.377516E+03
  1.700000E+00  0.000000E+00     6  9.163245E-12  8.476513E+01  8.360424E-13  9.125025E-12
  1.800000E+00  0.000000E+00     1  1.033254E+02  1.513529E+02 -9.067727E+01  4.953553E+01
  1.800000E+00  0.000000E+00     2  1.467043E-13  1.784479E+02 -1.466504E-13  3.973715E-15
  1.800000E+00  0.000000E+00     3  6.534207E+01  1.205056E+02 -3.316908E+01  5.629742E+01
  1.800000E+00  0.000000E+00     4  9.981885E-12  8.516953E+01  8.405527E-13  9.946432E-12
  1.800000E+00  0.000000E+00     5  2.571640E+03  1.269661E+02 -1.546435E+03  2.054719E+03
  1.800000E+00  0.000000E+00     6  1.139107E-11 -8.078626E+01  1.823915E-12 -1.124410E-11
  1.900000E+00  0.000000E+00     1  1.010096E+02 -1.116609E+02 -3.728385E+01 -9.387680E+01
  1.900000E+00  0.000000E+00     2  3.158514E-13  1.246278E+02 -1.794806E-13  2.599016E-13
  1.900000E+00  0.000000E+00     3  5.738856E+01 -1.356093E+02 -4.100909E+01 -4.014600E+01
  1.900000E+00  0.000000E+00     4  6.946428E-12  1.246617E+02 -3.950638E-12  5.713608E-12
  1.900000E+00  0.000000E+00     5  2.016064E+03 -1.406977E+02 -1.560059E+03 -1.277000E+03
  1.900000E+00  0.000000E+00     6  1.744919E-11 -1.747218E+02 -1.737520E-11 -1.605172E-12
  2.000000E+00  0.000000E+00     1  9.483534E+01 -8.635743E+00  9.376018E+01 -1.423973E+01
  2.000000E+00  0.000000E+00     2  7.808535E-13  1.415051E+02 -6.111454E-13  4.860385E-13
  2.000000E+00  0.000000E+00     3  4.440846E+01 -3.527303E+01  3.625549E+01 -2.564471E+01
  2.000000E+00  0.000000E+00     4  1.352929E-11 -6.031154E+01  6.700838E-12 -1.175332E-11
  2.000000E+00  0.000000E+00     5  1.843822E+03 -3.296930E+01  1.546897E+03 -1.003389E+03
  2.000000E+00  0.000000E+00     6  1.240090E-11  1.519189E+02 -1.094110E-11  5.837353E-12
  2.100000E+00  0.000000E+00     1  8.988489E+01  9.986958E+01 -1.540681E+01  8.855464E+01
  2.100000E+00  0.000000E+00     2  2.947822E-13  1.392488E+02 -2.233126E-13  1.924267E-13
  2.100000E+00  0.000000E+00     3  4.169371E+01  7.478398E+01  1.094289E+01  4.023206E+01
  2.100000E+00  0.000000E+00     4  2.376867E-11  2.186773E+01  2.205842E-11  8.853001E-12
  2.100000E+00  0.000000E+00     5  1.401957E+03  7.550274E+01  3.509571E+02  1.357318E+03
  2.100000E+00  0.000000E+00     6  8.298879E-12 -8.803567E+00  8.201108E-12 -1.270121E-12
  2.200000E+00  0.000000E+00     1  8.541515E+01 -1.448975E+02 -6.988023E+01 -4.911723E+01
  2.200000E+00  0.000000E+00     2  6.184464E-13 -5.816730E+01  3.261939E-13 -5.254270E-13
  2.200000E+00  0.000000E+00     3  3.302718E+01 -1.677717E+02 -3.227783E+01 -6.995424E+00
  2.200000E+00  0.000000E+00     4  3.380857E-11  1.339484E+02 -2.346349E-11  2.434100E-11
  2.200000E+00  0.000000E+00     5  1.299574E+03 -1.745102E+02 -1.293613E+03 -1.243293E+02
  2.200000E+00  0.000000E+00     6  1.798321E-11  6.176791E+01  8.506856E-12  1.584390E-11
  2.300000E+00  0.000000E+00     1  8.135147E+01 -2.527545E+01  7.356333E+01 -3.473467E+01
  2.300000E+00  0.000000E+00     2  8.312603E-13 -1.054705E+02 -2.217316E-13 -8.011422E-13
  2.300000E+00  0.000000E+00     3  2.810362E+01 -5.396658E+01  1.653216E+01 -2.272667E+01
  2.300000E+00  0.000000E+00     4  4.900676E-11  1.070470E+02 -1.436663E-11  4.685362E-11
  2.300000E+00  0.000000E+00     5  1.094406E+03 -5.003742E+01  7.029228E+02 -8.388228E+02
  2.300000E+00  0.000000E+00     6  1.457637E-11 -2.616939E+01  1.308220E-11 -6.428562E-12
  2.400000E+00  0.000000E+00     1  7.792947E+01  9.931644E+01 -1.261576E+01  7.690153E+01
  2.400000E+00  0.000000E+00     2  1.566701E-13  1.176545E+01  1.533786E-13  3.194595E-14
  2.400000E+00  0.000000E+00     3  2.605058E+01  7.359451E+01  7.357554E+00  2.498998E+01
  2.400000E+00  0.000000E+00     4  1.456955E-11  1.046215E+02 -3.677826E-12  1.409771E-11
  2.400000E+00  0.000000E+00     5  8.371773E+02  7.204929E+01  2.580169E+02  7.964252E+02
  2.400000E+00  0.000000E+00     6  1.321336E-11 -1.761714E+02 -1.318387E-11 -8.822869E-13
  2.500000E+00  0.000000E+00     1  7.384477E+01 -1.300101E+02 -4.747646E+01 -5.656001E+01
  2.500000E+00  0.000000E+00     2  4.929135E-13  4.025201E+00  4.916977E-13  3.460019E-14
  2.500000E+00  0.000000E+00     3  2.147605E+01 -1.519278E+02 -1.894951E+01 -1.010627E+01
  2.500000E+00  0.000000E+00     4  2.580091E-11  1.157533E+02 -1.121040E-11  2.323819E-11
  2.500000E+00  0.000000E+00     5  7.684699E+02 -1.623828E+02 -7.324284E+02 -2.325824E+02
  2.500000E+00  0.000000E+00     6  1.709677E-11 -1.074051E+02 -5.114091E-12 -1.631397E-11
  2.600000E+00  0.000000E+00     1  6.974683E+01  6.290761E+00  6.932686E+01  7.642442E+00
  2.600000E+00  0.000000E+00     2  9.036118E-13  1.680901E+01  8.650041E-13  2.613085E-13
  2.600000E+00  0.000000E+00     3  1.762411E+01 -1.979661E+01  1.658254E+01 -5.968973E+00
  2.600000E+00  0.000000E+00     4  3.131158E-11 -1.561667E+02 -2.864148E-11 -1.265231E-11
  2.600000E+00  0.000000E+00     5  7.044662E+02 -2.375189E+01  6.447967E+02 -2.837427E+02
  2.600000E+00  0.000000E+00     6  2.565143E-11  3.944393E+01  1.980923E-11  1.629694E-11
  2.700000E+00  0.000000E+00     1  6.656561E+01  1.475913E+02 -5.619781E+01  3.567613E+01
  2.700000E+00  0.000000E+00     2  5.180275E-13  1.881689E+01  4.903411E-13  1.670871E-13
  2.700000E+00  0.000000E+00     3  1.614607E+01  1.172004E+02 -7.380436E+00  1.436053E+01
  2.700000E+00  0.000000E+00     4  4.500176E-11 -9.120872E+01 -9.492898E-13 -4.499174E-11
  2.700000E+00  0.000000E+00     5  5.642992E+02  1.199753E+02 -2.819392E+02  4.888189E+02
  2.700000E+00  0.000000E+00     6  4.402014E-11 -1.573285E+02 -4.061870E-11 -1.696744E-11
  2.800000E+00  0.000000E+00     1  6.361475E+01 -6.599303E+01  2.588152E+01 -5.811182E+01
  2.800000E+00  0.000000E+00     2  1.784502E-12 -2.921169E+01  1.557553E-12 -8.709044E-13
  2.800000E+00  0.000000E+00     3  1.509932E+01 -9.494634E+01 -1.301904E+00 -1.504309E+01
  2.800000E+00  0.000000E+00     4  1.324608E-10 -1.393799E+02 -1.005434E-10 -8.623740E-11
  2.800000E+00  0.000000E+00     5  4.368648E+02 -9.756061E+01 -5.748045E+01 -4.330668E+02
  2.800000E+00  0.000000E+00     6  3.379333E-11  1.601424E+02 -3.178397E-11  1.147902E-11
  2.900000E+00  0.000000E+00     1  6.054053E+01  8.612846E+01  4.087683E+00  6.040237E+01
  2.900000E+00  0.000000E+00     2  1.006247E-12 -1.573889E+02 -9.289031E-13 -3.868754E-13
  2.900000E+00  0.000000E+00     3  1.325800E+01  5.978073E+01  6.672892E+00  1.145631E+01
  2.900000E+00  0.000000E+00     4  2.983629E-11 -6.413331E+01  1.301694E-11 -2.684704E-11
  2.900000E+00  0.000000E+00     5  3.737750E+02  4.423249E+01  2.678154E+02  2.607348E+02
  2.900000E+00  0.000000E+00     6  3.416344E-11  1.184802E+02 -1.629100E-11  3.002905E-11
  3.000000E+00  0.000000E+00     1  5.779434E+01 -1.161503E+02 -2.547151E+01 -5.187859E+01
  3.000000E+00  0.000000E+00     2  3.602945E-12 -1.403071E+02 -2.772388E-12 -2.301103E-12
  3.000000E+00  0.000000E+00     3  1.058630E+01 -1.416514E+02 -8.302316E+00 -6.568208E+00
  3.000000E+00  0.000000E+00     4  1.419822E-10 -1.180832E+01  1.389775E-10 -2.905499E-11
  3.000000E+00  0.000000E+00     5  3.430803E+02 -1.685662E+02 -3.362717E+02 -6.801061E+01
  3.000000E+00  0.000000E+00     6  5.844820E-11 -5.004621E+01  3.753366E-11 -4.480421E-11
  3.100000E+00  0.000000E+00     1  5.532130E+01  4.636674E+01  3.817390E+01  4.003998E+01
  3.100000E+00  0.000000E+00     2  3.962054E-12 -1.278239E+02 -2.429678E-12 -3.129622E-12
  3.100000E+00  0.000000E+00     3  7.447069E+00  1.683598E+01  7.127871E+00  2.156916E+00
  3.100000E+00  0.000000E+00     4  7.916151E-10  1.182258E+02 -3.743924E-10  6.974846E-10
  3.100000E+00  0.000000E+00     5  3.317501E+02 -1.834868E+01  3.148833E+02 -1.044346E+02
  3.100000E+00  0.000000E+00     6  1.296399E-10  1.293482E+02 -8.219573E-11  1.002515E-10
  3.200000E+00  0.000000E+00     1  5.366289E+01 -1.475750E+02 -4.529652E+01 -2.877381E+01
  3.200000E+00  0.000000E+00     2  1.086959E-12  5.102369E+01  6.836963E-13  8.450087E-13
  3.200000E+00  0.000000E+00     3  1.101280E+01  1.672608E+02 -1.074171E+01  2.428468E+00
  3.200000E+00  0.000000E+00     4  2.585852E-11 -1.308893E+02 -1.692698E-11 -1.954841E-11
  3.200000E+00  0.000000E+00     5  2.661909E+02  1.256482E+02 -1.551380E+02  2.163096E+02
  3.200000E+00  0.000000E+00     6  3.072333E-11  1.272496E+02 -1.859650E-11  2.445595E-11
  3.300000E+00  0.000000E+00     1  5.165833E+01  2.315568E+01  4.749672E+01  2.031365E+01
  3.300000E+00  0.000000E+00     2  1.649465E-12  6.773132E+01  6.250653E-13  1.526443E-12
  3.300000E+00  0.000000E+00     3  2.783665E+01 -8.506016E+01  2.397007E+00 -2.773325E+01
  3.300000E+00  0.000000E+00     4  1.312043E-10 -9.942190E+01 -2.147855E-11 -1.294344E-10
  3.300000E+00  0.000000E+00     5  2.281438E+02 -4.529688E+01  1.604840E+02 -1.621558E+02
  3.300000E+00  0.000000E+00     6  3.218202E-11  1.693343E+02 -3.162604E-11  5.956184E-12
  3.400000E+00  0.000000E+00     1  5.399214E+01 -1.511157E+02 -4.727536E+01 -2.608049E+01
  3.400000E+00  0.000000E+00     2  1.806141E-12  3.473693E+01  1.484245E-12  1.029156E-12
  3.400000E+00  0.000000E+00     3  4.813562E+01  1.122685E+02 -1.824090E+01  4.454557E+01
  3.400000E+00  0.000000E+00     4  1.245165E-10  1.634997E+02 -1.193887E-10  3.536521E-11
  3.400000E+00  0.000000E+00     5  1.176583E+03  8.763015E+01  4.865165E+01  1.175577E+03
  3.400000E+00  0.000000E+00     6  3.564137E-11 -1.297688E+02 -2.279948E-11 -2.739509E-11
  3.500000E+00  0.000000E+00     1  2.158941E+01  2.914448E+01  1.885607E+01  1.051434E+01
  3.500000E+00  0.000000E+00     2  6.968338E-12 -4.240682E+01  5.145247E-12 -4.699379E-12
  3.500000E+00  0.000000E+00     3  9.945772E+01  1.597999E+02 -9.334029E+01  3.434279E+01
  3.500000E+00  0.000000E+00     4  1.977049E-10  1.383630E+02 -1.477586E-10  1.313568E-10
  3.500000E+00  0.000000E+00     5  1.136684E+03 -1.055563E+02 -3.048409E+02 -1.095044E+03
  3.500000E+00  0.000000E+00     6  5.158071E-11 -3.481790E+01  4.234626E-11 -2.945104E-11
  3.600000E+00  0.000000E+00     1  4.914524E+01 -1.501823E+02 -4.263899E+01 -2.443710E+01
  3.600000E+00  0.000000E+00     2  2.988946E-12 -1.676449E+02 -2.919722E-12 -6.395439E-13
  3.600000E+00  0.000000E+00     3  3.086658E+01  1.702319E+02 -3.041909E+01  5.236875E+00
  3.600000E+00  0.000000E+00     4  1.752637E-10  3.572676E+01  1.422810E-10  1.023401E-10
  3.600000E+00  0.000000E+00     5  1.565743E+03  5.305270E+01  9.411372E+02  1.251325E+03
  3.600000E+00  0.000000E+00     6  5.311625E-11  1.699432E+02 -5.230012E-11  9.275424E-12
  3.700000E+00  0.000000E+00     1  4.093489E+01  5.545163E+01  2.321425E+01  3.371593E+01
  3.700000E+00  0.000000E+00     2  5.288239E-12  5.926850E+01  2.702373E-12  4.545619E-12
  3.700000E+00  0.000000E+00     3  7.945944E+00  4.647241E+01  5.472402E+00  5.761149E+00
  3.700000E+00  0.000000E+00     4  1.672290E-10  1.339521E+02 -1.160664E-10  1.203916E-10
  3.700000E+00  0.000000E+00     5  3.391472E+02  7.961545E+01  6.113260E+01  3.335920E+02
  3.700000E+00  0.000000E+00     6  1.933602E-10  2.446493E+01  1.759993E-10  8.007743E-11
  3.800000E+00  0.000000E+00     1  3.834007E+01 -1.122318E+02 -1.450613E+01 -3.548990E+01
  3.800000E+00  0.000000E+00     2  7.583512E-12 -1.311871E+01  7.385597E-12 -1.721225E-12
  3.800000E+00  0.000000E+00     3  9.655152E+00  1.313595E+02 -6.379950E+00  7.246944E+00
  3.800000E+00  0.000000E+00     4  1.126914E-10 -1.644069E+02 -1.085438E-10 -3.029195E-11
  3.800000E+00  0.000000E+00     5  6.396049E+02  6.908676E+01  2.283095E+02  5.974691E+02
  3.800000E+00  0.000000E+00     6  4.269810E-11  5.610948E+01  2.380880E-11  3.544389E-11
  3.900000E+00  0.000000E+00     1  2.702769E+01  1.028041E+02 -5.989826E+00  2.635561E+01
  3.900000E+00  0.000000E+00     2  1.145424E-11  3.744491E+01  9.093956E-12  6.964156E-12
  3.900000E+00  0.000000E+00     3  2.208467E+01 -1.669302E+02 -2.151257E+01 -4.994180E+00
  3.900000E+00  0.000000E+00     4  5.746862E-11  1.552096E+02 -5.217275E-11  2.409661E-11
  3.900000E+00  0.000000E+00     5  1.025366E+03 -1.559849E+02 -9.366092E+02 -4.173003E+02
  3.900000E+00  0.000000E+00     6  2.907572E-10  5.508692E+01  1.664100E-10  2.384271E-10
  4.000000E+00  0.000000E+00     1  3.469275E+01 -4.719937E+01  2.357197E+01 -2.545485E+01
  4.000000E+00  0.000000E+00     2  5.136544E-12  3.655532E+01  4.126094E-12  3.059319E-12
  4.000000E+00  0.000000E+00     3  4.474101E+00 -9.566907E+00  4.411876E+00 -7.435920E-01
  4.000000E+00  0.000000E+00     4  1.816829E-10  1.569059E+02 -1.671231E-10  7.126380E-11
  4.000000E+00  0.000000E+00     5  2.814182E+02 -2.557623E+01  2.538425E+02 -1.214915E+02
  4.000000E+00  0.000000E+00     6  5.337098E-11 -4.771477E+01  3.590916E-11 -3.948410E-11
