  0.004   0.200    0.21857E-07   0.61680E+08   0.14768E-05  -0.21957E+10   0.12726E-04   0.10545E+11
  0.009   0.300    0.51543E-07   0.64814E+08   0.12296E-05  -0.23185E+10  -0.14438E-03   0.10867E+11
  0.016   0.400    0.18164E-06   0.69032E+08   0.34436E-06  -0.24851E+10  -0.70602E-04   0.11472E+11
  0.025   0.500   -0.12195E-07   0.71197E+08   0.56060E-06  -0.25749E+10  -0.62756E-04   0.12334E+11
  0.037   0.600    0.16036E-07   0.68765E+08   0.89873E-07  -0.24873E+10  -0.49181E-04   0.12732E+11
  0.050   0.700    0.47876E-07   0.63543E+08  -0.51643E-06  -0.22897E+10   0.17054E-04   0.12004E+11
  0.065   0.800    0.46886E-07   0.57370E+08   0.98588E-06  -0.20520E+10  -0.74878E-06   0.10897E+11
  0.083   0.900    0.33382E-07   0.51396E+08  -0.25582E-06  -0.18186E+10  -0.10268E-03   0.98618E+10
  0.102   1.000   -0.11061E-06   0.46582E+08  -0.41143E-05  -0.16283E+10  -0.18951E-03   0.89138E+10
  0.123   1.100    0.35380E-06   0.42859E+08   0.15798E-05  -0.14791E+10   0.23677E-04   0.82130E+10
  0.147   1.200    0.39261E-06   0.40213E+08  -0.27780E-07  -0.13715E+10   0.47959E-04   0.77225E+10
  0.172   1.300   -0.40035E-06   0.38495E+08   0.59236E-06  -0.13001E+10  -0.99949E-04   0.74484E+10
  0.200   1.400    0.26568E-06   0.37593E+08  -0.79686E-07  -0.12612E+10   0.11027E-05   0.73171E+10
  0.229   1.500   -0.15732E-06   0.37325E+08   0.41223E-06  -0.12477E+10  -0.73882E-05   0.72627E+10
  0.261   1.600    0.23866E-06   0.37515E+08  -0.13653E-06  -0.12527E+10  -0.30641E-05   0.72561E+10
  0.295   1.700    0.14463E-06   0.38022E+08  -0.47788E-06  -0.12704E+10  -0.34565E-04   0.73024E+10
  0.330   1.800   -0.32453E-07   0.38700E+08  -0.11920E-05  -0.12951E+10   0.18635E-03   0.74069E+10
  0.368   1.900    0.12932E-06   0.39420E+08  -0.12607E-05  -0.13214E+10   0.24823E-03   0.75423E+10
  0.408   2.000   -0.11916E-06   0.40085E+08   0.51252E-05  -0.13454E+10   0.37087E-04   0.76732E+10
  0.450   2.100   -0.13935E-06   0.40407E+08   0.38814E-05  -0.13551E+10   0.32520E-03   0.77575E+10
  0.494   2.200   -0.14073E-06   0.39495E+08   0.13176E-05  -0.13131E+10  -0.30383E-04   0.76697E+10
  0.539   2.300   -0.90191E-06   0.35775E+08   0.16484E-04  -0.11519E+10  -0.82744E-03   0.71381E+10
  0.587   2.400    0.40318E-05   0.27899E+08  -0.13733E-05  -0.81364E+09   0.14829E-02   0.58607E+10
  0.637   2.500    0.12423E-05   0.17707E+08   0.70338E-05  -0.37730E+09  -0.16640E-02   0.40080E+10
  0.689   2.600   -0.14631E-05   0.10258E+08   0.90523E-05  -0.59077E+08   0.11235E-03   0.24485E+10
  0.743   2.700   -0.15612E-05   0.79479E+07   0.19663E-04   0.39782E+08  -0.15009E-03   0.17984E+10
  0.799   2.800   -0.16393E-05   0.92018E+07   0.73981E-05  -0.12572E+08  -0.17030E-04   0.18982E+10
  0.858   2.900    0.20445E-05   0.11380E+08  -0.29043E-05  -0.10773E+09   0.25576E-03   0.22409E+10
  0.918   3.000   -0.97129E-07   0.13705E+08  -0.65796E-05  -0.21095E+09   0.31695E-03   0.26385E+10
  0.980   3.100   -0.50710E-07   0.16029E+08   0.26507E-05  -0.31647E+09  -0.10788E-04   0.30257E+10
  1.044   3.200   -0.45920E-07   0.17050E+08  -0.26412E-05  -0.37661E+09  -0.81710E-04   0.32675E+10
  1.110   3.300    0.54009E-06   0.17878E+08  -0.19309E-05  -0.42434E+09  -0.12324E-03   0.34468E+10
  1.179   3.400    0.41650E-07   0.17931E+08   0.11297E-05  -0.44275E+09   0.93103E-04   0.34760E+10
  1.249   3.500    0.34801E-06   0.18119E+08  -0.49524E-06  -0.46058E+09   0.24709E-04   0.35070E+10
  1.322   3.600   -0.40746E-06   0.18751E+08  -0.17890E-05  -0.49237E+09   0.54947E-05   0.36312E+10
  1.396   3.700    0.26174E-06   0.18081E+08   0.28770E-06  -0.48175E+09   0.14405E-03   0.35090E+10
  1.472   3.800   -0.18166E-06   0.18919E+08  -0.23781E-05  -0.51797E+09   0.38599E-04   0.36688E+10
  1.551   3.900   -0.33949E-06   0.18628E+08   0.12468E-06  -0.52326E+09  -0.12566E-03   0.36190E+10
  1.632   4.000   -0.96529E-06   0.19815E+08   0.19772E-05  -0.57793E+09   0.17822E-03   0.38639E+10
