  0.004   0.200    0.15024E+07  -0.19973E-08   0.72119E-07   0.45402E-07   0.21326E+09   0.36089E-07
  0.009   0.300    0.16068E+07  -0.25875E-08   0.51557E-07   0.13912E-07   0.25543E+09   0.24389E-07
  0.016   0.400    0.16741E+07  -0.28813E-08   0.28900E-07   0.51165E-07   0.26250E+09   0.91270E-07
  0.025   0.500    0.16567E+07  -0.29195E-08   0.15712E-07  -0.94296E-08   0.20107E+09   0.35507E-07
  0.037   0.600    0.16723E+07   0.30013E-09   0.25291E-07   0.62457E-07   0.11753E+09  -0.16659E-06
  0.050   0.700    0.17324E+07  -0.23010E-08   0.36670E-07   0.17654E-06   0.60871E+08  -0.14587E-06
  0.065   0.800    0.16955E+07   0.11642E-09  -0.71796E-08   0.13696E-06   0.29868E+08   0.76834E-07
  0.083   0.900    0.15636E+07   0.36562E-09  -0.85297E-08   0.22235E-07  -0.81533E+07  -0.15716E-08
  0.102   1.000    0.13028E+07  -0.95552E-08   0.46824E-07  -0.24043E-06  -0.41707E+08  -0.69552E-06
  0.123   1.100    0.96376E+06  -0.93901E-08  -0.94979E-08  -0.76275E-06  -0.62054E+08   0.47396E-06
  0.147   1.200    0.63594E+06   0.41736E-08   0.23022E-07  -0.13159E-06  -0.64454E+08  -0.53847E-06
  0.172   1.300    0.39004E+06   0.33169E-08  -0.46298E-08  -0.73683E-07  -0.56186E+08  -0.27794E-08
  0.200   1.400    0.24494E+06  -0.13556E-08   0.22122E-07  -0.38711E-07  -0.45311E+08   0.35366E-06
  0.229   1.500    0.17865E+06   0.20316E-09   0.10579E-07  -0.58378E-07  -0.37784E+08  -0.42201E-08
  0.261   1.600    0.14830E+06  -0.17795E-08   0.22503E-07   0.15404E-06  -0.34287E+08  -0.61460E-07
  0.295   1.700    0.12235E+06  -0.12965E-08   0.21598E-07   0.93954E-07  -0.30794E+08  -0.13180E-06
  0.330   1.800    0.97971E+05  -0.16967E-08   0.10796E-08   0.34430E-07  -0.25108E+08  -0.11537E-06
  0.368   1.900    0.85305E+05   0.16457E-08  -0.21389E-07  -0.96043E-09  -0.19213E+08  -0.39543E-06
  0.408   2.000    0.86413E+05  -0.35113E-08  -0.19791E-08   0.15450E-06  -0.15392E+08   0.68831E-07
  0.450   2.100    0.92162E+05   0.79322E-08   0.24938E-08  -0.30908E-06  -0.12799E+08  -0.16807E-06
  0.494   2.200    0.98390E+05  -0.25193E-08   0.26648E-08   0.11131E-06  -0.97903E+07  -0.18621E-06
  0.539   2.300    0.10775E+06   0.21068E-08   0.16134E-08  -0.58077E-07  -0.67884E+07  -0.28545E-06
  0.587   2.400    0.11995E+06   0.14810E-07  -0.37626E-07  -0.70149E-06  -0.43078E+07  -0.22660E-06
  0.637   2.500    0.13176E+06   0.92232E-08  -0.26574E-07  -0.43062E-06  -0.15421E+07  -0.14470E-06
  0.689   2.600    0.14389E+06   0.20300E-08  -0.19554E-08  -0.12228E-06   0.11997E+07   0.26665E-06
  0.743   2.700    0.15712E+06  -0.55124E-08   0.13673E-07   0.12368E-06   0.32933E+07   0.37311E-07
  0.799   2.800    0.16958E+06  -0.30554E-08   0.90840E-08   0.10991E-06   0.51540E+07   0.33071E-06
  0.858   2.900    0.18175E+06  -0.79808E-10   0.61755E-09  -0.29351E-07   0.67957E+07  -0.32596E-07
  0.918   3.000    0.19345E+06  -0.10550E-09   0.10456E-07  -0.21028E-08   0.84818E+07   0.42375E-07
  0.980   3.100    0.20327E+06  -0.14265E-08   0.11511E-07   0.48967E-07   0.94085E+07  -0.66211E-08
  1.044   3.200    0.21312E+06  -0.12749E-08   0.73728E-08   0.35092E-07   0.10177E+08  -0.25524E-07
  1.110   3.300    0.22419E+06  -0.30536E-09   0.64306E-08   0.81818E-08   0.10297E+08  -0.15803E-07
  1.179   3.400    0.23381E+06  -0.83418E-09   0.86675E-08   0.33544E-07   0.10645E+08   0.29904E-07
  1.249   3.500    0.24336E+06  -0.55456E-09   0.10087E-07   0.29295E-07   0.10789E+08   0.12689E-07
  1.322   3.600    0.25143E+06  -0.76579E-09   0.81537E-08   0.26517E-07   0.11510E+08  -0.10647E-07
  1.396   3.700    0.25919E+06  -0.23551E-08   0.13577E-07   0.92135E-07   0.12377E+08  -0.12515E-08
  1.472   3.800    0.26830E+06  -0.40627E-09   0.87946E-08   0.14115E-07   0.12750E+08  -0.54157E-07
  1.551   3.900    0.27458E+06  -0.92246E-09   0.10194E-07   0.48713E-07   0.12333E+08   0.28667E-07
  1.632   4.000    0.28142E+06  -0.12930E-08   0.77803E-08   0.48527E-07   0.12294E+08  -0.13098E-06
