  0.004   0.200   -0.85129E-09  -0.37780E-08   0.20928E+09   0.30035E-06  -0.25113E+10  -0.40012E-06
  0.009   0.300   -0.47658E-09   0.58344E-08   0.17961E+09  -0.61293E-07  -0.21554E+10  -0.19313E-06
  0.016   0.400   -0.45111E-09   0.29377E-09   0.14298E+09   0.83237E-08  -0.17158E+10  -0.18219E-06
  0.025   0.500   -0.46789E-08  -0.46521E-08   0.11090E+09   0.12422E-06  -0.13308E+10  -0.29616E-06
  0.037   0.600    0.26057E-09  -0.74579E-10   0.89690E+08   0.15873E-06  -0.10763E+10  -0.29441E-06
  0.050   0.700   -0.16053E-08  -0.59299E-09   0.78956E+08   0.98196E-07  -0.94748E+09   0.17346E-07
  0.065   0.800   -0.35238E-08   0.20600E-08   0.72882E+08   0.22142E-06  -0.87458E+09  -0.10559E-06
  0.083   0.900   -0.91204E-08   0.14370E-09   0.68906E+08  -0.77096E-07  -0.82688E+09   0.33120E-07
  0.102   1.000   -0.31038E-07  -0.17557E-07   0.66988E+08  -0.26324E-05  -0.80386E+09  -0.19950E-05
  0.123   1.100    0.14605E-07  -0.11026E-06   0.66454E+08  -0.21775E-05  -0.79745E+09   0.22562E-05
  0.147   1.200   -0.31543E-07   0.72489E-07   0.67019E+08  -0.15112E-05  -0.80423E+09  -0.37170E-05
  0.172   1.300   -0.33681E-08   0.89378E-07   0.68338E+08  -0.21666E-05  -0.82005E+09   0.18492E-05
  0.200   1.400    0.20574E-07  -0.14865E-07   0.70164E+08   0.84518E-06  -0.84196E+09   0.16908E-05
  0.229   1.500    0.26269E-07   0.13613E-07   0.72030E+08  -0.20585E-05  -0.86436E+09   0.26900E-05
  0.261   1.600   -0.49532E-07  -0.35589E-06   0.73327E+08   0.13347E-04  -0.87992E+09  -0.19351E-05
  0.295   1.700   -0.35524E-07  -0.13265E-07   0.73868E+08   0.17359E-05  -0.88642E+09  -0.37311E-05
  0.330   1.800   -0.95783E-07   0.18959E-06   0.74177E+08  -0.60942E-05  -0.89012E+09   0.33239E-05
  0.368   1.900   -0.13369E-07  -0.47640E-06   0.74715E+08   0.18304E-04  -0.89658E+09  -0.86121E-06
  0.408   2.000    0.99016E-07   0.77868E-06   0.75177E+08  -0.31934E-04  -0.90212E+09   0.84518E-05
  0.450   2.100   -0.11050E-06   0.19033E-06   0.74474E+08  -0.11672E-04  -0.89369E+09   0.15409E-04
  0.494   2.200   -0.42170E-07   0.32441E-06   0.70931E+08  -0.12831E-04  -0.85117E+09   0.25643E-04
  0.539   2.300    0.52966E-07  -0.53730E-06   0.62774E+08   0.21564E-04  -0.75329E+09   0.13236E-05
  0.587   2.400    0.35542E-06   0.12195E-05   0.50592E+08  -0.45433E-04  -0.60710E+09   0.44210E-04
  0.637   2.500    0.10018E-06  -0.18443E-06   0.39476E+08   0.10506E-04  -0.47371E+09  -0.28500E-04
  0.689   2.600    0.21843E-06   0.55147E-07   0.34521E+08   0.31612E-05  -0.41425E+09  -0.23787E-04
  0.743   2.700   -0.10491E-06   0.27586E-06   0.34815E+08  -0.11652E-04  -0.41778E+09   0.27227E-04
  0.799   2.800   -0.33051E-07   0.33219E-07   0.37192E+08   0.64909E-06  -0.44630E+09  -0.22508E-05
  0.858   2.900    0.67895E-06   0.51090E-07   0.40536E+08   0.11937E-05  -0.48643E+09   0.18104E-05
  0.918   3.000   -0.31674E-06  -0.18292E-06   0.43646E+08   0.53716E-05  -0.52375E+09  -0.14746E-04
  0.980   3.100    0.43404E-07  -0.52855E-07   0.45536E+08   0.44821E-05  -0.54643E+09  -0.15307E-05
  1.044   3.200    0.38319E-07   0.54591E-07   0.47488E+08   0.22959E-05  -0.56986E+09  -0.33710E-05
  1.110   3.300   -0.11776E-06   0.13765E-07   0.44490E+08   0.14166E-06  -0.53388E+09  -0.37442E-07
  1.179   3.400   -0.63988E-07   0.12292E-07   0.47013E+08   0.43205E-06  -0.56415E+09   0.44290E-06
  1.249   3.500    0.30284E-07   0.81510E-07   0.46302E+08  -0.28426E-05  -0.55563E+09  -0.71418E-06
  1.322   3.600    0.65406E-07   0.29001E-07   0.45615E+08  -0.18209E-05  -0.54738E+09  -0.74818E-05
  1.396   3.700    0.14789E-06  -0.57097E-07   0.46370E+08   0.19080E-05  -0.55644E+09  -0.11650E-05
  1.472   3.800    0.14510E-07  -0.54793E-07   0.45115E+08   0.17296E-05  -0.54138E+09  -0.61948E-06
  1.551   3.900    0.11604E-06  -0.46056E-07   0.46333E+08   0.17713E-05  -0.55600E+09   0.63317E-05
  1.632   4.000    0.16084E-06  -0.74045E-07   0.45932E+08  -0.29500E-05  -0.55119E+09   0.81303E-05
