  0.004   0.200    0.18654E+09  -0.49688E-07  -0.25113E+10   0.67750E-05   0.29566E+12   0.25402E-06
  0.009   0.300    0.22453E+09  -0.65032E-07  -0.21554E+10   0.13139E-04   0.31589E+12  -0.26354E-04
  0.016   0.400    0.22944E+09  -0.12136E-07  -0.17158E+10   0.57922E-05   0.31692E+12  -0.18273E-05
  0.025   0.500    0.16570E+09   0.13447E-07  -0.13308E+10   0.71135E-05   0.28242E+12  -0.61118E-08
  0.037   0.600    0.81908E+08  -0.23810E-06  -0.10763E+10   0.22718E-05   0.23459E+12   0.14058E-04
  0.050   0.700    0.38676E+08   0.36606E-07  -0.94748E+09  -0.75135E-05   0.19283E+12   0.11682E-04
  0.065   0.800    0.18268E+08  -0.11798E-06  -0.87458E+09  -0.47299E-05   0.16791E+12  -0.50640E-05
  0.083   0.900   -0.69853E+07  -0.23331E-06  -0.82688E+09  -0.17657E-05   0.15476E+12   0.96651E-05
  0.102   1.000   -0.23864E+08  -0.11396E-05  -0.80386E+09   0.11177E-03   0.14687E+12  -0.72205E-03
  0.123   1.100   -0.35323E+08   0.92447E-05  -0.79745E+09   0.19646E-03   0.14372E+12  -0.42409E-04
  0.147   1.200   -0.39104E+08  -0.10767E-05  -0.80423E+09  -0.70583E-04   0.14310E+12  -0.40654E-04
  0.172   1.300   -0.36802E+08  -0.29093E-05  -0.82005E+09   0.40784E-04   0.14416E+12   0.10706E-04
  0.200   1.400   -0.31298E+08   0.34443E-06  -0.84196E+09  -0.33654E-04   0.14603E+12   0.53659E-04
  0.229   1.500   -0.25773E+08   0.41213E-06  -0.86436E+09   0.32832E-04   0.14816E+12  -0.13197E-04
  0.261   1.600   -0.21525E+08   0.45590E-05  -0.87992E+09  -0.18762E-03   0.14994E+12   0.13010E-03
  0.295   1.700   -0.17979E+08  -0.46812E-05  -0.88642E+09   0.83173E-04   0.15108E+12  -0.12166E-03
  0.330   1.800   -0.14314E+08  -0.51590E-06  -0.89012E+09   0.87147E-04   0.15210E+12   0.39274E-03
  0.368   1.900   -0.10473E+08   0.43900E-05  -0.89658E+09  -0.19890E-03   0.15362E+12   0.24277E-03
  0.408   2.000   -0.71249E+07  -0.49152E-05  -0.90212E+09   0.19953E-03   0.15541E+12   0.26232E-03
  0.450   2.100   -0.43185E+07  -0.58472E-05  -0.89369E+09   0.16108E-03   0.15610E+12   0.87828E-03
  0.494   2.200   -0.17132E+07  -0.10158E-04  -0.85117E+09   0.46821E-03   0.15303E+12  -0.73421E-03
  0.539   2.300    0.66359E+06   0.11499E-04  -0.75329E+09  -0.56797E-03   0.14228E+12   0.35492E-03
  0.587   2.400    0.27403E+07  -0.26459E-04  -0.60710E+09   0.75878E-03   0.12148E+12  -0.16605E-02
  0.637   2.500    0.46427E+07  -0.11743E-04  -0.47371E+09   0.33516E-03   0.96926E+11  -0.11172E-03
  0.689   2.600    0.62926E+07  -0.58367E-05  -0.41425E+09  -0.32652E-03   0.81609E+11  -0.16843E-02
  0.743   2.700    0.77995E+07   0.16088E-04  -0.41778E+09  -0.25005E-03   0.78328E+11  -0.81757E-03
  0.799   2.800    0.92317E+07   0.28344E-05  -0.44630E+09  -0.91618E-04   0.81225E+11  -0.25659E-03
  0.858   2.900    0.10593E+08   0.57758E-05  -0.48643E+09   0.79274E-04   0.87193E+11   0.36442E-03
  0.918   3.000    0.12090E+08  -0.17973E-06  -0.52375E+09   0.14709E-04   0.93416E+11   0.85268E-04
  0.980   3.100    0.12961E+08   0.35159E-06  -0.54643E+09  -0.69240E-04   0.97354E+11   0.22095E-03
  1.044   3.200    0.13550E+08  -0.52228E-06  -0.56986E+09   0.12700E-03   0.10151E+12   0.10454E-03
  1.110   3.300    0.13461E+08  -0.36830E-06  -0.53388E+09  -0.64517E-04   0.97113E+11  -0.16912E-03
  1.179   3.400    0.13536E+08  -0.64624E-06  -0.56415E+09   0.38364E-04   0.10127E+12  -0.15031E-03
  1.249   3.500    0.13724E+08  -0.11130E-05  -0.55563E+09   0.11067E-03   0.10007E+12  -0.10256E-03
  1.322   3.600    0.13623E+08  -0.41985E-05  -0.54738E+09  -0.14747E-04   0.98574E+11   0.16800E-03
  1.396   3.700    0.13934E+08  -0.62945E-06  -0.55644E+09   0.14199E-03   0.10002E+12   0.16413E-03
  1.472   3.800    0.13803E+08  -0.25299E-06  -0.54138E+09  -0.14673E-03   0.97544E+11   0.20390E-03
  1.551   3.900    0.13657E+08  -0.69315E-05  -0.55600E+09   0.19683E-03   0.99879E+11  -0.17751E-03
  1.632   4.000    0.13593E+08  -0.57517E-05  -0.55119E+09  -0.29726E-03   0.99326E+11  -0.20851E-04
