  0.004   0.200    0.14174E-07  -0.17305E+09   0.62841E-06   0.63848E+10  -0.37730E-04  -0.20766E+10
  0.009   0.300   -0.33033E-07  -0.18246E+09  -0.97230E-06   0.67541E+10  -0.71824E-05  -0.21896E+10
  0.016   0.400   -0.72032E-08  -0.19520E+09   0.62981E-06   0.72573E+10   0.12808E-04  -0.23424E+10
  0.025   0.500   -0.25146E-07  -0.20188E+09  -0.14500E-06   0.75342E+10   0.42766E-05  -0.24226E+10
  0.037   0.600   -0.18081E-07  -0.19481E+09   0.25067E-06   0.72802E+10   0.30734E-05  -0.23377E+10
  0.050   0.700    0.27794E-08  -0.17937E+09   0.39543E-06   0.66965E+10  -0.19234E-04  -0.21525E+10
  0.065   0.800   -0.32709E-07  -0.16106E+09   0.15323E-06   0.59918E+10   0.15162E-05  -0.19327E+10
  0.083   0.900   -0.26715E-07  -0.14323E+09   0.65324E-07   0.52960E+10  -0.58953E-05  -0.17188E+10
  0.102   1.000    0.72971E-07  -0.12879E+09  -0.17282E-06   0.47262E+10  -0.59694E-04  -0.15455E+10
  0.123   1.100   -0.30275E-07  -0.11746E+09  -0.24578E-06   0.42732E+10   0.52571E-04  -0.14096E+10
  0.147   1.200    0.61700E-08  -0.10925E+09   0.38229E-06   0.39400E+10   0.28368E-04  -0.13110E+10
  0.172   1.300   -0.31367E-07  -0.10366E+09  -0.56374E-06   0.37086E+10  -0.19416E-04  -0.12439E+10
  0.200   1.400   -0.82837E-08  -0.10031E+09   0.31854E-07   0.35659E+10   0.43269E-05  -0.12037E+10
  0.229   1.500    0.29615E-07  -0.98631E+08  -0.10191E-05   0.34895E+10   0.34893E-04  -0.11836E+10
  0.261   1.600   -0.94336E-07  -0.98127E+08   0.31437E-05   0.34594E+10  -0.15181E-04  -0.11775E+10
  0.295   1.700    0.50572E-07  -0.98444E+08  -0.25124E-06   0.34622E+10   0.48323E-04  -0.11813E+10
  0.330   1.800   -0.23809E-06  -0.99273E+08  -0.44737E-05   0.34855E+10   0.10021E-03  -0.11913E+10
  0.368   1.900   -0.19719E-06  -0.10031E+09   0.38027E-05   0.35170E+10  -0.10845E-03  -0.12037E+10
  0.408   2.000   -0.25811E-08  -0.10123E+09  -0.13518E-04   0.35432E+10   0.37497E-04  -0.12148E+10
  0.450   2.100   -0.37613E-07  -0.10110E+09  -0.71853E-05   0.35254E+10  -0.31552E-04  -0.12132E+10
  0.494   2.200    0.61306E-06  -0.97442E+08  -0.23541E-05   0.33588E+10  -0.30310E-03  -0.11693E+10
  0.539   2.300    0.44770E-06  -0.86111E+08  -0.55082E-05   0.28655E+10  -0.26858E-03  -0.10333E+10
  0.587   2.400   -0.16106E-05  -0.63591E+08   0.25737E-05   0.18953E+10  -0.93532E-04  -0.76310E+09
  0.637   2.500   -0.18066E-05  -0.35047E+08  -0.40613E-05   0.67074E+09   0.47050E-03  -0.42056E+09
  0.689   2.600   -0.69795E-07  -0.14567E+08  -0.25098E-05  -0.20543E+09   0.70536E-03  -0.17480E+09
  0.743   2.700    0.10508E-05  -0.87317E+07  -0.14759E-04  -0.45566E+09  -0.40510E-03  -0.10478E+09
  0.799   2.800   -0.49014E-06  -0.12851E+08  -0.61286E-05  -0.28398E+09   0.17664E-03  -0.15421E+09
  0.858   2.900   -0.30572E-05  -0.19371E+08   0.36954E-06   0.43597E+06   0.23819E-03  -0.23245E+09
  0.918   3.000    0.66493E-06  -0.26234E+08   0.59477E-07   0.30513E+09  -0.67340E-04  -0.31481E+09
  0.980   3.100   -0.13006E-06  -0.33410E+08   0.37862E-06   0.62797E+09  -0.77750E-04  -0.40092E+09
  1.044   3.200    0.11198E-06  -0.36849E+08   0.15695E-05   0.82235E+09   0.25985E-04  -0.44219E+09
  1.110   3.300    0.26116E-06  -0.39656E+08   0.26760E-06   0.97760E+09   0.49649E-05  -0.47587E+09
  1.179   3.400    0.14643E-06  -0.40304E+08  -0.24775E-05   0.10503E+10   0.51297E-04  -0.48365E+09
  1.249   3.500    0.45953E-06  -0.40866E+08  -0.11881E-05   0.11050E+10   0.24025E-04  -0.49039E+09
  1.322   3.600    0.30286E-07  -0.42896E+08   0.21650E-05   0.12041E+10  -0.56680E-04  -0.51476E+09
  1.396   3.700   -0.11178E-06  -0.41083E+08   0.97125E-06   0.11784E+10   0.21228E-04  -0.49299E+09
  1.472   3.800    0.77239E-09  -0.43447E+08  -0.62573E-08   0.12817E+10   0.28053E-04  -0.52137E+09
  1.551   3.900    0.15921E-06  -0.42888E+08   0.11534E-05   0.13054E+10   0.54007E-05  -0.51465E+09
  1.632   4.000   -0.52485E-06  -0.45808E+08  -0.41160E-05   0.14523E+10   0.32879E-04  -0.54970E+09
