  0.004   0.200   -0.81127E-09   0.51400E+07  -0.39450E-07  -0.18297E+09   0.15392E-05   0.61680E+08
  0.009   0.300    0.12235E-08   0.54011E+07   0.20093E-07  -0.19321E+09   0.17136E-06   0.64814E+08
  0.016   0.400    0.23624E-09   0.57527E+07  -0.35141E-07  -0.20709E+09  -0.77439E-06   0.69032E+08
  0.025   0.500    0.13806E-08   0.59331E+07   0.12642E-09  -0.21457E+09  -0.71828E-07   0.71197E+08
  0.037   0.600    0.63756E-09   0.57304E+07  -0.12032E-07  -0.20727E+09  -0.22666E-06   0.68765E+08
  0.050   0.700   -0.10856E-08   0.52952E+07  -0.49795E-09  -0.19081E+09   0.11392E-05   0.63543E+08
  0.065   0.800    0.17815E-08   0.47808E+07  -0.14876E-07  -0.17100E+09  -0.25873E-06   0.57370E+08
  0.083   0.900    0.10544E-08   0.42830E+07  -0.14831E-07  -0.15155E+09  -0.16071E-06   0.51396E+08
  0.102   1.000   -0.44444E-08   0.38818E+07   0.44128E-07  -0.13569E+09   0.38533E-05   0.46582E+08
  0.123   1.100   -0.26680E-08   0.35716E+07   0.43500E-07  -0.12326E+09  -0.21083E-05   0.42859E+08
  0.147   1.200   -0.38681E-08   0.33511E+07   0.35416E-08  -0.11429E+09  -0.24652E-05   0.40213E+08
  0.172   1.300    0.41928E-09   0.32079E+07   0.39831E-07  -0.10834E+09  -0.49450E-06   0.38495E+08
  0.200   1.400   -0.63886E-09   0.31328E+07  -0.10569E-07  -0.10510E+09  -0.10627E-05   0.37593E+08
  0.229   1.500   -0.50642E-09   0.31104E+07   0.14965E-07  -0.10398E+09  -0.69890E-06   0.37325E+08
  0.261   1.600    0.50568E-08   0.31263E+07  -0.10625E-06  -0.10439E+09   0.38868E-06   0.37515E+08
  0.295   1.700   -0.23342E-08   0.31685E+07   0.48313E-07  -0.10587E+09  -0.21745E-05   0.38022E+08
  0.330   1.800    0.79719E-08   0.32250E+07   0.15277E-06  -0.10792E+09  -0.33439E-05   0.38700E+08
  0.368   1.900    0.67958E-08   0.32850E+07  -0.12859E-06  -0.11012E+09   0.38260E-05   0.39420E+08
  0.408   2.000   -0.14361E-08   0.33404E+07   0.47078E-06  -0.11212E+09  -0.15274E-05   0.40085E+08
  0.450   2.100   -0.27083E-09   0.33672E+07   0.24073E-06  -0.11293E+09   0.83668E-06   0.40407E+08
  0.494   2.200   -0.18625E-07   0.32912E+07   0.75334E-07  -0.10942E+09   0.92491E-05   0.39495E+08
  0.539   2.300   -0.14746E-07   0.29813E+07   0.14343E-06  -0.95989E+08   0.90510E-05   0.35775E+08
  0.587   2.400    0.60108E-07   0.23249E+07  -0.46745E-07  -0.67803E+08   0.43927E-05   0.27899E+08
  0.637   2.500    0.71738E-07   0.14755E+07   0.25624E-06  -0.31441E+08  -0.12192E-04   0.17707E+08
  0.689   2.600   -0.27204E-07   0.85487E+06   0.14364E-06  -0.49231E+07  -0.27495E-04   0.10258E+08
  0.743   2.700   -0.44922E-07   0.66232E+06   0.47019E-06   0.33152E+07   0.14945E-04   0.79479E+07
  0.799   2.800    0.29535E-07   0.76682E+06   0.24319E-06  -0.10477E+07  -0.59252E-05   0.92018E+07
  0.858   2.900    0.10318E-06   0.94829E+06  -0.40266E-07  -0.89776E+07  -0.72341E-05   0.11380E+08
  0.918   3.000   -0.27482E-07   0.11421E+07   0.19510E-07  -0.17579E+08   0.20398E-05   0.13705E+08
  0.980   3.100    0.35218E-08   0.13357E+07  -0.12400E-07  -0.26373E+08   0.18947E-05   0.16029E+08
  1.044   3.200   -0.22636E-08   0.14208E+07  -0.37479E-07  -0.31384E+08  -0.13512E-05   0.17050E+08
  1.110   3.300   -0.73001E-08   0.14899E+07  -0.63096E-08  -0.35362E+08   0.57439E-06   0.17878E+08
  1.179   3.400   -0.80873E-08   0.14943E+07   0.75189E-07  -0.36895E+08  -0.86761E-06   0.17931E+08
  1.249   3.500   -0.16470E-07   0.15099E+07   0.44933E-07  -0.38382E+08  -0.10242E-05   0.18119E+08
  1.322   3.600   -0.27843E-08   0.15626E+07  -0.68878E-07  -0.41031E+08   0.21687E-05   0.18751E+08
  1.396   3.700    0.35271E-08   0.15068E+07  -0.35780E-07  -0.40146E+08  -0.81240E-06   0.18081E+08
  1.472   3.800   -0.68798E-09   0.15766E+07   0.26907E-08  -0.43164E+08  -0.11926E-05   0.18919E+08
  1.551   3.900   -0.82251E-08   0.15523E+07  -0.33290E-07  -0.43605E+08  -0.50492E-06   0.18628E+08
  1.632   4.000    0.19198E-07   0.16512E+07   0.12692E-06  -0.48161E+08  -0.87175E-06   0.19815E+08
