  0.004   0.200   -0.10084E-10   0.21641E-09   0.12320E+08   0.65006E-09  -0.14783E+09   0.20336E-08
  0.009   0.300    0.45276E-10  -0.99078E-10   0.28277E+08  -0.20336E-08  -0.33933E+09   0.10753E-07
  0.016   0.400    0.20452E-09   0.11487E-08   0.42600E+08  -0.51008E-07  -0.51120E+09   0.47914E-07
  0.025   0.500   -0.78967E-09   0.18971E-08   0.51382E+08  -0.81433E-07  -0.61659E+09   0.75874E-07
  0.037   0.600    0.79444E-09   0.22037E-08   0.53840E+08  -0.30763E-07  -0.64608E+09   0.81782E-07
  0.050   0.700    0.40563E-09   0.93451E-09   0.53794E+08  -0.37791E-07  -0.64553E+09   0.23117E-06
  0.065   0.800    0.23329E-08   0.73533E-08   0.53687E+08  -0.20026E-06  -0.64424E+09   0.11607E-06
  0.083   0.900   -0.69294E-08   0.75961E-08   0.53082E+08   0.10250E-06  -0.63699E+09   0.39558E-06
  0.102   1.000   -0.10619E-07   0.52780E-07   0.52032E+08  -0.31916E-05  -0.62439E+09  -0.25554E-05
  0.123   1.100    0.10928E-07   0.15549E-06   0.51072E+08   0.14270E-05  -0.61287E+09  -0.35255E-05
  0.147   1.200    0.55362E-07   0.73208E-07   0.50316E+08   0.12261E-05  -0.60379E+09   0.35812E-05
  0.172   1.300    0.20575E-07  -0.21329E-07   0.49980E+08   0.22584E-05  -0.59977E+09   0.10597E-05
  0.200   1.400   -0.16682E-07  -0.68303E-09   0.50214E+08  -0.52532E-06  -0.60257E+09   0.74325E-06
  0.229   1.500   -0.26524E-07   0.10666E-07   0.51107E+08  -0.32358E-06  -0.61328E+09   0.42997E-05
  0.261   1.600    0.13495E-07   0.18365E-06   0.52648E+08  -0.53130E-05  -0.63177E+09  -0.68762E-05
  0.295   1.700    0.19803E-07   0.35707E-06   0.54911E+08  -0.15251E-04  -0.65893E+09   0.93402E-05
  0.330   1.800    0.12394E-06  -0.12912E-06   0.58499E+08   0.10209E-04  -0.70199E+09  -0.17440E-05
  0.368   1.900    0.22322E-07   0.20268E-06   0.64495E+08  -0.23607E-05  -0.77394E+09   0.20892E-04
  0.408   2.000    0.62773E-07  -0.37344E-06   0.74031E+08   0.80472E-05  -0.88837E+09  -0.45181E-05
  0.450   2.100    0.24025E-06   0.29954E-06   0.87895E+08  -0.16164E-04  -0.10547E+10  -0.12309E-04
  0.494   2.200    0.26598E-06   0.75815E-06   0.10561E+09  -0.26810E-04  -0.12673E+10   0.39556E-04
  0.539   2.300    0.23014E-06  -0.15338E-05   0.12251E+09   0.65081E-04  -0.14701E+10  -0.81926E-04
  0.587   2.400   -0.54461E-06   0.82611E-06   0.12799E+09  -0.27780E-04  -0.15359E+10  -0.67423E-05
  0.637   2.500    0.19058E-06   0.11870E-05   0.11477E+09  -0.37993E-04  -0.13772E+10   0.12874E-03
  0.689   2.600   -0.46286E-06   0.18388E-05   0.90038E+08  -0.10021E-03  -0.10805E+10   0.88134E-04
  0.743   2.700   -0.73316E-06  -0.14133E-05   0.65730E+08   0.35207E-04  -0.78876E+09  -0.19785E-04
  0.799   2.800    0.59069E-06   0.52033E-06   0.46060E+08  -0.16972E-04  -0.55272E+09  -0.97511E-05
  0.858   2.900    0.14783E-05   0.76179E-06   0.31172E+08   0.12992E-04  -0.37407E+09  -0.47445E-04
  0.918   3.000   -0.53484E-06  -0.22993E-06   0.18076E+08   0.11853E-04  -0.21692E+09   0.45814E-05
  0.980   3.100    0.74478E-08  -0.21674E-07   0.87754E+07  -0.43859E-05  -0.10530E+09  -0.43136E-05
  1.044   3.200   -0.17203E-06   0.22491E-06   0.41673E+07   0.21124E-05  -0.50008E+08   0.35198E-05
  1.110   3.300   -0.13535E-06  -0.78786E-07  -0.22610E+07   0.99224E-05   0.27132E+08  -0.14227E-04
  1.179   3.400   -0.35931E-06  -0.17828E-06  -0.27178E+07   0.23114E-05   0.32614E+08   0.67134E-06
  1.249   3.500   -0.17749E-09   0.61312E-07  -0.42836E+07  -0.11927E-04   0.51404E+08  -0.10136E-05
  1.322   3.600    0.31206E-06   0.22850E-06  -0.52293E+07  -0.58407E-05   0.62751E+08  -0.80128E-05
  1.396   3.700    0.23515E-06   0.46755E-07  -0.53206E+07  -0.36314E-05   0.63847E+08  -0.29293E-05
  1.472   3.800    0.59337E-06  -0.60671E-07  -0.51570E+07  -0.21677E-05   0.61884E+08  -0.47103E-05
  1.551   3.900    0.19769E-06  -0.82293E-07  -0.52540E+07   0.88614E-05   0.63049E+08   0.80650E-06
  1.632   4.000   -0.48143E-06  -0.19840E-06  -0.11074E+07   0.12340E-04   0.13288E+08  -0.11687E-04
