  0.004   0.200    0.41851E-11   0.18753E+04   0.20896E-09  -0.71658E+05   0.33961E-07   0.22504E+05
  0.009   0.300    0.73527E-10   0.28326E+05  -0.79417E-08  -0.10860E+07  -0.47992E-07   0.33991E+06
  0.016   0.400   -0.95838E-10   0.16689E+06   0.55816E-08  -0.64272E+07   0.31979E-06   0.20027E+07
  0.025   0.500    0.76091E-09   0.52571E+06  -0.36151E-07  -0.20358E+08   0.24552E-06   0.63085E+07
  0.037   0.600   -0.24897E-09   0.10413E+07   0.85774E-08  -0.40574E+08  -0.29104E-09   0.12495E+08
  0.050   0.700   -0.67507E-09   0.15515E+07  -0.46366E-08  -0.60857E+08  -0.97556E-07   0.18618E+08
  0.065   0.800   -0.13276E-08   0.19940E+07  -0.19657E-07  -0.78770E+08  -0.16310E-06   0.23928E+08
  0.083   0.900    0.17465E-08   0.23088E+07   0.16335E-08  -0.91856E+08   0.14901E-07   0.27705E+08
  0.102   1.000    0.88191E-08   0.25156E+07  -0.26665E-07  -0.10080E+09   0.75446E-05   0.30188E+08
  0.123   1.100    0.35776E-08   0.26426E+07  -0.69551E-07  -0.10661E+09   0.17391E-05   0.31712E+08
  0.147   1.200   -0.20068E-08   0.27122E+07   0.21927E-07  -0.11014E+09   0.32703E-05   0.32547E+08
  0.172   1.300   -0.39168E-08   0.27499E+07  -0.20792E-07  -0.11234E+09  -0.19900E-05   0.32999E+08
  0.200   1.400    0.30252E-08   0.27826E+07  -0.28167E-08  -0.11430E+09  -0.53633E-06   0.33391E+08
  0.229   1.500    0.98748E-09   0.28322E+07  -0.12937E-07  -0.11690E+09   0.75332E-06   0.33987E+08
  0.261   1.600    0.67049E-08   0.29146E+07   0.70937E-07  -0.12080E+09  -0.88918E-06   0.34976E+08
  0.295   1.700   -0.52530E-08   0.30432E+07   0.92627E-07  -0.12654E+09  -0.25994E-05   0.36518E+08
  0.330   1.800    0.45370E-08   0.32380E+07   0.78544E-08  -0.13500E+09  -0.43623E-05   0.38856E+08
  0.368   1.900    0.90730E-08   0.35327E+07  -0.34094E-07  -0.14767E+09   0.82819E-05   0.42393E+08
  0.408   2.000   -0.10904E-07   0.39785E+07  -0.11304E-06  -0.16672E+09  -0.53179E-06   0.47742E+08
  0.450   2.100   -0.30859E-07   0.46485E+07  -0.11016E-07  -0.19525E+09  -0.10390E-04   0.55782E+08
  0.494   2.200    0.26390E-07   0.56114E+07   0.66917E-07  -0.23614E+09  -0.24638E-04   0.67336E+08
  0.539   2.300    0.20517E-07   0.68171E+07  -0.14689E-05  -0.28721E+09   0.24533E-04   0.81805E+08
  0.587   2.400   -0.10769E-06   0.78193E+07   0.18430E-05  -0.32939E+09  -0.51731E-05   0.93831E+08
  0.637   2.500    0.48919E-07   0.77587E+07   0.26097E-05  -0.32618E+09   0.24067E-04   0.93105E+08
  0.689   2.600   -0.14348E-06   0.64687E+07   0.89781E-06  -0.27044E+09  -0.38468E-04   0.77625E+08
  0.743   2.700    0.39247E-07   0.47820E+07   0.11805E-05  -0.19777E+09  -0.27405E-04   0.57384E+08
  0.799   2.800    0.20006E-06   0.33641E+07  -0.13816E-07  -0.13703E+09  -0.10231E-04   0.40369E+08
  0.858   2.900    0.99435E-07   0.22189E+07  -0.12197E-05  -0.88128E+08  -0.29374E-05   0.26627E+08
  0.918   3.000   -0.17424E-06   0.13457E+07   0.45750E-06  -0.51028E+08   0.50759E-05   0.16149E+08
  0.980   3.100   -0.65229E-07   0.53912E+06  -0.93298E-07  -0.18885E+08  -0.56121E-05   0.64695E+07
  1.044   3.200   -0.77251E-08   0.31544E+05  -0.32428E-06   0.21833E+07  -0.16122E-04   0.37853E+06
  1.110   3.300    0.86315E-08  -0.19176E+06   0.16542E-07   0.11921E+08   0.22583E-05  -0.23012E+07
  1.179   3.400    0.20871E-07  -0.37243E+06  -0.13379E-06   0.19365E+08  -0.28301E-05  -0.44692E+07
  1.249   3.500   -0.38410E-08  -0.45749E+06  -0.12021E-06   0.23561E+08  -0.11026E-05  -0.54899E+07
  1.322   3.600   -0.33847E-09  -0.47730E+06  -0.12934E-06   0.24417E+08  -0.72595E-05  -0.57276E+07
  1.396   3.700   -0.22416E-07  -0.54404E+06   0.32659E-07   0.26901E+08  -0.30610E-05  -0.65285E+07
  1.472   3.800    0.95562E-07  -0.57861E+06  -0.25421E-07   0.29247E+08   0.26414E-05  -0.69434E+07
  1.551   3.900    0.45501E-07  -0.52272E+06  -0.32764E-06   0.25531E+08  -0.64865E-05  -0.62727E+07
  1.632   4.000    0.61808E-08  -0.47023E+06   0.51085E-06   0.23818E+08   0.26160E-05  -0.56427E+07
