  0.004   0.200   -0.10027E-09   0.22504E+05   0.18789E-06  -0.85990E+06  -0.46566E-07   0.30543E+06
  0.009   0.300   -0.34925E-09   0.33991E+06  -0.66939E-07  -0.13032E+08   0.65370E-05   0.67764E+07
  0.016   0.400   -0.20176E-07   0.20027E+07   0.37928E-06  -0.77126E+08   0.10263E-04   0.73977E+08
  0.025   0.500    0.30457E-07   0.63085E+07  -0.11781E-06  -0.24430E+09  -0.36657E-05   0.44815E+09
  0.037   0.600   -0.57917E-07   0.12495E+08   0.18050E-06  -0.48689E+09  -0.19781E-04   0.14729E+10
  0.050   0.700   -0.36642E-07   0.18618E+08   0.19529E-06  -0.73028E+09   0.12003E-04   0.27892E+10
  0.065   0.800   -0.47090E-07   0.23928E+08  -0.12782E-06  -0.94524E+09  -0.50366E-05   0.37904E+10
  0.083   0.900   -0.15969E-06   0.27705E+08  -0.11536E-05  -0.11023E+10   0.32462E-04   0.45821E+10
  0.102   1.000   -0.43519E-06   0.30188E+08   0.15984E-06  -0.12096E+10   0.21927E-04   0.50844E+10
  0.123   1.100    0.56918E-06   0.31712E+08  -0.59778E-05  -0.12794E+10   0.23283E-04   0.53580E+10
  0.147   1.200    0.27081E-07   0.32547E+08   0.19155E-05  -0.13217E+10   0.10923E-03   0.54832E+10
  0.172   1.300    0.64232E-07   0.32999E+08   0.93901E-06  -0.13481E+10  -0.35614E-04   0.55507E+10
  0.200   1.400    0.19760E-06   0.33391E+08  -0.66380E-06  -0.13716E+10   0.72718E-05   0.56542E+10
  0.229   1.500    0.34289E-06   0.33987E+08  -0.13104E-05  -0.14028E+10  -0.14150E-03   0.58371E+10
  0.261   1.600    0.21652E-06   0.34976E+08  -0.19098E-06  -0.14496E+10   0.62734E-05   0.60718E+10
  0.295   1.700    0.26426E-06   0.36518E+08  -0.10441E-05  -0.15184E+10   0.14555E-03   0.63454E+10
  0.330   1.800    0.29001E-06   0.38856E+08  -0.25500E-05  -0.16200E+10  -0.19631E-03   0.67220E+10
  0.368   1.900    0.80618E-08   0.42393E+08   0.28349E-05  -0.17721E+10   0.24021E-04   0.73197E+10
  0.408   2.000    0.48308E-06   0.47742E+08  -0.62552E-05  -0.20007E+10   0.96783E-05   0.82431E+10
  0.450   2.100   -0.16823E-05   0.55782E+08  -0.41237E-05  -0.23430E+10   0.15852E-03   0.96150E+10
  0.494   2.200   -0.19115E-05   0.67336E+08  -0.84842E-05  -0.28336E+10   0.18839E-03   0.11610E+11
  0.539   2.300   -0.16527E-05   0.81805E+08  -0.51644E-04  -0.34465E+10   0.10414E-03   0.14258E+11
  0.587   2.400   -0.11746E-04   0.93831E+08   0.27402E-04  -0.39527E+10   0.11874E-02   0.16798E+11
  0.637   2.500    0.37631E-07   0.93105E+08   0.96869E-05  -0.39142E+10   0.29584E-02   0.17363E+11
  0.689   2.600    0.70430E-06   0.77625E+08   0.90644E-07  -0.32453E+10   0.11374E-02   0.15080E+11
  0.743   2.700    0.60013E-05   0.57384E+08   0.28561E-04  -0.23732E+10  -0.29721E-02   0.11454E+11
  0.799   2.800    0.10226E-04   0.40369E+08   0.22006E-04  -0.16443E+10  -0.33246E-02   0.81713E+10
  0.858   2.900   -0.13003E-05   0.26627E+08   0.29037E-04  -0.10575E+10   0.90712E-03   0.54706E+10
  0.918   3.000   -0.35701E-05   0.16149E+08  -0.41906E-05  -0.61234E+09  -0.31042E-03   0.34033E+10
  0.980   3.100   -0.13106E-05   0.64695E+07   0.14090E-05  -0.22662E+09  -0.47125E-03   0.15141E+10
  1.044   3.200   -0.17733E-05   0.37853E+06   0.10888E-04   0.26199E+08  -0.16931E-03   0.16458E+09
  1.110   3.300    0.83291E-05  -0.23012E+07   0.17696E-05   0.14305E+09   0.43918E-03  -0.39792E+09
  1.179   3.400   -0.10358E-05  -0.44692E+07  -0.36816E-05   0.23238E+09  -0.58712E-04  -0.80505E+09
  1.249   3.500   -0.19863E-05  -0.54899E+07  -0.28099E-05   0.28273E+09   0.15035E-04  -0.10245E+10
  1.322   3.600    0.20820E-05  -0.57276E+07  -0.10823E-04   0.29300E+09  -0.21441E-03  -0.10887E+10
  1.396   3.700   -0.37328E-05  -0.65285E+07   0.27885E-05   0.32281E+09  -0.94904E-04  -0.12779E+10
  1.472   3.800    0.36611E-05  -0.69434E+07  -0.17919E-05   0.35097E+09   0.65435E-03  -0.13214E+10
  1.551   3.900   -0.15748E-05  -0.62727E+07   0.70045E-05   0.30637E+09   0.62549E-03  -0.12229E+10
  1.632   4.000   -0.37083E-05  -0.56427E+07  -0.92249E-06   0.28582E+09  -0.11879E-03  -0.10500E+10
