  0.004   0.200    0.17035E+04  -0.37037E-12   0.30777E-08  -0.11516E-09   0.10713E+07   0.16186E-10
  0.009   0.300    0.22028E+05  -0.25253E-10   0.12013E-07  -0.14552E-09   0.13304E+08   0.63369E-09
  0.016   0.400    0.91420E+05   0.39904E-10   0.28387E-07  -0.12842E-08   0.53298E+08   0.64301E-08
  0.025   0.500    0.18474E+06  -0.24056E-09   0.10034E-07  -0.11278E-08   0.10484E+09   0.13169E-07
  0.037   0.600    0.27577E+06   0.92496E-09   0.13006E-07  -0.91677E-08   0.13733E+09  -0.39465E-07
  0.050   0.700    0.44850E+06   0.15898E-08   0.74178E-08  -0.36438E-07   0.14655E+09   0.15716E-07
  0.065   0.800    0.71750E+06  -0.64392E-09   0.13482E-07  -0.32131E-07   0.15620E+09  -0.38708E-07
  0.083   0.900    0.10456E+07   0.12078E-08   0.21246E-07   0.18161E-07   0.16585E+09   0.78115E-07
  0.102   1.000    0.13883E+07  -0.30777E-08   0.13538E-06   0.22445E-06   0.15630E+09   0.37468E-05
  0.123   1.100    0.16316E+07  -0.45711E-08   0.73705E-07   0.82800E-06   0.13326E+09   0.86264E-06
  0.147   1.200    0.17229E+07  -0.83128E-09   0.44565E-08  -0.96159E-07   0.10296E+09   0.84017E-06
  0.172   1.300    0.16756E+07  -0.16480E-08  -0.10106E-07   0.71013E-08   0.78607E+08   0.42608E-07
  0.200   1.400    0.15535E+07  -0.63528E-08   0.16724E-07   0.22224E-06   0.64581E+08  -0.12573E-07
  0.229   1.500    0.14274E+07  -0.56834E-08   0.67266E-08   0.18365E-06   0.57603E+08  -0.15763E-06
  0.261   1.600    0.13357E+07  -0.22719E-08  -0.32174E-07   0.66240E-07   0.50416E+08   0.26345E-06
  0.295   1.700    0.12660E+07   0.10972E-07  -0.23076E-07  -0.57416E-06   0.39298E+08   0.63132E-06
  0.330   1.800    0.11893E+07   0.10898E-07  -0.12496E-07  -0.46619E-06   0.28657E+08  -0.10632E-05
  0.368   1.900    0.10991E+07  -0.75306E-08   0.58390E-08   0.36246E-06   0.22829E+08  -0.95647E-06
  0.408   2.000    0.10131E+07  -0.27767E-08   0.26150E-07   0.16112E-06   0.19884E+08   0.11711E-06
  0.450   2.100    0.94068E+06  -0.72559E-08   0.29275E-07   0.24476E-06   0.15547E+08  -0.30966E-07
  0.494   2.200    0.87227E+06  -0.19599E-07  -0.93823E-08   0.72393E-06   0.10604E+08   0.24098E-07
  0.539   2.300    0.80426E+06  -0.15356E-07   0.45544E-07   0.58382E-06   0.72238E+07  -0.44296E-06
  0.587   2.400    0.74367E+06  -0.75925E-08  -0.28904E-08   0.32430E-06   0.40094E+07   0.23631E-05
  0.637   2.500    0.68939E+06  -0.15050E-07   0.21410E-08   0.63248E-06   0.77025E+06   0.96799E-07
  0.689   2.600    0.63663E+06  -0.78921E-08   0.64007E-07   0.24779E-06  -0.42764E+06  -0.76441E-07
  0.743   2.700    0.58890E+06  -0.34896E-07   0.74916E-07   0.17394E-05  -0.62666E+06  -0.35143E-08
  0.799   2.800    0.54646E+06  -0.68608E-08   0.30564E-07   0.31982E-06  -0.89522E+06   0.61606E-06
  0.858   2.900    0.50580E+06   0.17951E-08  -0.13671E-07  -0.11611E-06  -0.59562E+06   0.32576E-06
  0.918   3.000    0.46425E+06   0.19549E-08  -0.57222E-08  -0.38175E-07  -0.71907E+06   0.32099E-06
  0.980   3.100    0.42914E+06   0.59929E-09  -0.84324E-08   0.29958E-07   0.14608E+07   0.37777E-07
  1.044   3.200    0.40151E+06   0.36724E-08   0.12969E-08  -0.18335E-07   0.43686E+07   0.73618E-07
  1.110   3.300    0.37921E+06   0.19636E-08  -0.21355E-08  -0.47141E-07   0.23651E+07   0.84488E-07
  1.179   3.400    0.35433E+06   0.59049E-09  -0.39763E-08   0.11845E-07   0.37011E+07   0.10146E-06
  1.249   3.500    0.33217E+06  -0.36562E-09  -0.78890E-08   0.28987E-07   0.35426E+07   0.10579E-06
  1.322   3.600    0.31511E+06   0.13765E-08  -0.58917E-08  -0.50990E-07   0.53374E+07   0.54977E-07
  1.396   3.700    0.29683E+06  -0.54661E-09   0.32996E-08   0.22657E-07   0.48611E+07  -0.13964E-06
  1.472   3.800    0.28176E+06   0.15948E-08   0.12469E-08  -0.11656E-06   0.37308E+07  -0.30181E-07
  1.551   3.900    0.26313E+06   0.19527E-08   0.29395E-08   0.11714E-07   0.59035E+07  -0.21156E-06
  1.632   4.000    0.25190E+06   0.18936E-08  -0.51132E-08   0.83004E-07   0.51284E+07  -0.31397E-06
