  0.004   0.200   -0.13006E-09  -0.66557E+05  -0.36132E-07   0.25447E+07  -0.11129E-06  -0.79869E+06
  0.009   0.300   -0.24061E-08  -0.10084E+07   0.12905E-06   0.38679E+08  -0.71339E-06  -0.12100E+08
  0.016   0.400    0.35725E-08  -0.59649E+07  -0.66939E-08   0.22983E+09  -0.58040E-05  -0.71579E+08
  0.025   0.500   -0.16011E-07  -0.18861E+08   0.71281E-06   0.73068E+09  -0.17919E-05  -0.22633E+09
  0.037   0.600   -0.39581E-08  -0.37459E+08   0.10972E-06   0.14601E+10   0.52862E-05  -0.44951E+09
  0.050   0.700    0.12478E-07  -0.55943E+08   0.67579E-07   0.21950E+10  -0.90897E-06  -0.67132E+09
  0.065   0.800    0.16167E-07  -0.72136E+08   0.36362E-06   0.28503E+10  -0.26077E-07  -0.86563E+09
  0.083   0.900   -0.37558E-07  -0.83872E+08  -0.10349E-06   0.33376E+10   0.99763E-05  -0.10065E+10
  0.102   1.000   -0.93511E-07  -0.91869E+08  -0.16676E-06   0.36819E+10  -0.15164E-03  -0.11024E+10
  0.123   1.100   -0.11166E-06  -0.97124E+08   0.58551E-06   0.39195E+10   0.40438E-04  -0.11655E+10
  0.147   1.200   -0.28985E-06  -0.10044E+09  -0.16147E-05   0.40808E+10  -0.98370E-04  -0.12053E+10
  0.172   1.300    0.83437E-08  -0.10271E+09   0.37282E-06   0.41996E+10   0.48470E-04  -0.12326E+10
  0.200   1.400   -0.10872E-06  -0.10490E+09   0.81991E-06   0.43142E+10   0.35144E-04  -0.12588E+10
  0.229   1.500    0.31654E-07  -0.10770E+09   0.54308E-07   0.44524E+10  -0.22352E-05  -0.12923E+10
  0.261   1.600   -0.17910E-06  -0.11153E+09  -0.16626E-05   0.46317E+10   0.75251E-05  -0.13384E+10
  0.295   1.700    0.15167E-06  -0.11679E+09  -0.25516E-05   0.48678E+10   0.78242E-04  -0.14015E+10
  0.330   1.800   -0.15864E-06  -0.12414E+09  -0.19104E-05   0.51898E+10   0.15882E-03  -0.14897E+10
  0.368   1.900   -0.27635E-06  -0.13475E+09   0.24342E-05   0.56483E+10  -0.26610E-03  -0.16170E+10
  0.408   2.000    0.38688E-06  -0.15035E+09  -0.23731E-06   0.63172E+10   0.24393E-04  -0.18042E+10
  0.450   2.100    0.99135E-06  -0.17326E+09  -0.14976E-05   0.72943E+10   0.26590E-03  -0.20792E+10
  0.494   2.200   -0.64657E-06  -0.20544E+09  -0.21456E-05   0.86616E+10   0.64541E-03  -0.24653E+10
  0.539   2.300   -0.61817E-06  -0.24493E+09   0.46512E-04   0.10333E+11  -0.85402E-03  -0.29391E+10
  0.587   2.400    0.20549E-05  -0.27676E+09  -0.60446E-04   0.11670E+11   0.37253E-04  -0.33211E+10
  0.637   2.500   -0.21955E-05  -0.27220E+09  -0.87881E-04   0.11452E+11  -0.47345E-03  -0.32663E+10
  0.689   2.600    0.46579E-05  -0.22598E+09  -0.30206E-04   0.94533E+10   0.15518E-02  -0.27117E+10
  0.743   2.700   -0.49616E-06  -0.16720E+09  -0.42930E-04   0.69177E+10   0.52656E-03  -0.20064E+10
  0.799   2.800   -0.51316E-05  -0.11861E+09  -0.76444E-06   0.48311E+10   0.11022E-03  -0.14233E+10
  0.858   2.900   -0.32758E-05  -0.79144E+08   0.39697E-04   0.31413E+10   0.18424E-03  -0.94973E+09
  0.918   3.000    0.52064E-05  -0.48465E+08  -0.12053E-04   0.18335E+10  -0.17590E-03  -0.58158E+09
  0.980   3.100    0.18723E-05  -0.19562E+08   0.30293E-05   0.68093E+09   0.16425E-03  -0.23474E+09
  1.044   3.200    0.35725E-06  -0.93006E+06   0.87377E-05  -0.92263E+08   0.39287E-03  -0.11161E+08
  1.110   3.300   -0.38401E-06   0.71562E+07  -0.10195E-05  -0.44386E+09  -0.27144E-04   0.85874E+08
  1.179   3.400   -0.81151E-06   0.13595E+08   0.44664E-05  -0.70703E+09   0.10067E-03   0.16314E+09
  1.249   3.500   -0.25758E-06   0.16531E+08   0.30603E-05  -0.85181E+09   0.66664E-05   0.19837E+09
  1.322   3.600    0.17244E-07   0.17379E+08   0.35706E-05  -0.88910E+09   0.24497E-03   0.20855E+09
  1.396   3.700    0.47095E-06   0.19895E+08  -0.63420E-06  -0.98259E+09   0.97318E-04   0.23874E+09
  1.472   3.800   -0.30437E-05   0.21431E+08   0.86849E-06  -0.10816E+10  -0.73614E-04   0.25717E+09
  1.551   3.900   -0.12781E-05   0.21173E+08   0.84819E-05  -0.10191E+10   0.20103E-03   0.25407E+09
  1.632   4.000    0.15885E-06   0.18872E+08  -0.12239E-04  -0.93979E+09  -0.65556E-04   0.22647E+09
