  0.004   0.200    0.95190E+06  -0.22764E-08  -0.14783E+09   0.62934E-07   0.23809E+10   0.64580E-08
  0.009   0.300    0.12034E+08   0.29065E-08  -0.33933E+09  -0.41516E-06   0.11495E+11  -0.26824E-07
  0.016   0.400    0.49171E+08  -0.25344E-07  -0.51120E+09   0.26433E-06   0.35851E+11  -0.42849E-06
  0.025   0.500    0.96243E+08  -0.96300E-08  -0.61659E+09  -0.55264E-06   0.67044E+11  -0.70738E-06
  0.037   0.600    0.11895E+09  -0.28978E-07  -0.64608E+09   0.11902E-06   0.90667E+11   0.14363E-05
  0.050   0.700    0.11644E+09  -0.43927E-07  -0.64553E+09   0.36231E-05   0.10086E+12  -0.30483E-05
  0.065   0.800    0.12149E+09   0.19925E-06  -0.64424E+09   0.30181E-06   0.10110E+12   0.95633E-05
  0.083   0.900    0.12176E+09   0.11540E-06  -0.63699E+09  -0.10917E-04   0.99535E+11   0.12683E-05
  0.102   1.000    0.11489E+09   0.36697E-06  -0.62439E+09   0.64781E-04   0.97059E+11  -0.27240E-03
  0.123   1.100    0.10211E+09  -0.11038E-04  -0.61287E+09  -0.21949E-03   0.94085E+11   0.22611E-03
  0.147   1.200    0.85579E+08  -0.87436E-06  -0.60379E+09  -0.21222E-03   0.91973E+11  -0.10722E-04
  0.172   1.300    0.69106E+08   0.35653E-05  -0.59977E+09  -0.83404E-04   0.90713E+11  -0.46055E-04
  0.200   1.400    0.56365E+08   0.22075E-05  -0.60257E+09  -0.59568E-04   0.90126E+11   0.33801E-04
  0.229   1.500    0.47779E+08   0.44228E-05  -0.61328E+09  -0.22005E-03   0.90346E+11   0.65415E-04
  0.261   1.600    0.41174E+08   0.70422E-05  -0.63177E+09  -0.21008E-03   0.91756E+11   0.23143E-03
  0.295   1.700    0.34678E+08  -0.64623E-05  -0.65893E+09   0.35805E-03   0.95027E+11   0.67884E-04
  0.330   1.800    0.28218E+08  -0.21600E-05  -0.70199E+09  -0.18543E-04   0.10094E+12   0.52996E-03
  0.368   1.900    0.23022E+08  -0.25930E-05  -0.77394E+09   0.57977E-04   0.11058E+12  -0.11836E-02
  0.408   2.000    0.19374E+08   0.33064E-05  -0.88837E+09  -0.16466E-03   0.12561E+12   0.25129E-03
  0.450   2.100    0.16269E+08  -0.20785E-05  -0.10547E+10   0.16412E-03   0.14834E+12   0.72700E-03
  0.494   2.200    0.13576E+08  -0.12468E-04  -0.12673E+10   0.37306E-03   0.18026E+12  -0.45848E-03
  0.539   2.300    0.11597E+08   0.35571E-04  -0.14701E+10  -0.14269E-02   0.21736E+12   0.86302E-03
  0.587   2.400    0.99967E+07   0.54820E-04  -0.15359E+10  -0.31858E-02   0.24304E+12   0.30305E-03
  0.637   2.500    0.87326E+07  -0.14356E-04  -0.13772E+10   0.85715E-03   0.23458E+12   0.10679E-02
  0.689   2.600    0.77556E+07  -0.52432E-04  -0.10805E+10   0.28442E-02   0.19297E+12  -0.54041E-02
  0.743   2.700    0.66610E+07   0.65426E-04  -0.78876E+09  -0.62284E-03   0.14352E+12   0.83188E-03
  0.799   2.800    0.56853E+07   0.30320E-04  -0.55272E+09  -0.52974E-03   0.10114E+12   0.18897E-02
  0.858   2.900    0.47618E+07   0.32741E-04  -0.37407E+09  -0.31554E-03   0.69002E+11  -0.84289E-03
  0.918   3.000    0.36095E+07   0.87799E-06  -0.21692E+09   0.92261E-04   0.41449E+11  -0.30377E-02
  0.980   3.100    0.32355E+07   0.31442E-05  -0.10530E+09  -0.45275E-04   0.21479E+11   0.13391E-03
  1.044   3.200    0.27665E+07   0.20990E-07  -0.50008E+08  -0.11808E-02   0.97092E+10  -0.98844E-03
  1.110   3.300    0.35252E+07  -0.66123E-05   0.27132E+08   0.12662E-03  -0.39243E+10  -0.90930E-03
  1.179   3.400    0.34233E+07  -0.66313E-05   0.32614E+08  -0.17127E-03  -0.62104E+10  -0.40440E-03
  1.249   3.500    0.30748E+07   0.53060E-05   0.51404E+08   0.43980E-04  -0.93193E+10   0.42190E-03
  1.322   3.600    0.28090E+07   0.57312E-05   0.62751E+08  -0.14186E-03  -0.11700E+11   0.23157E-03
  1.396   3.700    0.29489E+07   0.83361E-05   0.63847E+08  -0.49117E-03  -0.11986E+11  -0.32114E-03
  1.472   3.800    0.22691E+07  -0.38812E-05   0.61884E+08   0.36193E-03  -0.11855E+11  -0.18678E-03
  1.551   3.900    0.26710E+07   0.11903E-04   0.63049E+08  -0.12524E-04  -0.12047E+11   0.51916E-03
  1.632   4.000    0.11003E+07   0.30344E-04   0.13288E+08  -0.71698E-03  -0.39166E+10  -0.68064E-03
