  0.004   0.200   0.415051E+09  0.614911E+09
  0.009   0.300   0.829455E+09  0.438097E+09
  0.016   0.400   0.112276E+10  0.125329E+09
  0.025   0.500   0.108726E+10 -0.363369E+09
  0.037   0.600   0.669321E+09 -0.837737E+09
  0.050   0.700   0.483880E+08 -0.922582E+09
  0.065   0.800  -0.368126E+09 -0.470173E+09
  0.083   0.900  -0.223462E+09  0.959074E+08
  0.102   1.000   0.205994E+09  0.193177E+09
  0.123   1.100   0.245160E+09 -0.758565E+08
  0.147   1.200  -0.530796E+08 -0.593501E+08
  0.172   1.300  -0.512298E+08  0.121945E+09
  0.200   1.400   0.276545E+08 -0.100615E+08
  0.229   1.500  -0.789984E+08 -0.252592E+08
  0.261   1.600   0.440075E+08  0.168927E+08
  0.295   1.700   0.990627E+07 -0.628420E+08
  0.330   1.800  -0.301605E+07  0.659862E+08
  0.368   1.900   0.673978E+07 -0.208703E+08
  0.408   2.000  -0.272842E+08  0.159317E+08
  0.450   2.100   0.149057E+08 -0.415648E+08
  0.494   2.200   0.164250E+08  0.399824E+08
  0.539   2.300  -0.237022E+08 -0.143049E+08
  0.587   2.400   0.907363E+07 -0.950687E+06
  0.637   2.500  -0.822247E+05 -0.109095E+07
  0.689   2.600   0.376720E+07  0.419015E+07
  0.743   2.700  -0.879886E+07 -0.177577E+07
  0.799   2.800   0.112367E+08 -0.136192E+07
  0.858   2.900  -0.162278E+08  0.869035E+07
  0.918   3.000   0.149672E+08 -0.308680E+08
  0.980   3.100  -0.469526E+07  0.557404E+08
  1.044   3.200  -0.306148E+08 -0.401284E+08
  1.110   3.300   0.385566E+08 -0.116050E+08
  1.179   3.400   0.594996E+08 -0.510418E+08
  1.249   3.500  -0.153301E+08  0.650987E+07
  1.322   3.600  -0.830663E+07  0.929866E+07
  1.396   3.700   0.259895E+08 -0.683495E+07
  1.472   3.800   0.339705E+06  0.105982E+08
  1.551   3.900   0.182651E+05 -0.363233E+06
  1.632   4.000  -0.120426E+07 -0.112647E+08
