  0.004   0.200  -0.402689E+07 -0.523139E+08
  0.009   0.300  -0.106333E+08 -0.418915E+08
  0.016   0.400  -0.175074E+08 -0.293537E+08
  0.025   0.500  -0.200828E+08 -0.156511E+08
  0.037   0.600  -0.156442E+08 -0.320127E+07
  0.050   0.700  -0.603348E+07  0.320690E+07
  0.065   0.800   0.271296E+07  0.121010E+07
  0.083   0.900   0.418409E+07 -0.391466E+07
  0.102   1.000   0.110801E+06 -0.397840E+07
  0.123   1.100  -0.997688E+06  0.868749E+06
  0.147   1.200   0.150201E+07  0.208050E+07
  0.172   1.300   0.458422E+06 -0.244535E+06
  0.200   1.400  -0.122112E+07  0.441022E+06
  0.229   1.500   0.240574E+06 -0.211611E+05
  0.261   1.600  -0.467816E+06 -0.950517E+06
  0.295   1.700   0.461180E+06  0.540677E+06
  0.330   1.800   0.388219E+06 -0.276798E+06
  0.368   1.900  -0.478985E+06  0.605395E+06
  0.408   2.000  -0.543610E+05 -0.483010E+06
  0.450   2.100   0.780263E+05  0.842500E+05
  0.494   2.200   0.230261E+06 -0.169124E+06
  0.539   2.300  -0.136393E+06  0.525142E+06
  0.587   2.400  -0.309703E+06 -0.489446E+06
  0.637   2.500   0.531705E+06  0.115334E+05
  0.689   2.600  -0.275261E+06  0.424877E+06
  0.743   2.700  -0.193880E+06 -0.427673E+06
  0.799   2.800   0.434146E+06  0.410030E+05
  0.858   2.900  -0.275374E+06  0.351428E+06
  0.918   3.000   0.678724E+04 -0.479028E+06
  0.980   3.100   0.947147E+05 -0.240060E+06
  1.044   3.200   0.581720E+06  0.292041E+05
  1.110   3.300   0.596411E+06 -0.567940E+06
  1.179   3.400   0.117331E+07 -0.867539E+05
  1.249   3.500   0.269276E+05  0.212143E+06
  1.322   3.600  -0.813740E+05 -0.144794E+05
  1.396   3.700  -0.151798E+06 -0.238901E+05
  1.472   3.800  -0.168979E+06  0.151304E+06
  1.551   3.900   0.262912E+05 -0.262983E+05
  1.632   4.000  -0.151180E+06  0.291081E+06
