  0.004   0.200   0.665167E+06 -0.235339E+05
  0.009   0.300   0.132754E+07 -0.127129E+06
  0.016   0.400   0.182340E+07 -0.474984E+06
  0.025   0.500   0.182201E+07 -0.115786E+07
  0.037   0.600   0.113037E+07 -0.167119E+07
  0.050   0.700  -0.163651E+06 -0.110671E+07
  0.065   0.800  -0.114232E+07  0.612464E+06
  0.083   0.900  -0.538426E+06  0.200208E+07
  0.102   1.000   0.995994E+06  0.115113E+07
  0.123   1.100   0.916984E+06 -0.103377E+07
  0.147   1.200  -0.803787E+06 -0.112451E+07
  0.172   1.300  -0.762141E+06  0.597402E+06
  0.200   1.400   0.642391E+06  0.409676E+06
  0.229   1.500   0.245799E+06 -0.404181E+06
  0.261   1.600  -0.220316E+06  0.700362E+05
  0.295   1.700  -0.939956E+05  0.363734E+05
  0.330   1.800   0.408090E+05  0.926360E+05
  0.368   1.900   0.995349E+05 -0.206240E+06
  0.408   2.000  -0.117150E+06  0.133477E+06
  0.450   2.100   0.974882E+05 -0.976171E+04
  0.494   2.200  -0.702714E+05 -0.161048E+05
  0.539   2.300  -0.225241E+04 -0.148046E+05
  0.587   2.400   0.774390E+05  0.104012E+05
  0.637   2.500  -0.862474E+05  0.327666E+05
  0.689   2.600   0.305871E+05 -0.493440E+05
  0.743   2.700   0.229548E+05  0.630386E+04
  0.799   2.800  -0.118492E+05  0.499843E+05
  0.858   2.900  -0.353204E+05 -0.491396E+05
  0.918   3.000   0.240815E+05  0.127954E+05
  0.980   3.100  -0.106035E+05 -0.346221E+05
  1.044   3.200  -0.197435E+04 -0.225284E+05
  1.110   3.300  -0.211333E+06  0.259840E+06
  1.179   3.400  -0.118657E+06  0.383940E+06
  1.249   3.500   0.372561E+04 -0.616090E+05
  1.322   3.600  -0.781755E+05 -0.339733E+05
  1.396   3.700  -0.732055E+04  0.654092E+05
  1.472   3.800  -0.363801E+05 -0.186822E+05
  1.551   3.900   0.977460E+04 -0.707296E+04
  1.632   4.000   0.491091E+05 -0.272122E+05
