  0.004   0.200  -0.738257E+07  0.408024E+07
  0.009   0.300  -0.141422E+08  0.192724E+08
  0.016   0.400  -0.160874E+08  0.531698E+08
  0.025   0.500  -0.381044E+07  0.101122E+09
  0.037   0.600   0.276863E+08  0.134262E+09
  0.050   0.700   0.638548E+08  0.113215E+09
  0.065   0.800   0.618977E+08  0.360406E+08
  0.083   0.900  -0.240694E+07 -0.284427E+08
  0.102   1.000  -0.658412E+08 -0.122494E+08
  0.123   1.100  -0.374427E+08  0.320145E+08
  0.147   1.200   0.257261E+08  0.386738E+06
  0.172   1.300   0.927701E+07 -0.409688E+08
  0.200   1.400  -0.865071E+07  0.148801E+07
  0.229   1.500   0.172414E+08  0.152621E+08
  0.261   1.600  -0.575818E+07  0.105724E+07
  0.295   1.700  -0.352401E+07  0.684849E+07
  0.330   1.800  -0.546680E+07 -0.150832E+08
  0.368   1.900   0.399854E+07  0.684560E+07
  0.408   2.000   0.729275E+07 -0.547238E+07
  0.450   2.100  -0.656540E+07  0.115630E+08
  0.494   2.200  -0.353118E+07 -0.949367E+07
  0.539   2.300   0.715730E+07  0.120096E+07
  0.587   2.400  -0.325952E+07  0.207159E+07
  0.637   2.500   0.552069E+06  0.921730E+06
  0.689   2.600  -0.185200E+07 -0.329205E+07
  0.743   2.700   0.361640E+07  0.213072E+07
  0.799   2.800  -0.398172E+07  0.133950E+06
  0.858   2.900   0.470358E+07 -0.306485E+07
  0.918   3.000  -0.407266E+07  0.101936E+08
  0.980   3.100   0.301954E+07 -0.969858E+07
  1.044   3.200  -0.242874E+07  0.163624E+08
  1.110   3.300   0.223343E+08 -0.174035E+07
  1.179   3.400   0.888243E+07 -0.118357E+07
  1.249   3.500   0.548786E+06  0.181192E+07
  1.322   3.600   0.370756E+07  0.579999E+06
  1.396   3.700  -0.473819E+08 -0.958554E+07
  1.472   3.800  -0.325159E+07  0.671088E+06
  1.551   3.900   0.173546E+07 -0.156842E+07
  1.632   4.000  -0.232923E+07 -0.270742E+07
