  0.004   0.200   0.220517E+08 -0.757521E+06
  0.009   0.300   0.457684E+08 -0.347247E+07
  0.016   0.400   0.680458E+08 -0.909763E+07
  0.025   0.500   0.739296E+08 -0.163488E+08
  0.037   0.600   0.515498E+08 -0.195484E+08
  0.050   0.700   0.922833E+07 -0.897115E+07
  0.065   0.800  -0.206337E+08  0.171705E+08
  0.083   0.900  -0.137407E+08  0.343307E+08
  0.102   1.000   0.699156E+07  0.138488E+08
  0.123   1.100  -0.206883E+07 -0.187803E+08
  0.147   1.200  -0.199478E+08 -0.109567E+08
  0.172   1.300   0.202337E+07  0.770383E+07
  0.200   1.400   0.164422E+08 -0.651928E+07
  0.229   1.500  -0.387231E+07 -0.778414E+06
  0.261   1.600   0.382877E+06  0.981055E+07
  0.295   1.700  -0.377102E+07 -0.406929E+07
  0.330   1.800  -0.155901E+07  0.805768E+06
  0.368   1.900   0.357039E+07 -0.611289E+07
  0.408   2.000   0.614195E+06  0.653149E+07
  0.450   2.100  -0.851930E+06 -0.171128E+07
  0.494   2.200  -0.226226E+07  0.106666E+07
  0.539   2.300   0.131938E+07 -0.431997E+07
  0.587   2.400   0.351842E+07  0.450779E+07
  0.637   2.500  -0.599665E+07 -0.428769E+05
  0.689   2.600   0.304546E+07 -0.444932E+07
  0.743   2.700   0.236793E+07  0.452724E+07
  0.799   2.800  -0.534329E+07 -0.344213E+06
  0.858   2.900   0.361498E+07 -0.402766E+07
  0.918   3.000  -0.118746E+07  0.506157E+07
  0.980   3.100   0.132305E+07 -0.212488E+07
  1.044   3.200  -0.194151E+07  0.145487E+07
  1.110   3.300  -0.452672E+07  0.609867E+07
  1.179   3.400   0.285036E+07 -0.394823E+07
  1.249   3.500  -0.736068E+06  0.998236E+06
  1.322   3.600  -0.467016E+07  0.220110E+07
  1.396   3.700  -0.118236E+08  0.758159E+06
  1.472   3.800  -0.992449E+07  0.159163E+07
  1.551   3.900  -0.702065E+06 -0.258946E+07
  1.632   4.000  -0.270927E+06 -0.521588E+06
