  0.004   0.200  -0.626241E+06  0.215251E+05
  0.009   0.300  -0.129600E+07  0.985819E+05
  0.016   0.400  -0.191888E+07  0.258161E+06
  0.025   0.500  -0.207396E+07  0.463029E+06
  0.037   0.600  -0.143592E+07  0.550729E+06
  0.050   0.700  -0.251016E+06  0.250803E+06
  0.065   0.800   0.569639E+06 -0.474791E+06
  0.083   0.900   0.364263E+06 -0.936287E+06
  0.102   1.000  -0.206966E+06 -0.363430E+06
  0.123   1.100   0.584553E+05  0.506369E+06
  0.147   1.200   0.551142E+06  0.259230E+06
  0.172   1.300  -0.576712E+05 -0.223663E+06
  0.200   1.400  -0.436851E+06  0.213341E+06
  0.229   1.500   0.120027E+06  0.360522E+05
  0.261   1.600  -0.264185E+05 -0.280162E+06
  0.295   1.700   0.846105E+05  0.107308E+06
  0.330   1.800   0.546010E+05 -0.278905E+05
  0.368   1.900  -0.823686E+05  0.165265E+06
  0.408   2.000  -0.264511E+05 -0.164935E+06
  0.450   2.100   0.176218E+05  0.459553E+05
  0.494   2.200   0.616654E+05 -0.416493E+05
  0.539   2.300  -0.257752E+05  0.123291E+06
  0.587   2.400  -0.100566E+06 -0.116359E+06
  0.637   2.500   0.156375E+06 -0.368376E+04
  0.689   2.600  -0.751323E+05  0.115508E+06
  0.743   2.700  -0.628119E+05 -0.113311E+06
  0.799   2.800   0.135725E+06  0.519211E+04
  0.858   2.900  -0.886938E+05  0.105137E+06
  0.918   3.000   0.296410E+05 -0.131978E+06
  0.980   3.100  -0.401222E+05  0.497940E+05
  1.044   3.200   0.601783E+05 -0.646817E+05
  1.110   3.300   0.597684E+05 -0.182175E+06
  1.179   3.400  -0.670189E+05  0.114336E+06
  1.249   3.500   0.193094E+05 -0.185886E+05
  1.322   3.600   0.109870E+06 -0.708757E+05
  1.396   3.700   0.267313E+06 -0.323553E+05
  1.472   3.800   0.229770E+06 -0.493263E+05
  1.551   3.900   0.252457E+05  0.605891E+05
  1.632   4.000   0.256322E+04  0.146801E+05
