 -1.000000E+00     1     1  6.748174E-01
 -1.000000E+00     1     2 -2.091988E-03
 -1.000000E+00     1     3 -7.052659E-04
 -1.000000E+00     1     4  1.583112E-03
 -1.000000E+00     1     5 -4.422940E-02
 -1.000000E+00     1     6 -8.868568E-11
 -1.000000E+00     2     1 -1.679540E-03
 -1.000000E+00     2     2  6.744665E-01
 -1.000000E+00     2     3 -3.013426E-03
 -1.000000E+00     2     4  4.454887E-02
 -1.000000E+00     2     5 -1.290996E-03
 -1.000000E+00     2     6 -2.375538E-10
 -1.000000E+00     3     1  1.202541E-04
 -1.000000E+00     3     2  7.104705E-04
 -1.000000E+00     3     3  2.428173E+00
 -1.000000E+00     3     4 -2.647401E-03
 -1.000000E+00     3     5  4.029861E-04
 -1.000000E+00     3     6 -5.997773E-10
 -1.000000E+00     4     1 -1.149114E-03
 -1.000000E+00     4     2  4.445766E-02
 -1.000000E+00     4     3 -3.153012E-03
 -1.000000E+00     4     4  2.279826E-01
 -1.000000E+00     4     5 -3.259157E-03
 -1.000000E+00     4     6 -1.659225E-10
 -1.000000E+00     5     1 -4.469780E-02
 -1.000000E+00     5     2  1.430974E-03
 -1.000000E+00     5     3  6.810866E-04
 -1.000000E+00     5     4 -4.014786E-03
 -1.000000E+00     5     5  2.272284E-01
 -1.000000E+00     5     6  6.144939E-11
 -1.000000E+00     6     1  2.247968E-09
 -1.000000E+00     6     2  9.168138E-10
 -1.000000E+00     6     3  5.630676E-08
 -1.000000E+00     6     4 -2.581497E-09
 -1.000000E+00     6     5  2.330088E-09
 -1.000000E+00     6     6  3.844283E-10
  0.000000E+00     1     1  2.875271E-01
  0.000000E+00     1     2 -8.283013E-04
  0.000000E+00     1     3 -3.226456E-04
  0.000000E+00     1     4  4.106646E-04
  0.000000E+00     1     5 -3.034391E-02
  0.000000E+00     1     6 -7.303799E-11
  0.000000E+00     2     1 -6.548832E-04
  0.000000E+00     2     2  2.873886E-01
  0.000000E+00     2     3 -1.173371E-03
  0.000000E+00     2     4  3.044920E-02
  0.000000E+00     2     5 -3.414746E-04
  0.000000E+00     2     6 -2.644789E-10
  0.000000E+00     3     1  4.730833E-05
  0.000000E+00     3     2  2.802225E-04
  0.000000E+00     3     3  1.817945E+00
  0.000000E+00     3     4 -4.058007E-03
  0.000000E+00     3     5  5.972947E-04
  0.000000E+00     3     6 -6.182771E-10
  0.000000E+00     4     1 -4.606370E-04
  0.000000E+00     4     2  2.969469E-02
  0.000000E+00     4     3 -2.245786E-03
  0.000000E+00     4     4  2.261876E-01
  0.000000E+00     4     5 -3.334345E-03
  0.000000E+00     4     6 -1.956635E-10
  0.000000E+00     5     1 -2.979245E-02
  0.000000E+00     5     2  5.894392E-04
  0.000000E+00     5     3  4.841252E-04
  0.000000E+00     5     4 -4.105375E-03
  0.000000E+00     5     5  2.254144E-01
  0.000000E+00     5     6  5.372116E-11
  0.000000E+00     6     1  9.870492E-10
  0.000000E+00     6     2  4.340876E-10
  0.000000E+00     6     3  3.763074E-08
  0.000000E+00     6     4 -2.558813E-09
  0.000000E+00     6     5  2.359706E-09
  0.000000E+00     6     6  3.676594E-10
  6.344823E+00     1     1  7.115996E-01  1.757468E-03
  6.344823E+00     1     2 -2.251656E-03 -1.319933E-05
  6.344823E+00     1     3 -7.100637E-04 -1.692877E-04
  6.344823E+00     1     4  1.685052E-03  3.017740E-06
  6.344823E+00     1     5 -4.569336E-02  2.319867E-04
  6.344823E+00     1     6 -1.116710E-10 -9.621529E-14
  6.344823E+00     2     1 -1.808213E-03 -1.060897E-05
  6.344823E+00     2     2  7.112222E-01  1.755257E-03
  6.344823E+00     2     3 -3.039330E-03 -7.898342E-04
  6.344823E+00     2     4  4.603188E-02 -2.314945E-04
  6.344823E+00     2     5 -1.373490E-03 -2.441062E-06
  6.344823E+00     2     6 -1.994960E-10 -1.840112E-13
  6.344823E+00     3     1  1.265338E-04 -7.959422E-07
  6.344823E+00     3     2  7.478669E-04 -4.752357E-06
  6.344823E+00     3     3  2.407495E+00  3.769952E-01
  6.344823E+00     3     4 -2.536236E-03  3.196964E-05
  6.344823E+00     3     5  3.873119E-04 -4.824936E-06
  6.344823E+00     3     6 -6.033373E-10  6.894914E-12
  6.344823E+00     4     1 -1.223242E-03 -6.019542E-06
  6.344823E+00     4     2  4.555313E-02 -2.401900E-04
  6.344823E+00     4     3 -3.129563E-03 -5.412253E-04
  6.344823E+00     4     4  2.306740E-01  3.063073E-05
  6.344823E+00     4     5 -3.266336E-03 -6.198417E-07
  6.344823E+00     4     6 -1.439461E-10  1.809780E-15
  6.344823E+00     5     1 -4.580957E-02  2.389331E-04
  6.344823E+00     5     2  1.522585E-03  7.480673E-06
  6.344823E+00     5     3  6.757103E-04  1.169717E-04
  6.344823E+00     5     4 -4.023815E-03 -7.752219E-07
  6.344823E+00     5     5  2.299182E-01  3.054936E-05
  6.344823E+00     5     6  7.995220E-11 -5.845278E-15
  6.344823E+00     6     1  2.390366E-09  1.190131E-11
  6.344823E+00     6     2  9.842290E-10  4.723100E-12
  6.344823E+00     6     3  5.584094E-08  1.092543E-08
  6.344823E+00     6     4 -2.590143E-09  2.908826E-13
  6.344823E+00     6     5  2.346764E-09  1.410787E-12
  6.344823E+00     6     6  3.962369E-10  1.986245E-19
  4.486468E+00     1     1  7.559631E-01  9.489862E-03
  4.486468E+00     1     2 -2.481279E-03 -7.074779E-05
  4.486468E+00     1     3 -6.894915E-04 -2.509295E-04
  4.486468E+00     1     4  1.794981E-03  1.669832E-05
  4.486468E+00     1     5 -4.535390E-02  1.092482E-03
  4.486468E+00     1     6 -1.207152E-10 -5.322848E-13
  4.486468E+00     2     1 -1.993160E-03 -5.688964E-05
  4.486468E+00     2     2  7.555465E-01  9.477977E-03
  4.486468E+00     2     3 -2.946816E-03 -1.171387E-03
  4.486468E+00     2     4  4.571292E-02 -1.089586E-03
  4.486468E+00     2     5 -1.462588E-03 -1.351585E-05
  4.486468E+00     2     6 -1.986539E-10 -9.160409E-13
  4.486468E+00     3     1  1.360342E-04 -1.358983E-06
  4.486468E+00     3     2  8.066179E-04 -7.955588E-06
  4.486468E+00     3     3  2.321474E+00  5.366132E-01
  4.486468E+00     3     4 -2.428309E-03  9.551138E-05
  4.486468E+00     3     5  3.721972E-04 -1.437816E-05
  4.486468E+00     3     6 -5.843450E-10  1.988983E-11
  4.486468E+00     4     1 -1.326314E-03 -3.117201E-05
  4.486468E+00     4     2  4.490895E-02 -1.143329E-03
  4.486468E+00     4     3 -3.015510E-03 -7.814927E-04
  4.486468E+00     4     4  2.312927E-01  1.255185E-04
  4.486468E+00     4     5 -3.266384E-03 -2.588778E-06
  4.486468E+00     4     6 -1.363608E-10  5.816273E-14
  4.486468E+00     5     1 -4.518628E-02  1.136818E-03
  4.486468E+00     5     2  1.650424E-03  3.871333E-05
  4.486468E+00     5     3  6.505888E-04  1.686585E-04
  4.486468E+00     5     4 -4.023961E-03 -3.243935E-06
  4.486468E+00     5     5  2.305367E-01  1.251368E-04
  4.486468E+00     5     6  8.173363E-11 -5.189341E-14
  4.486468E+00     6     1  2.585343E-09  6.166414E-11
  4.486468E+00     6     2  1.064587E-09  2.484984E-11
  4.486468E+00     6     3  5.358469E-08  1.580279E-08
  4.486468E+00     6     4 -2.603370E-09 -3.278780E-14
  4.486468E+00     6     5  2.355757E-09  6.545623E-12
  4.486468E+00     6     6  3.986435E-10  5.793474E-19
  3.663185E+00     1     1  8.089249E-01  3.048947E-02
  3.663185E+00     1     2 -2.758602E-03 -2.269924E-04
  3.663185E+00     1     3 -6.387690E-04 -3.151363E-04
  3.663185E+00     1     4  1.925512E-03  5.505507E-05
  3.663185E+00     1     5 -4.531899E-02  3.025911E-03
  3.663185E+00     1     6 -1.292068E-10 -1.778312E-12
  3.663185E+00     2     1 -2.216668E-03 -1.826332E-04
  3.663185E+00     2     2  8.084622E-01  3.045133E-02
  3.663185E+00     2     3 -2.707491E-03 -1.468556E-03
  3.663185E+00     2     4  4.570205E-02 -3.016049E-03
  3.663185E+00     2     5 -1.568460E-03 -4.459026E-05
  3.663185E+00     2     6 -1.941923E-10 -2.749024E-12
  3.663185E+00     3     1  1.498497E-04  9.704637E-07
  3.663185E+00     3     2  8.883449E-04  6.366242E-06
  3.663185E+00     3     3  2.174044E+00  6.389128E-01
  3.663185E+00     3     4 -2.346306E-03  1.770613E-04
  3.663185E+00     3     5  3.612779E-04 -2.656230E-05
  3.663185E+00     3     6 -6.042267E-10  3.611505E-11
  3.663185E+00     4     1 -1.447795E-03 -9.621996E-05
  3.663185E+00     4     2  4.443836E-02 -3.220185E-03
  3.663185E+00     4     3 -2.804933E-03 -9.417407E-04
  3.663185E+00     4     4  2.319444E-01  2.990600E-04
  3.663185E+00     4     5 -3.265352E-03 -6.259185E-06
  3.663185E+00     4     6 -1.296540E-10  2.350091E-13
  3.663185E+00     5     1 -4.474052E-02  3.200104E-03
  3.663185E+00     5     2  1.800817E-03  1.193974E-04
  3.663185E+00     5     3  6.054361E-04  2.032057E-04
  3.663185E+00     5     4 -4.022739E-03 -7.860115E-06
  3.663185E+00     5     5  2.311890E-01  2.980900E-04
  3.663185E+00     5     6  8.526257E-11 -1.871251E-13
  3.663185E+00     6     1  2.819185E-09  1.904656E-10
  3.663185E+00     6     2  1.151436E-09  7.647379E-11
  3.663185E+00     6     3  4.931750E-08  1.906901E-08
  3.663185E+00     6     4 -2.599159E-09 -2.126707E-12
  3.663185E+00     6     5  2.364553E-09  1.765545E-11
  3.663185E+00     6     6  4.014573E-10  1.076537E-18
  3.172412E+00     1     1  8.644279E-01  6.956992E-02
  3.172412E+00     1     2 -3.032625E-03 -5.177945E-04
  3.172412E+00     1     3 -5.801756E-04 -3.498809E-04
  3.172412E+00     1     4  2.065858E-03  1.287343E-04
  3.172412E+00     1     5 -4.632083E-02  5.874011E-03
  3.172412E+00     1     6 -1.415074E-10 -4.451996E-12
  3.172412E+00     2     1 -2.437844E-03 -4.168933E-04
  3.172412E+00     2     2  8.639175E-01  6.948268E-02
  3.172412E+00     2     3 -2.436302E-03 -1.630963E-03
  3.172412E+00     2     4  4.673002E-02 -5.850525E-03
  3.172412E+00     2     5 -1.682296E-03 -1.043212E-04
  3.172412E+00     2     6 -1.863992E-10 -6.044824E-12
  3.172412E+00     3     1  1.640846E-04  8.905991E-06
  3.172412E+00     3     2  9.801427E-04  5.378689E-05
  3.172412E+00     3     3  2.025167E+00  6.678143E-01
  3.172412E+00     3     4 -2.288187E-03  2.550725E-04
  3.172412E+00     3     5  3.539969E-04 -3.813930E-05
  3.172412E+00     3     6 -6.220146E-10  5.179060E-11
  3.172412E+00     4     1 -1.568425E-03 -2.116306E-04
  3.172412E+00     4     2  4.487506E-02 -6.408473E-03
  3.172412E+00     4     3 -2.587320E-03 -9.937872E-04
  3.172412E+00     4     4  2.325088E-01  4.921563E-04
  3.172412E+00     4     5 -3.261456E-03 -1.037905E-05
  3.172412E+00     4     6 -1.272117E-10  3.792805E-13
  3.172412E+00     5     1 -4.520370E-02  6.364201E-03
  3.172412E+00     5     2  1.949742E-03  2.623385E-04
  3.172412E+00     5     3  5.583147E-04  2.138640E-04
  3.172412E+00     5     4 -4.017997E-03 -1.307152E-05
  3.172412E+00     5     5  2.317543E-01  4.905384E-04
  3.172412E+00     5     6  9.320462E-11 -3.774928E-13
  3.172412E+00     6     1  3.036819E-09  4.172011E-10
  3.172412E+00     6     2  1.257458E-09  1.685726E-10
  3.172412E+00     6     3  4.494564E-08  2.021297E-08
  3.172412E+00     6     4 -2.600094E-09 -5.963567E-12
  3.172412E+00     6     5  2.364673E-09  3.297713E-11
  3.172412E+00     6     6  4.043789E-10  1.678531E-18
  2.837491E+00     1     1  9.150997E-01  1.284180E-01
  2.837491E+00     1     2 -3.234880E-03 -9.504415E-04
  2.837491E+00     1     3 -5.261691E-04 -3.665579E-04
  2.837491E+00     1     4  2.202133E-03  2.428497E-04
  2.837491E+00     1     5 -4.882958E-02  9.062237E-03
  2.837491E+00     1     6 -1.453022E-10 -8.129133E-12
  2.837491E+00     2     1 -2.601221E-03 -7.657586E-04
  2.837491E+00     2     2  9.145557E-01  1.282580E-01
  2.837491E+00     2     3 -2.189023E-03 -1.711570E-03
  2.837491E+00     2     4  4.926484E-02 -9.017407E-03
  2.837491E+00     2     5 -1.792891E-03 -1.968862E-04
  2.837491E+00     2     6 -1.651717E-10 -9.393750E-12
  2.837491E+00     3     1  1.785454E-04  2.320591E-05
  2.837491E+00     3     2  1.078684E-03  1.405015E-04
  2.837491E+00     3     3  1.901188E+00  6.533693E-01
  2.837491E+00     3     4 -2.241431E-03  3.224079E-04
  2.837491E+00     3     5  3.483610E-04 -4.807944E-05
  2.837491E+00     3     6 -6.093276E-10  6.350461E-11
  2.837491E+00     4     1 -1.664268E-03 -3.774829E-04
  2.837491E+00     4     2  4.678167E-02 -1.023985E-02
  2.837491E+00     4     3 -2.405782E-03 -9.852722E-04
  2.837491E+00     4     4  2.329459E-01  6.285650E-04
  2.837491E+00     4     5 -3.254728E-03 -1.316215E-05
  2.837491E+00     4     6 -1.071702E-10  6.988489E-13
  2.837491E+00     5     1 -4.712806E-02  1.016127E-02
  2.837491E+00     5     2  2.068198E-03  4.674759E-04
  2.837491E+00     5     3  5.184646E-04  2.104723E-04
  2.837491E+00     5     4 -4.009688E-03 -1.666100E-05
  2.837491E+00     5     5  2.321925E-01  6.266274E-04
  2.837491E+00     5     6  9.000644E-11 -7.155853E-13
  2.837491E+00     6     1  3.214783E-09  7.409668E-10
  2.837491E+00     6     2  1.364164E-09  3.028086E-10
  2.837491E+00     6     3  4.115711E-08  2.001075E-08
  2.837491E+00     6     4 -2.592497E-09 -1.035518E-11
  2.837491E+00     6     5  2.353166E-09  4.871788E-11
  2.837491E+00     6     6  4.072142E-10  2.902069E-18
  2.590263E+00     1     1  9.528948E-01  2.055773E-01
  2.590263E+00     1     2 -3.295169E-03 -1.497328E-03
  2.590263E+00     1     3 -4.806727E-04 -3.758117E-04
  2.590263E+00     1     4  2.317988E-03  3.962078E-04
  2.590263E+00     1     5 -5.296159E-02  1.183526E-02
  2.590263E+00     1     6 -1.555343E-10 -1.406731E-11
  2.590263E+00     2     1 -2.650396E-03 -1.207343E-03
  2.590263E+00     2     2  9.523429E-01  2.053259E-01
  2.590263E+00     2     3 -1.971412E-03 -1.741719E-03
  2.590263E+00     2     4  5.341779E-02 -1.176167E-02
  2.590263E+00     2     5 -1.886910E-03 -3.213374E-04
  2.590263E+00     2     6 -1.722482E-10 -1.583635E-11
  2.590263E+00     3     1  1.946302E-04  4.457206E-05
  2.590263E+00     3     2  1.154764E-03  2.675598E-04
  2.590263E+00     3     3  1.803264E+00  6.167499E-01
  2.590263E+00     3     4 -2.200585E-03  3.788309E-04
  2.590263E+00     3     5  3.437669E-04 -5.635695E-05
  2.590263E+00     3     6 -6.532791E-10  7.033165E-11
  2.590263E+00     4     1 -1.718927E-03 -5.863410E-04
  2.590263E+00     4     2  5.043218E-02 -1.403088E-02
  2.590263E+00     4     3 -2.261270E-03 -9.419793E-04
  2.590263E+00     4     4  2.332502E-01  6.516707E-04
  2.590263E+00     4     5 -3.245618E-03 -1.316695E-05
  2.590263E+00     4     6 -1.095239E-10  8.376569E-13
  2.590263E+00     5     1 -5.078986E-02  1.390893E-02
  2.590263E+00     5     2  2.135180E-03  7.252778E-04
  2.590263E+00     5     3  4.892495E-04  2.027716E-04
  2.590263E+00     5     4 -3.998430E-03 -1.683069E-05
  2.590263E+00     5     5  2.324994E-01  6.499831E-04
  2.590263E+00     5     6  9.821275E-11 -9.112483E-13
  2.590263E+00     6     1  3.299016E-09  1.142528E-09
  2.590263E+00     6     2  1.328563E-09  4.480677E-10
  2.590263E+00     6     3  3.813527E-08  1.912943E-08
  2.590263E+00     6     4 -2.587336E-09 -1.212582E-11
  2.590263E+00     6     5  2.344189E-09  6.059372E-11
  2.590263E+00     6     6  4.097156E-10  7.204139E-18
  2.398118E+00     1     1  9.706744E-01  2.958443E-01
  2.398118E+00     1     2 -3.155741E-03 -2.086949E-03
  2.398118E+00     1     3 -4.358897E-04 -3.740642E-04
  2.398118E+00     1     4  2.399018E-03  5.800923E-04
  2.398118E+00     1     5 -5.842791E-02  1.343071E-02
  2.398118E+00     1     6 -1.586986E-10 -2.036356E-11
  2.398118E+00     2     1 -2.538207E-03 -1.684133E-03
  2.398118E+00     2     2  9.701458E-01  2.954932E-01
  2.398118E+00     2     3 -1.777218E-03 -1.736296E-03
  2.398118E+00     2     4  5.890136E-02 -1.332204E-02
  2.398118E+00     2     5 -1.952723E-03 -4.706037E-04
  2.398118E+00     2     6 -1.723670E-10 -2.261606E-11
  2.398118E+00     3     1  2.006608E-04  7.066546E-05
  2.398118E+00     3     2  1.193466E-03  4.254635E-04
  2.398118E+00     3     3  1.727662E+00  5.692823E-01
  2.398118E+00     3     4 -2.159284E-03  4.252150E-04
  2.398118E+00     3     5  3.379918E-04 -6.311316E-05
  2.398118E+00     3     6 -6.615039E-10  6.838051E-11
  2.398118E+00     4     1 -1.712754E-03 -8.205534E-04
  2.398118E+00     4     2  5.576968E-02 -1.698264E-02
  2.398118E+00     4     3 -2.146908E-03 -8.808534E-04
  2.398118E+00     4     4  2.334426E-01  5.389285E-04
  2.398118E+00     4     5 -3.235821E-03 -9.605248E-06
  2.398118E+00     4     6 -1.099891E-10  1.245649E-12
  2.398118E+00     5     1 -5.612609E-02  1.681175E-02
  2.398118E+00     5     2  2.127077E-03  1.013773E-03
  2.398118E+00     5     3  4.632620E-04  1.886313E-04
  2.398118E+00     5     4 -3.986241E-03 -1.261386E-05
  2.398118E+00     5     5  2.326923E-01  5.381947E-04
  2.398118E+00     5     6  9.820453E-11 -1.190164E-12
  2.398118E+00     6     1  3.256644E-09  1.578016E-09
  2.398118E+00     6     2  1.336219E-09  6.304932E-10
  2.398118E+00     6     3  3.570617E-08  1.784254E-08
  2.398118E+00     6     4 -2.612095E-09 -1.244138E-11
  2.398118E+00     6     5  2.314502E-09  6.461505E-11
  2.398118E+00     6     6  4.116694E-10  2.144253E-17
  2.243234E+00     1     1  9.642754E-01  3.910493E-01
  2.243234E+00     1     2 -2.805733E-03 -2.620588E-03
  2.243234E+00     1     3 -3.955544E-04 -3.634817E-04
  2.243234E+00     1     4  2.437132E-03  7.803530E-04
  2.243234E+00     1     5 -6.457092E-02  1.330537E-02
  2.243234E+00     1     6 -2.049734E-10 -3.483794E-11
  2.243234E+00     2     1 -2.254902E-03 -2.116104E-03
  2.243234E+00     2     2  9.638091E-01  3.906098E-01
  2.243234E+00     2     3 -1.602821E-03 -1.700384E-03
  2.243234E+00     2     4  6.505113E-02 -1.315867E-02
  2.243234E+00     2     5 -1.983748E-03 -6.331813E-04
  2.243234E+00     2     6 -2.386447E-10 -3.926190E-11
  2.243234E+00     3     1  1.922083E-04  9.790768E-05
  2.243234E+00     3     2  1.177077E-03  5.960132E-04
  2.243234E+00     3     3  1.670347E+00  5.173951E-01
  2.243234E+00     3     4 -2.114177E-03  4.630066E-04
  2.243234E+00     3     5  3.321596E-04 -6.881003E-05
  2.243234E+00     3     6 -6.810154E-10  8.226431E-11
  2.243234E+00     4     1 -1.637926E-03 -1.055883E-03
  2.243234E+00     4     2  6.234330E-02 -1.835914E-02
  2.243234E+00     4     3 -2.054887E-03 -8.092130E-04
  2.243234E+00     4     4  2.335374E-01  3.092829E-04
  2.243234E+00     4     5 -3.227455E-03 -2.734093E-06
  2.243234E+00     4     6 -1.155958E-10  3.649833E-12
  2.243234E+00     5     1 -6.268709E-02  1.813793E-02
  2.243234E+00     5     2  2.034973E-03  1.303102E-03
  2.243234E+00     5     3  4.420675E-04  1.712161E-04
  2.243234E+00     5     4 -3.975730E-03 -4.344205E-06
  2.243234E+00     5     5  2.327890E-01  3.100946E-04
  2.243234E+00     5     6  1.194035E-10 -2.538223E-12
  2.243234E+00     6     1  2.897964E-09  1.930684E-09
  2.243234E+00     6     2  8.372658E-10  6.219745E-10
  2.243234E+00     6     3  3.394836E-08  1.642365E-08
  2.243234E+00     6     4 -2.631210E-09 -2.902779E-12
  2.243234E+00     6     5  2.316577E-09  5.694514E-11
  2.243234E+00     6     6  4.127945E-10  6.326601E-17
  2.114941E+00     1     1  9.338555E-01  4.822285E-01
  2.114941E+00     1     2 -2.296543E-03 -3.011423E-03
  2.114941E+00     1     3 -3.645545E-04 -3.577326E-04
  2.114941E+00     1     4  2.428642E-03  9.810935E-04
  2.114941E+00     1     5 -7.056750E-02  1.129737E-02
  2.114941E+00     1     6 -1.609949E-10 -3.676539E-11
  2.114941E+00     2     1 -1.842473E-03 -2.433133E-03
  2.114941E+00     2     2  9.334715E-01  4.817207E-01
  2.114941E+00     2     3 -1.459391E-03 -1.657200E-03
  2.114941E+00     2     4  7.104624E-02 -1.111217E-02
  2.114941E+00     2     5 -1.976739E-03 -7.960936E-04
  2.114941E+00     2     6 -1.531152E-10 -3.790631E-11
  2.114941E+00     3     1  1.892698E-04  1.281676E-04
  2.114941E+00     3     2  1.126189E-03  7.669855E-04
  2.114941E+00     3     3  1.627706E+00  4.648552E-01
  2.114941E+00     3     4 -2.067404E-03  4.934352E-04
  2.114941E+00     3     5  3.269550E-04 -7.344038E-05
  2.114941E+00     3     6 -6.950246E-10  7.204977E-11
  2.114941E+00     4     1 -1.499079E-03 -1.266368E-03
  2.114941E+00     4     2  6.943818E-02 -1.767743E-02
  2.114941E+00     4     3 -1.991371E-03 -7.432891E-04
  2.114941E+00     4     4  2.335480E-01  1.619901E-05
  2.114941E+00     4     5 -3.220393E-03  6.173993E-06
  2.114941E+00     4     6 -1.063247E-10 -2.522621E-12
  2.114941E+00     5     1 -6.975109E-02  1.741307E-02
  2.114941E+00     5     2  1.864314E-03  1.561225E-03
  2.114941E+00     5     3  4.302371E-04  1.588951E-04
  2.114941E+00     5     4 -3.966958E-03  6.411236E-06
  2.114941E+00     5     5  2.328001E-01  1.895582E-05
  2.114941E+00     5     6  1.069027E-10  4.016601E-13
  2.114941E+00     6     1  2.794929E-09  2.358406E-09
  2.114941E+00     6     2  1.154165E-09  9.272847E-10
  2.114941E+00     6     3  3.253502E-08  1.496245E-08
  2.114941E+00     6     4 -2.588973E-09 -1.355421E-12
  2.114941E+00     6     5  2.267125E-09  4.443307E-11
  2.114941E+00     6     6  4.129724E-10  1.683142E-16
  2.006409E+00     1     1  8.820269E-01  5.613985E-01
  2.006409E+00     1     2 -1.713329E-03 -3.207471E-03
  2.006409E+00     1     3 -3.357057E-04 -3.435220E-04
  2.006409E+00     1     4  2.373307E-03  1.169474E-03
  2.006409E+00     1     5 -7.462825E-02  8.016789E-03
  2.006409E+00     1     6 -1.640881E-10 -4.591534E-11
  2.006409E+00     2     1 -1.368904E-03 -2.592032E-03
  2.006409E+00     2     2  8.817403E-01  5.608575E-01
  2.006409E+00     2     3 -1.333458E-03 -1.595427E-03
  2.006409E+00     2     4  7.509620E-02 -7.795484E-03
  2.006409E+00     2     5 -1.931850E-03 -9.489764E-04
  2.006409E+00     2     6 -1.572180E-10 -3.925322E-11
  2.006409E+00     3     1  1.696790E-04  1.501647E-04
  2.006409E+00     3     2  1.021335E-03  9.070620E-04
  2.006409E+00     3     3  1.593836E+00  4.145385E-01
  2.006409E+00     3     4 -2.012879E-03  5.159315E-04
  2.006409E+00     3     5  3.202781E-04 -7.696478E-05
  2.006409E+00     3     6 -7.278289E-10  7.118790E-11
  2.006409E+00     4     1 -1.311924E-03 -1.428748E-03
  2.006409E+00     4     2  7.536909E-02 -1.491100E-02
  2.006409E+00     4     3 -1.939313E-03 -6.731753E-04
  2.006409E+00     4     4  2.323321E-01 -2.633356E-04
  2.006409E+00     4     5 -3.212867E-03  1.430895E-05
  2.006409E+00     4     6 -1.045533E-10  1.311074E-12
  2.006409E+00     5     1 -7.564465E-02  1.461281E-02
  2.006409E+00     5     2  1.635494E-03  1.760209E-03
  2.006409E+00     5     3  4.189729E-04  1.425625E-04
  2.006409E+00     5     4 -3.957441E-03  1.619096E-05
  2.006409E+00     5     5  2.315856E-01 -2.590247E-04
  2.006409E+00     5     6  1.292275E-10 -1.060961E-12
  2.006409E+00     6     1  2.487065E-09  2.654950E-09
  2.006409E+00     6     2  1.041158E-09  1.050406E-09
  2.006409E+00     6     3  3.142346E-08  1.349906E-08
  2.006409E+00     6     4 -2.588897E-09  6.926442E-12
  2.006409E+00     6     5  2.234749E-09  2.527882E-11
  2.006409E+00     6     6  4.069427E-10  4.055505E-16
  1.913036E+00     1     1  8.182307E-01  6.248737E-01
  1.913036E+00     1     2 -1.131479E-03 -3.215413E-03
  1.913036E+00     1     3 -3.122201E-04 -3.299004E-04
  1.913036E+00     1     4  2.298553E-03  1.336646E-03
  1.913036E+00     1     5 -7.906983E-02  2.936292E-03
  1.913036E+00     1     6 -1.350207E-10 -4.042576E-11
  1.913036E+00     2     1 -8.959750E-04 -2.597719E-03
  1.913036E+00     2     2  8.180442E-01  6.243337E-01
  1.913036E+00     2     3 -1.233411E-03 -1.530707E-03
  1.913036E+00     2     4  7.952313E-02 -2.682991E-03
  1.913036E+00     2     5 -1.871168E-03 -1.084617E-03
  1.913036E+00     2     6 -1.453369E-10 -4.516132E-11
  1.913036E+00     3     1  1.509351E-04  1.704817E-04
  1.913036E+00     3     2  8.946425E-04  1.019758E-03
  1.913036E+00     3     3  1.573998E+00  3.663237E-01
  1.913036E+00     3     4 -1.956431E-03  5.330418E-04
  1.913036E+00     3     5  3.132778E-04 -7.973334E-05
  1.913036E+00     3     6 -7.502052E-10  7.828770E-11
  1.913036E+00     4     1 -1.093782E-03 -1.536195E-03
  1.913036E+00     4     2  8.154992E-02 -1.029030E-02
  1.913036E+00     4     3 -1.905470E-03 -6.108534E-04
  1.913036E+00     4     4  2.329120E-01 -4.889744E-04
  1.913036E+00     4     5 -3.214070E-03  2.253046E-05
  1.913036E+00     4     6 -1.085805E-10 -1.274034E-12
  1.913036E+00     5     1 -8.177718E-02  9.971471E-03
  1.913036E+00     5     2  1.369101E-03  1.891989E-03
  1.913036E+00     5     3  4.121646E-04  1.301736E-04
  1.913036E+00     5     4 -3.958661E-03  2.605927E-05
  1.913036E+00     5     5  2.321646E-01 -4.831006E-04
  1.913036E+00     5     6  9.691370E-11  4.503786E-13
  1.913036E+00     6     1  2.076168E-09  2.814227E-09
  1.913036E+00     6     2  9.220383E-10  1.147546E-09
  1.913036E+00     6     3  3.074103E-08  1.207415E-08
  1.913036E+00     6     4 -2.589502E-09  1.763237E-11
  1.913036E+00     6     5  2.227985E-09 -7.108079E-13
  1.913036E+00     6     6  4.084463E-10  8.999018E-16
  1.831593E+00     1     1  7.471181E-01  6.707163E-01
  1.831593E+00     1     2 -6.231454E-04 -3.073182E-03
  1.831593E+00     1     3 -2.939529E-04 -3.138126E-04
  1.831593E+00     1     4  2.202915E-03  1.478555E-03
  1.831593E+00     1     5 -8.206113E-02 -2.911883E-03
  1.831593E+00     1     6 -1.312371E-10 -4.689166E-11
  1.831593E+00     2     1 -4.828324E-04 -2.480931E-03
  1.831593E+00     2     2  7.470172E-01  6.702003E-01
  1.831593E+00     2     3 -1.151015E-03 -1.460072E-03
  1.831593E+00     2     4  8.249494E-02  3.191959E-03
  1.831593E+00     2     5 -1.793673E-03 -1.199802E-03
  1.831593E+00     2     6 -1.249465E-10 -4.650332E-11
  1.831593E+00     3     1  1.239220E-04  1.808692E-04
  1.831593E+00     3     2  7.460988E-04  1.088062E-03
  1.831593E+00     3     3  1.561813E+00  3.217052E-01
  1.831593E+00     3     4 -1.893355E-03  5.432203E-04
  1.831593E+00     3     5  3.063481E-04 -8.163070E-05
  1.831593E+00     3     6 -7.475335E-10  7.895069E-11
  1.831593E+00     4     1 -8.684762E-04 -1.584548E-03
  1.831593E+00     4     2  8.632866E-02 -4.358163E-03
  1.831593E+00     4     3 -1.879792E-03 -5.491628E-04
  1.831593E+00     4     4  2.335666E-01 -6.012904E-04
  1.831593E+00     4     5 -3.217940E-03  2.814180E-05
  1.831593E+00     4     6 -9.805379E-11 -5.805984E-12
  1.831593E+00     5     1 -8.651059E-02  4.028548E-03
  1.831593E+00     5     2  1.094343E-03  1.951920E-03
  1.831593E+00     5     3  4.076251E-04  1.161642E-04
  1.831593E+00     5     4 -3.962947E-03  3.272385E-05
  1.831593E+00     5     5  2.328188E-01 -5.945342E-04
  1.831593E+00     5     6  1.043039E-10  3.379553E-12
  1.831593E+00     6     1  1.671325E-09  2.868218E-09
  1.831593E+00     6     2  7.516636E-10  1.153172E-09
  1.831593E+00     6     3  3.025854E-08  1.075715E-08
  1.831593E+00     6     4 -2.574957E-09  2.850263E-11
  1.831593E+00     6     5  2.219014E-09 -2.737722E-11
  1.831593E+00     6     6  4.098778E-10  1.854029E-15
  1.759737E+00     1     1  6.742546E-01  6.998366E-01
  1.759737E+00     1     2 -2.198161E-04 -2.834918E-03
  1.759737E+00     1     3 -2.764897E-04 -2.962864E-04
  1.759737E+00     1     4  2.094623E-03  1.594114E-03
  1.759737E+00     1     5 -8.359606E-02 -9.005560E-03
  1.759737E+00     1     6 -1.071358E-10 -5.724938E-11
  1.759737E+00     2     1 -1.554255E-04 -2.285680E-03
  1.759737E+00     2     2  6.742210E-01  6.993603E-01
  1.759737E+00     2     3 -1.084469E-03 -1.390036E-03
  1.759737E+00     2     4  8.401036E-02  9.308076E-03
  1.759737E+00     2     5 -1.705924E-03 -1.293649E-03
  1.759737E+00     2     6 -7.454254E-11 -6.859790E-11
  1.759737E+00     3     1  9.815369E-05  1.839421E-04
  1.759737E+00     3     2  5.960699E-04  1.116566E-03
  1.759737E+00     3     3  1.555578E+00  2.810197E-01
  1.759737E+00     3     4 -1.822983E-03  5.464116E-04
  1.759737E+00     3     5  2.966522E-04 -8.226691E-05
  1.759737E+00     3     6 -7.763315E-10  9.390567E-11
  1.759737E+00     4     1 -6.542702E-04 -1.580647E-03
  1.759737E+00     4     2  8.950543E-02  2.284794E-03
  1.759737E+00     4     3 -1.862642E-03 -4.918431E-04
  1.759737E+00     4     4  2.342446E-01 -5.817372E-04
  1.759737E+00     4     5 -3.222881E-03  3.043308E-05
  1.759737E+00     4     6 -1.050292E-10 -3.723723E-11
  1.759737E+00     5     1 -8.964317E-02 -2.613457E-03
  1.759737E+00     5     2  8.330902E-04  1.948495E-03
  1.759737E+00     5     3  4.025783E-04  1.032304E-04
  1.759737E+00     5     4 -3.968482E-03  3.536201E-05
  1.759737E+00     5     5  2.334938E-01 -5.748339E-04
  1.759737E+00     5     6  1.044463E-10  1.824922E-11
  1.759737E+00     6     1  1.312829E-09  2.842061E-09
  1.759737E+00     6     2  6.648503E-10  1.205192E-09
  1.759737E+00     6     3  3.003715E-08  9.527474E-09
  1.759737E+00     6     4 -2.609440E-09  3.928061E-11
  1.759737E+00     6     5  2.211639E-09 -5.229682E-11
  1.759737E+00     6     6  4.112143E-10  3.587165E-15
  1.695725E+00     1     1  6.037333E-01  7.145837E-01
  1.695725E+00     1     2  7.478528E-05 -2.551480E-03
  1.695725E+00     1     3 -2.662210E-04 -2.833060E-04
  1.695725E+00     1     4  1.980604E-03  1.684501E-03
  1.695725E+00     1     5 -8.383749E-02 -1.493687E-02
  1.695725E+00     1     6 -1.319899E-10 -4.758769E-11
  1.695725E+00     2     1  8.310287E-05 -2.053462E-03
  1.695725E+00     2     2  6.037479E-01  7.141563E-01
  1.695725E+00     2     3 -1.035533E-03 -1.328302E-03
  1.695725E+00     2     4  8.422702E-02  1.525558E-02
  1.695725E+00     2     5 -1.613393E-03 -1.367090E-03
  1.695725E+00     2     6 -1.051684E-10 -3.143289E-11
  1.695725E+00     3     1  7.738629E-05  1.859567E-04
  1.695725E+00     3     2  4.604904E-04  1.119764E-03
  1.695725E+00     3     3  1.553869E+00  2.443078E-01
  1.695725E+00     3     4 -1.747550E-03  5.429214E-04
  1.695725E+00     3     5  2.886151E-04 -8.215264E-05
  1.695725E+00     3     6 -8.575484E-10  8.908257E-11
  1.695725E+00     4     1 -4.621014E-04 -1.536310E-03
  1.695725E+00     4     2  9.114597E-02  9.098973E-03
  1.695725E+00     4     3 -1.856834E-03 -4.430660E-04
  1.695725E+00     4     4  2.348912E-01 -4.386064E-04
  1.695725E+00     4     5 -3.227657E-03  2.928414E-05
  1.695725E+00     4     6 -8.471780E-11  4.523498E-12
  1.695725E+00     5     1 -9.124526E-02 -9.417665E-03
  1.695725E+00     5     2  5.987905E-04  1.896198E-03
  1.695725E+00     5     3  4.035019E-04  9.354035E-05
  1.695725E+00     5     4 -3.973843E-03  3.385736E-05
  1.695725E+00     5     5  2.341413E-01 -4.324869E-04
  1.695725E+00     5     6  1.128114E-10 -7.495114E-13
  1.695725E+00     6     1  9.878060E-10  2.809937E-09
  1.695725E+00     6     2  5.080323E-10  1.186659E-09
  1.695725E+00     6     3  2.988374E-08  8.411156E-09
  1.695725E+00     6     4 -2.593979E-09  4.814764E-11
  1.695725E+00     6     5  2.259835E-09 -7.517390E-11
  1.695725E+00     6     6  4.125328E-10  6.572201E-15
  1.638226E+00     1     1  5.379736E-01  7.178084E-01
  1.638226E+00     1     2  2.734318E-04 -2.258973E-03
  1.638226E+00     1     3 -2.574475E-04 -2.692122E-04
  1.638226E+00     1     4  1.865223E-03  1.752101E-03
  1.638226E+00     1     5 -8.298490E-02 -2.042240E-02
  1.638226E+00     1     6 -1.312856E-10 -4.692406E-11
  1.638226E+00     2     1  2.430292E-04 -1.813794E-03
  1.638226E+00     2     2  5.380207E-01  7.174323E-01
  1.638226E+00     2     3 -9.898057E-04 -1.263105E-03
  1.638226E+00     2     4  8.335261E-02  2.075404E-02
  1.638226E+00     2     5 -1.519821E-03 -1.422149E-03
  1.638226E+00     2     6 -1.072403E-10 -3.098162E-11
  1.638226E+00     3     1  5.454298E-05  1.782953E-04
  1.638226E+00     3     2  3.332098E-04  1.090220E-03
  1.638226E+00     3     3  1.555409E+00  2.115116E-01
  1.638226E+00     3     4 -1.657008E-03  5.319392E-04
  1.638226E+00     3     5  2.792748E-04 -8.102256E-05
  1.638226E+00     3     6 -7.722241E-10  5.592598E-11
  1.638226E+00     4     1 -2.991631E-04 -1.463454E-03
  1.638226E+00     4     2  9.141167E-02  1.576953E-02
  1.638226E+00     4     3 -1.846495E-03 -3.962370E-04
  1.638226E+00     4     4  2.354401E-01 -1.824649E-04
  1.638226E+00     4     5 -3.230938E-03  2.474541E-05
  1.638226E+00     4     6 -8.526497E-11  7.173725E-12
  1.638226E+00     5     1 -9.147691E-02 -1.607140E-02
  1.638226E+00     5     2  3.996901E-04  1.809610E-03
  1.638226E+00     5     3  4.047718E-04  8.264659E-05
  1.638226E+00     5     4 -3.977181E-03  2.828773E-05
  1.638226E+00     5     5  2.346886E-01 -1.778388E-04
  1.638226E+00     5     6  1.125753E-10 -1.094787E-12
  1.638226E+00     6     1  6.841093E-10  2.645809E-09
  1.638226E+00     6     2  3.447752E-10  1.086098E-09
  1.638226E+00     6     3  2.993442E-08  7.414516E-09
  1.638226E+00     6     4 -2.588937E-09  5.316913E-11
  1.638226E+00     6     5  2.252784E-09 -9.179642E-11
  1.638226E+00     6     6  4.137717E-10  1.149507E-14
  1.586206E+00     1     1  4.783142E-01  7.122567E-01
  1.586206E+00     1     2  3.967057E-04 -1.981329E-03
  1.586206E+00     1     3 -2.482620E-04 -2.550652E-04
  1.586206E+00     1     4  1.753470E-03  1.799167E-03
  1.586206E+00     1     5 -8.137124E-02 -2.536767E-02
  1.586206E+00     1     6 -1.169659E-10 -4.271826E-11
  1.586206E+00     2     1  3.411595E-04 -1.586604E-03
  1.586206E+00     2     2  4.783822E-01  7.119299E-01
  1.586206E+00     2     3 -9.610831E-04 -1.210909E-03
  1.586206E+00     2     4  8.171687E-02  2.570768E-02
  1.586206E+00     2     5 -1.429090E-03 -1.460529E-03
  1.586206E+00     2     6 -9.080969E-11 -2.722187E-11
  1.586206E+00     3     1  3.904593E-05  1.733847E-04
  1.586206E+00     3     2  2.279344E-04  1.052266E-03
  1.586206E+00     3     3  1.559866E+00  1.823653E-01
  1.586206E+00     3     4 -1.567249E-03  5.171100E-04
  1.586206E+00     3     5  2.662275E-04 -7.875844E-05
  1.586206E+00     3     6 -9.018564E-10  2.119664E-10
  1.586206E+00     4     1 -1.647420E-04 -1.373585E-03
  1.586206E+00     4     2  9.056108E-02  2.196518E-02
  1.586206E+00     4     3 -1.853778E-03 -3.574810E-04
  1.586206E+00     4     4  2.359860E-01  1.578640E-04
  1.586206E+00     4     5 -3.231712E-03  1.788250E-05
  1.586206E+00     4     6 -8.070252E-11  5.736998E-12
  1.586206E+00     5     1 -9.059728E-02 -2.224708E-02
  1.586206E+00     5     2  2.350909E-04  1.702517E-03
  1.586206E+00     5     3  4.033061E-04  7.458412E-05
  1.586206E+00     5     4 -3.977526E-03  1.997882E-05
  1.586206E+00     5     5  2.352347E-01  1.606108E-04
  1.586206E+00     5     6  1.071203E-10  1.237377E-12
  1.586206E+00     6     1  4.824870E-10  2.531466E-09
  1.586206E+00     6     2  2.786934E-10  1.090465E-09
  1.586206E+00     6     3  2.999979E-08  6.397358E-09
  1.586206E+00     6     4 -2.625769E-09  5.946999E-11
  1.586206E+00     6     5  2.267402E-09 -1.068329E-10
  1.586206E+00     6     6  4.149566E-10  1.930861E-14
  1.538846E+00     1     1  4.252282E-01  7.004001E-01
  1.538846E+00     1     2  4.635839E-04 -1.729205E-03
  1.538846E+00     1     3 -2.448879E-04 -2.435894E-04
  1.538846E+00     1     4  1.647830E-03  1.829619E-03
  1.538846E+00     1     5 -7.917987E-02 -2.966229E-02
  1.538846E+00     1     6 -1.045153E-10 -3.616160E-11
  1.538846E+00     2     1  3.938687E-04 -1.381191E-03
  1.538846E+00     2     2  4.253071E-01  7.001168E-01
  1.538846E+00     2     3 -9.385288E-04 -1.161144E-03
  1.538846E+00     2     4  7.950362E-02  3.000710E-02
  1.538846E+00     2     5 -1.343232E-03 -1.485290E-03
  1.538846E+00     2     6 -8.387586E-11 -1.742058E-11
  1.538846E+00     3     1  2.407089E-05  1.637891E-04
  1.538846E+00     3     2  1.384469E-04  1.003220E-03
  1.538846E+00     3     3  1.566014E+00  1.566419E-01
  1.538846E+00     3     4 -1.466654E-03  4.967594E-04
  1.538846E+00     3     5  2.553734E-04 -7.601977E-05
  1.538846E+00     3     6 -8.046946E-10  4.675382E-11
  1.538846E+00     4     1 -5.755089E-05 -1.275783E-03
  1.538846E+00     4     2  8.889754E-02  2.752127E-02
  1.538846E+00     4     3 -1.861653E-03 -3.235257E-04
  1.538846E+00     4     4  2.364243E-01  5.514035E-04
  1.538846E+00     4     5 -3.230219E-03  9.247287E-06
  1.538846E+00     4     6 -7.068863E-11  1.200231E-11
  1.538846E+00     5     1 -8.891170E-02 -2.778216E-02
  1.538846E+00     5     2  1.031845E-04  1.584279E-03
  1.538846E+00     5     3  4.072290E-04  6.719963E-05
  1.538846E+00     5     4 -3.975278E-03  9.407351E-06
  1.538846E+00     5     5  2.356747E-01  5.519725E-04
  1.538846E+00     5     6  1.012147E-10  8.819537E-13
  1.538846E+00     6     1  3.000696E-10  2.336684E-09
  1.538846E+00     6     2  1.817664E-10  9.921825E-10
  1.538846E+00     6     3  3.009354E-08  5.645608E-09
  1.538846E+00     6     4 -2.629355E-09  6.036227E-11
  1.538846E+00     6     5  2.297888E-09 -1.156243E-10
  1.538846E+00     6     6  4.161330E-10  3.127982E-14
  1.495489E+00     1     1  3.784888E-01  6.841660E-01
  1.495489E+00     1     2  4.916280E-04 -1.509134E-03
  1.495489E+00     1     3 -2.349201E-04 -2.284807E-04
  1.495489E+00     1     4  1.550637E-03  1.846259E-03
  1.495489E+00     1     5 -7.658090E-02 -3.331151E-02
  1.495489E+00     1     6 -1.121760E-10 -4.401980E-11
  1.495489E+00     2     1  4.149172E-04 -1.202287E-03
  1.495489E+00     2     2  3.785719E-01  6.839175E-01
  1.495489E+00     2     3 -9.081276E-04 -1.106731E-03
  1.495489E+00     2     4  7.688787E-02  3.365963E-02
  1.495489E+00     2     5 -1.264549E-03 -1.498999E-03
  1.495489E+00     2     6 -5.719412E-11 -1.878254E-11
  1.495489E+00     3     1  9.120873E-06  1.486047E-04
  1.495489E+00     3     2  6.222753E-05  9.378327E-04
  1.495489E+00     3     3  1.573372E+00  1.340762E-01
  1.495489E+00     3     4 -1.348004E-03  4.711299E-04
  1.495489E+00     3     5  2.380906E-04 -7.198445E-05
  1.495489E+00     3     6 -7.776900E-10  5.109344E-11
  1.495489E+00     4     1  2.521207E-05 -1.176890E-03
  1.495489E+00     4     2  8.659275E-02  3.244972E-02
  1.495489E+00     4     3 -1.856348E-03 -2.902460E-04
  1.495489E+00     4     4  2.367603E-01  9.832037E-04
  1.495489E+00     4     5 -3.227152E-03 -7.285128E-07
  1.495489E+00     4     6 -5.940361E-11 -1.082491E-12
  1.495489E+00     5     1 -8.659066E-02 -3.269248E-02
  1.495489E+00     5     2  9.468122E-07  1.464746E-03
  1.495489E+00     5     3  4.030784E-04  5.880588E-05
  1.495489E+00     5     4 -3.970595E-03 -2.723203E-06
  1.495489E+00     5     5  2.360092E-01  9.813957E-04
  1.495489E+00     5     6  1.127556E-10  6.595030E-12
  1.495489E+00     6     1  1.317425E-10  2.154674E-09
  1.495489E+00     6     2  1.324766E-10  9.703209E-10
  1.495489E+00     6     3  3.050533E-08  4.952728E-09
  1.495489E+00     6     4 -2.671366E-09  6.242932E-11
  1.495489E+00     6     5  2.291333E-09 -1.213461E-10
  1.495489E+00     6     6  4.172609E-10  4.911327E-14
  1.455602E+00     1     1  3.376860E-01  6.650797E-01
  1.455602E+00     1     2  4.919490E-04 -1.316339E-03
  1.455602E+00     1     3 -2.299890E-04 -2.178268E-04
  1.455602E+00     1     4  1.460639E-03  1.851219E-03
  1.455602E+00     1     5 -7.374018E-02 -3.635260E-02
  1.455602E+00     1     6 -1.217590E-10 -4.731461E-11
  1.455602E+00     2     1  4.131857E-04 -1.046200E-03
  1.455602E+00     2     2  3.377676E-01  6.648629E-01
  1.455602E+00     2     3 -8.899610E-04 -1.061421E-03
  1.455602E+00     2     4  7.402970E-02  3.670109E-02
  1.455602E+00     2     5 -1.191372E-03 -1.503085E-03
  1.455602E+00     2     6 -6.246817E-11 -1.447515E-11
  1.455602E+00     3     1  2.661784E-06  1.398078E-04
  1.455602E+00     3     2  5.179734E-06  8.764595E-04
  1.455602E+00     3     3  1.581538E+00  1.143592E-01
  1.455602E+00     3     4 -1.227164E-03  4.428794E-04
  1.455602E+00     3     5  2.221465E-04 -6.786161E-05
  1.455602E+00     3     6  1.434991E-09 -1.419912E-09
  1.455602E+00     4     1  8.755390E-05 -1.076809E-03
  1.455602E+00     4     2  8.385860E-02  3.674576E-02
  1.455602E+00     4     3 -1.862096E-03 -2.638261E-04
  1.455602E+00     4     4  2.370024E-01  1.433152E-03
  1.455602E+00     4     5 -3.220117E-03 -1.172534E-05
  1.455602E+00     4     6 -6.963268E-11  9.061302E-12
  1.455602E+00     5     1 -8.384524E-02 -3.696804E-02
  1.455602E+00     5     2 -7.730267E-05  1.343487E-03
  1.455602E+00     5     3  4.043127E-04  5.391468E-05
  1.455602E+00     5     4 -3.961453E-03 -1.608130E-05
  1.455602E+00     5     5  2.362530E-01  1.428678E-03
  1.455602E+00     5     6  1.309441E-10  4.572787E-12
  1.455602E+00     6     1  1.047959E-11  1.991450E-09
  1.455602E+00     6     2  7.046394E-11  9.213557E-10
  1.455602E+00     6     3  3.046657E-08  4.290767E-09
  1.455602E+00     6     4 -2.702075E-09  6.120286E-11
  1.455602E+00     6     5  2.335926E-09 -1.251236E-10
  1.455602E+00     6     6  4.182503E-10  7.487299E-14
  1.418746E+00     1     1  3.023131E-01  6.442634E-01
  1.418746E+00     1     2  4.760484E-04 -1.153604E-03
  1.418746E+00     1     3 -2.306522E-04 -2.098017E-04
  1.418746E+00     1     4  1.379522E-03  1.846717E-03
  1.418746E+00     1     5 -7.079532E-02 -3.884027E-02
  1.418746E+00     1     6 -1.031904E-10 -3.766924E-11
  1.418746E+00     2     1  3.987616E-04 -9.136867E-04
  1.418746E+00     2     2  3.023897E-01  6.440767E-01
  1.418746E+00     2     3 -8.785875E-04 -1.020611E-03
  1.418746E+00     2     4  7.106660E-02  3.918675E-02
  1.418746E+00     2     5 -1.125373E-03 -1.499573E-03
  1.418746E+00     2     6 -3.388059E-11 -1.753406E-12
  1.418746E+00     3     1 -3.631873E-06  1.310460E-04
  1.418746E+00     3     2 -3.952870E-05  8.168536E-04
  1.418746E+00     3     3  1.590231E+00  9.720220E-02
  1.418746E+00     3     4 -1.103003E-03  4.124871E-04
  1.418746E+00     3     5  2.092843E-04 -6.358836E-05
  1.418746E+00     3     6 -7.603867E-10  5.082317E-11
  1.418746E+00     4     1  1.332232E-04 -9.825183E-04
  1.418746E+00     4     2  8.087984E-02  4.039429E-02
  1.418746E+00     4     3 -1.871899E-03 -2.414208E-04
  1.418746E+00     4     4  2.371754E-01  1.882341E-03
  1.418746E+00     4     5 -3.210362E-03 -2.305373E-05
  1.418746E+00     4     6 -4.110036E-11  7.813532E-12
  1.418746E+00     5     1 -8.085767E-02 -4.059337E-02
  1.418746E+00     5     2 -1.338224E-04  1.230048E-03
  1.418746E+00     5     3  4.110024E-04  4.950922E-05
  1.418746E+00     5     4 -3.948918E-03 -2.969126E-05
  1.418746E+00     5     5  2.364310E-01  1.875007E-03
  1.418746E+00     5     6  1.112764E-10  7.452551E-12
  1.418746E+00     6     1 -4.803866E-11  1.878811E-09
  1.418746E+00     6     2  6.700255E-11  8.857470E-10
  1.418746E+00     6     3  3.085650E-08  3.764141E-09
  1.418746E+00     6     4 -2.646525E-09  5.858978E-11
  1.418746E+00     6     5  2.339665E-09 -1.293247E-10
  1.418746E+00     6     6  4.194586E-10  1.115508E-13
  1.384554E+00     1     1  2.716075E-01  6.225219E-01
  1.384554E+00     1     2  4.577931E-04 -1.011313E-03
  1.384554E+00     1     3 -2.274351E-04 -1.995458E-04
  1.384554E+00     1     4  1.309150E-03  1.835395E-03
  1.384554E+00     1     5 -6.778292E-02 -4.082234E-02
  1.384554E+00     1     6 -7.289412E-10 -1.537923E-10
  1.384554E+00     2     1  3.839844E-04 -7.974901E-04
  1.384554E+00     2     2  2.717042E-01  6.223631E-01
  1.384554E+00     2     3 -8.695964E-04 -9.815377E-04
  1.384554E+00     2     4  6.804752E-02  4.116767E-02
  1.384554E+00     2     5 -1.068459E-03 -1.490723E-03
  1.384554E+00     2     6 -1.439996E-09 -2.759546E-10
  1.384554E+00     3     1 -3.696772E-05  1.216640E-04
  1.384554E+00     3     2 -9.304615E-05  7.587922E-04
  1.384554E+00     3     3  1.599139E+00  8.234996E-02
  1.384554E+00     3     4 -9.793652E-04  3.807959E-04
  1.384554E+00     3     5  1.992768E-04 -5.925934E-05
  1.384554E+00     3     6  8.779731E-10 -1.631507E-10
  1.384554E+00     4     1  1.719212E-04 -8.934662E-04
  1.384554E+00     4     2  7.768128E-02  4.349427E-02
  1.384554E+00     4     3 -1.881282E-03 -2.220249E-04
  1.384554E+00     4     4  2.372580E-01  2.326475E-03
  1.384554E+00     4     5 -3.199679E-03 -3.448640E-05
  1.384554E+00     4     6 -1.062308E-09  2.426547E-10
  1.384554E+00     5     1 -7.763507E-02 -4.367965E-02
  1.384554E+00     5     2 -1.805655E-04  1.122782E-03
  1.384554E+00     5     3  4.120398E-04  4.504091E-05
  1.384554E+00     5     4 -3.934780E-03 -4.332953E-05
  1.384554E+00     5     5  2.365105E-01  2.317564E-03
  1.384554E+00     5     6  5.669244E-10 -1.005554E-10
  1.384554E+00     6     1 -1.518720E-09  1.670413E-09
  1.384554E+00     6     2 -3.185951E-09  7.711227E-10
  1.384554E+00     6     3  3.135021E-08  3.304930E-09
  1.384554E+00     6     4 -3.515399E-09  4.686359E-11
  1.384554E+00     6     5  2.700244E-09 -1.245256E-10
  1.384554E+00     6     6  4.203874E-10  1.618403E-13
  1.352721E+00     1     1  2.452651E-01  6.005211E-01
  1.352721E+00     1     2  4.196893E-04 -8.916266E-04
  1.352721E+00     1     3 -2.270553E-04 -1.907864E-04
  1.352721E+00     1     4  1.244265E-03  1.817746E-03
  1.352721E+00     1     5 -6.484009E-02 -4.237458E-02
  1.352721E+00     1     6 -1.082635E-10 -3.566187E-11
  1.352721E+00     2     1  3.509563E-04 -7.025217E-04
  1.352721E+00     2     2  2.453312E-01  6.003790E-01
  1.352721E+00     2     3 -8.594938E-04 -9.421336E-04
  1.352721E+00     2     4  6.508532E-02  4.271473E-02
  1.352721E+00     2     5 -1.015675E-03 -1.476198E-03
  1.352721E+00     2     6 -2.570502E-11  1.386430E-11
  1.352721E+00     3     1 -1.232168E-05  1.084262E-04
  1.352721E+00     3     2 -1.014035E-04  6.967979E-04
  1.352721E+00     3     3  1.608079E+00  6.952453E-02
  1.352721E+00     3     4 -8.423957E-04  3.472055E-04
  1.352721E+00     3     5  1.767321E-04 -5.363178E-05
  1.352721E+00     3     6  4.842083E-10 -5.604016E-10
  1.352721E+00     4     1  1.888168E-04 -8.103926E-04
  1.352721E+00     4     2  7.451378E-02  4.609678E-02
  1.352721E+00     4     3 -1.885503E-03 -2.042816E-04
  1.352721E+00     4     4  2.372943E-01  2.751509E-03
  1.352721E+00     4     5 -3.184637E-03 -4.612444E-05
  1.352721E+00     4     6 -2.464916E-11  1.987910E-11
  1.352721E+00     5     1 -7.448069E-02 -4.625999E-02
  1.352721E+00     5     2 -2.044118E-04  1.020234E-03
  1.352721E+00     5     3  4.158659E-04  4.120525E-05
  1.352721E+00     5     4 -3.915835E-03 -5.767381E-05
  1.352721E+00     5     5  2.365557E-01  2.738880E-03
  1.352721E+00     5     6  1.180988E-10  9.120051E-12
  1.352721E+00     6     1 -1.770756E-10  1.523518E-09
  1.352721E+00     6     2 -3.838870E-11  7.213328E-10
  1.352721E+00     6     3  3.142825E-08  2.862571E-09
  1.352721E+00     6     4 -2.726424E-09  3.883541E-11
  1.352721E+00     6     5  2.373948E-09 -1.229034E-10
  1.352721E+00     6     6  4.216443E-10  2.309588E-13
  1.322987E+00     1     1  2.224300E-01  5.785221E-01
  1.322987E+00     1     2  3.878501E-04 -7.843158E-04
  1.322987E+00     1     3 -2.227680E-04 -1.791549E-04
  1.322987E+00     1     4  1.187684E-03  1.794946E-03
  1.322987E+00     1     5 -6.193559E-02 -4.353496E-02
  1.322987E+00     1     6 -8.561189E-11 -4.138877E-11
  1.322987E+00     2     1  3.254300E-04 -6.149023E-04
  1.322987E+00     2     2  2.224983E-01  5.784052E-01
  1.322987E+00     2     3 -8.503901E-04 -9.005973E-04
  1.322987E+00     2     4  6.217283E-02  4.387127E-02
  1.322987E+00     2     5 -9.697526E-04 -1.457908E-03
  1.322987E+00     2     6 -1.206571E-11 -5.618559E-12
  1.322987E+00     3     1 -1.719072E-05  9.657099E-05
  1.322987E+00     3     2 -1.320767E-04  6.287417E-04
  1.322987E+00     3     3  1.616986E+00  5.856826E-02
  1.322987E+00     3     4 -7.119230E-04  3.137315E-04
  1.322987E+00     3     5  1.577421E-04 -4.848650E-05
  1.322987E+00     3     6 -8.274222E-10  1.381445E-10
  1.322987E+00     4     1  2.069356E-04 -7.321437E-04
  1.322987E+00     4     2  7.123194E-02  4.821994E-02
  1.322987E+00     4     3 -1.885245E-03 -1.853810E-04
  1.322987E+00     4     4  2.372561E-01  3.158034E-03
  1.322987E+00     4     5 -3.166744E-03 -5.740625E-05
  1.322987E+00     4     6 -3.350240E-11 -1.268083E-11
  1.322987E+00     5     1 -7.118449E-02 -4.836714E-02
  1.322987E+00     5     2 -2.256371E-04  9.253480E-04
  1.322987E+00     5     3  4.129870E-04  3.615855E-05
  1.322987E+00     5     4 -3.893065E-03 -7.115598E-05
  1.322987E+00     5     5  2.365183E-01  3.143370E-03
  1.322987E+00     5     6  1.081613E-10  3.054642E-11
  1.322987E+00     6     1 -1.936961E-10  1.379504E-09
  1.322987E+00     6     2 -1.409006E-10  4.850478E-10
  1.322987E+00     6     3  3.183086E-08  2.504155E-09
  1.322987E+00     6     4 -2.792683E-09  1.174950E-11
  1.322987E+00     6     5  2.377972E-09 -1.186311E-10
  1.322987E+00     6     6  4.225837E-10  3.225736E-13
  1.295132E+00     1     1  2.028843E-01  5.571673E-01
  1.295132E+00     1     2  3.520974E-04 -6.960481E-04
  1.295132E+00     1     3 -2.219802E-04 -1.727954E-04
  1.295132E+00     1     4  1.140856E-03  1.769688E-03
  1.295132E+00     1     5 -5.916693E-02 -4.438595E-02
  1.295132E+00     1     6 -1.046507E-10 -3.207671E-11
  1.295132E+00     2     1  2.941882E-04 -5.438619E-04
  1.295132E+00     2     2  2.029361E-01  5.570544E-01
  1.295132E+00     2     3 -8.466489E-04 -8.709460E-04
  1.295132E+00     2     4  5.939275E-02  4.471635E-02
  1.295132E+00     2     5 -9.314950E-04 -1.437576E-03
  1.295132E+00     2     6 -1.845960E-11  4.097609E-11
  1.295132E+00     3     1 -1.204400E-05  8.929220E-05
  1.295132E+00     3     2 -1.300720E-04  5.825058E-04
  1.295132E+00     3     3  1.625650E+00  4.900842E-02
  1.295132E+00     3     4 -5.870923E-04  2.802856E-04
  1.295132E+00     3     5  1.425506E-04 -4.329153E-05
  1.295132E+00     3     6 -7.350918E-10  1.170045E-10
  1.295132E+00     4     1  2.099868E-04 -6.579040E-04
  1.295132E+00     4     2  6.820359E-02  5.015003E-02
  1.295132E+00     4     3 -1.895317E-03 -1.768353E-04
  1.295132E+00     4     4  2.372066E-01  3.549590E-03
  1.295132E+00     4     5 -3.148800E-03 -6.980169E-05
  1.295132E+00     4     6 -6.210468E-12  4.866071E-11
  1.295132E+00     5     1 -6.817083E-02 -5.028464E-02
  1.295132E+00     5     2 -2.325034E-04  8.365251E-04
  1.295132E+00     5     3  4.165968E-04  3.473133E-05
  1.295132E+00     5     4 -3.870534E-03 -8.576974E-05
  1.295132E+00     5     5  2.364753E-01  3.531720E-03
  1.295132E+00     5     6  1.190800E-10  9.853223E-12
  1.295132E+00     6     1 -2.148035E-10  1.270446E-09
  1.295132E+00     6     2 -7.310576E-11  6.225279E-10
  1.295132E+00     6     3  3.200364E-08  2.196722E-09
  1.295132E+00     6     4 -2.735132E-09  9.860427E-12
  1.295132E+00     6     5  2.389795E-09 -1.167121E-10
  1.295132E+00     6     6  4.235748E-10  4.411319E-13
  1.268965E+00     1     1  1.859486E-01  5.360069E-01
  1.268965E+00     1     2  3.157615E-04 -6.208394E-04
  1.268965E+00     1     3 -2.203110E-04 -1.646673E-04
  1.268965E+00     1     4  1.096793E-03  1.738436E-03
  1.268965E+00     1     5 -5.647752E-02 -4.491575E-02
  1.268965E+00     1     6 -1.119817E-10 -3.607621E-11
  1.268965E+00     2     1  2.640981E-04 -4.834860E-04
  1.268965E+00     2     2  1.859938E-01  5.359055E-01
  1.268965E+00     2     3 -8.437876E-04 -8.368953E-04
  1.268965E+00     2     4  5.669586E-02  4.523999E-02
  1.268965E+00     2     5 -8.956067E-04 -1.412299E-03
  1.268965E+00     2     6 -1.017851E-11  4.590906E-11
  1.268965E+00     3     1 -1.027540E-05  8.307866E-05
  1.268965E+00     3     2 -1.351917E-04  5.309937E-04
  1.268965E+00     3     3  1.634284E+00  4.111569E-02
  1.268965E+00     3     4 -4.733669E-04  2.493300E-04
  1.268965E+00     3     5  1.258665E-04 -3.865897E-05
  1.268965E+00     3     6 -7.370553E-10  1.476283E-10
  1.268965E+00     4     1  2.084824E-04 -5.941726E-04
  1.268965E+00     4     2  6.500300E-02  5.139324E-02
  1.268965E+00     4     3 -1.898426E-03 -1.655290E-04
  1.268965E+00     4     4  2.370620E-01  3.889872E-03
  1.268965E+00     4     5 -3.123858E-03 -8.000833E-05
  1.268965E+00     4     6 -9.816849E-12  5.785615E-11
  1.268965E+00     5     1 -6.497123E-02 -5.151581E-02
  1.268965E+00     5     2 -2.319133E-04  7.588126E-04
  1.268965E+00     5     3  4.171585E-04  3.244749E-05
  1.268965E+00     5     4 -3.839317E-03 -9.795415E-05
  1.268965E+00     5     5  2.363352E-01  3.869847E-03
  1.268965E+00     5     6  1.343368E-10  1.428445E-11
  1.268965E+00     6     1 -2.196713E-10  1.134536E-09
  1.268965E+00     6     2 -9.948086E-11  5.889150E-10
  1.268965E+00     6     3  3.228458E-08  1.939867E-09
  1.268965E+00     6     4 -2.814519E-09 -9.834528E-12
  1.268965E+00     6     5  2.373703E-09 -1.110654E-10
  1.268965E+00     6     6  4.246089E-10  5.950119E-13
  1.244322E+00     1     1  1.714101E-01  5.156912E-01
  1.244322E+00     1     2  2.816941E-04 -5.526943E-04
  1.244322E+00     1     3 -2.215415E-04 -1.573782E-04
  1.244322E+00     1     4  1.061056E-03  1.705345E-03
  1.244322E+00     1     5 -5.393270E-02 -4.521545E-02
  1.244322E+00     1     6 -1.425599E-10 -2.646453E-11
  1.244322E+00     2     1  2.332327E-04 -4.287599E-04
  1.244322E+00     2     2  1.714453E-01  5.156012E-01
  1.244322E+00     2     3 -8.411056E-04 -8.046812E-04
  1.244322E+00     2     4  5.414241E-02  4.553308E-02
  1.244322E+00     2     5 -8.660934E-04 -1.385687E-03
  1.244322E+00     2     6 -7.532746E-11  9.709829E-11
  1.244322E+00     3     1 -6.640953E-06  7.703626E-05
  1.244322E+00     3     2 -1.296831E-04  4.823731E-04
  1.244322E+00     3     3  1.642585E+00  3.433654E-02
  1.244322E+00     3     4 -3.699934E-04  2.191666E-04
  1.244322E+00     3     5  1.133135E-04 -3.412785E-05
  1.244322E+00     3     6 -9.726585E-10  2.790764E-10
  1.244322E+00     4     1  2.006112E-04 -5.319848E-04
  1.244322E+00     4     2  6.199550E-02  5.252850E-02
  1.244322E+00     4     3 -1.900703E-03 -1.565007E-04
  1.244322E+00     4     4  2.368991E-01  4.217706E-03
  1.244322E+00     4     5 -3.098023E-03 -9.097199E-05
  1.244322E+00     4     6 -4.396871E-11  1.534250E-10
  1.244322E+00     5     1 -6.196946E-02 -5.263620E-02
  1.244322E+00     5     2 -2.272970E-04  6.845980E-04
  1.244322E+00     5     3  4.202058E-04  3.035676E-05
  1.244322E+00     5     4 -3.807444E-03 -1.105861E-04
  1.244322E+00     5     5  2.361795E-01  4.194872E-03
  1.244322E+00     5     6  1.559145E-10 -8.810778E-12
  1.244322E+00     6     1 -2.356475E-10  1.088684E-09
  1.244322E+00     6     2 -1.415769E-10  6.009423E-10
  1.244322E+00     6     3  3.270200E-08  1.690458E-09
  1.244322E+00     6     4 -2.759456E-09 -2.911189E-11
  1.244322E+00     6     5  2.400496E-09 -1.126051E-10
  1.244322E+00     6     6  4.255910E-10  7.861321E-13
  1.221062E+00     1     1  1.589113E-01  4.961469E-01
  1.221062E+00     1     2  2.515461E-04 -4.911864E-04
  1.221062E+00     1     3 -2.232480E-04 -1.498593E-04
  1.221062E+00     1     4  1.031432E-03  1.669471E-03
  1.221062E+00     1     5 -5.153236E-02 -4.530784E-02
  1.221062E+00     1     6 -1.170501E-10 -3.602451E-11
  1.221062E+00     2     1  2.112881E-04 -3.788133E-04
  1.221062E+00     2     2  1.589451E-01  4.960648E-01
  1.221062E+00     2     3 -8.493855E-04 -7.736167E-04
  1.221062E+00     2     4  5.173510E-02  4.561752E-02
  1.221062E+00     2     5 -8.423088E-04 -1.356488E-03
  1.221062E+00     2     6 -1.223852E-11  8.576803E-11
  1.221062E+00     3     1 -1.022582E-05  6.645027E-05
  1.221062E+00     3     2 -1.404542E-04  4.282683E-04
  1.221062E+00     3     3  1.650691E+00  2.860990E-02
  1.221062E+00     3     4 -2.957839E-04  1.910639E-04
  1.221062E+00     3     5  1.047128E-04 -2.966675E-05
  1.221062E+00     3     6 -9.948720E-10  2.952897E-10
  1.221062E+00     4     1  1.985539E-04 -4.775891E-04
  1.221062E+00     4     2  5.912372E-02  5.342925E-02
  1.221062E+00     4     3 -1.911198E-03 -1.466898E-04
  1.221062E+00     4     4  2.367150E-01  4.518147E-03
  1.221062E+00     4     5 -3.070582E-03 -1.004508E-04
  1.221062E+00     4     6  1.143629E-12  1.061821E-10
  1.221062E+00     5     1 -5.909587E-02 -5.353187E-02
  1.221062E+00     5     2 -2.216721E-04  6.171148E-04
  1.221062E+00     5     3  4.232477E-04  2.746402E-05
  1.221062E+00     5     4 -3.772781E-03 -1.223246E-04
  1.221062E+00     5     5  2.360035E-01  4.494191E-03
  1.221062E+00     5     6  1.456622E-10  1.834385E-11
  1.221062E+00     6     1 -2.103957E-10  9.457496E-10
  1.221062E+00     6     2 -1.040323E-10  6.775510E-10
  1.221062E+00     6     3  3.277492E-08  1.573687E-09
  1.221062E+00     6     4 -2.870509E-09 -4.802726E-11
  1.221062E+00     6     5  2.455682E-09 -1.044584E-10
  1.221062E+00     6     6  4.265736E-10  1.022861E-12
  1.199059E+00     1     1  1.481497E-01  4.773712E-01
  1.199059E+00     1     2  2.181923E-04 -4.388484E-04
  1.199059E+00     1     3 -2.255788E-04 -1.434376E-04
  1.199059E+00     1     4  1.006912E-03  1.630818E-03
  1.199059E+00     1     5 -4.925974E-02 -4.521737E-02
  1.199059E+00     1     6 -8.613004E-11 -3.497574E-11
  1.199059E+00     2     1  1.842415E-04 -3.367152E-04
  1.199059E+00     2     2  1.481773E-01  4.772966E-01
  1.199059E+00     2     3 -8.469666E-04 -7.417929E-04
  1.199059E+00     2     4  4.945683E-02  4.551936E-02
  1.199059E+00     2     5 -8.224132E-04 -1.325177E-03
  1.199059E+00     2     6  5.604314E-11  1.026472E-10
  1.199059E+00     3     1 -6.479054E-06  6.674838E-05
  1.199059E+00     3     2 -1.269271E-04  3.944761E-04
  1.199059E+00     3     3  1.658525E+00  2.383250E-02
  1.199059E+00     3     4 -2.283225E-04  1.663434E-04
  1.199059E+00     3     5  9.760450E-05 -2.641026E-05
  1.199059E+00     3     6 -6.777101E-10  2.517144E-10
  1.199059E+00     4     1  1.852292E-04 -4.264094E-04
  1.199059E+00     4     2  5.632874E-02  5.412445E-02
  1.199059E+00     4     3 -1.906913E-03 -1.404798E-04
  1.199059E+00     4     4  2.364921E-01  4.794491E-03
  1.199059E+00     4     5 -3.040348E-03 -1.099419E-04
  1.199059E+00     4     6  9.214883E-11  1.032708E-10
  1.199059E+00     5     1 -5.630416E-02 -5.421758E-02
  1.199059E+00     5     2 -2.058600E-04  5.546925E-04
  1.199059E+00     5     3  4.268295E-04  2.635837E-05
  1.199059E+00     5     4 -3.734893E-03 -1.336859E-04
  1.199059E+00     5     5  2.357881E-01  4.768630E-03
  1.199059E+00     5     6  1.033648E-10  3.283092E-11
  1.199059E+00     6     1 -1.696672E-10  9.136492E-10
  1.199059E+00     6     2 -7.765545E-11  5.980513E-10
  1.199059E+00     6     3  3.299358E-08  1.444944E-09
  1.199059E+00     6     4 -2.808047E-09 -8.545313E-11
  1.199059E+00     6     5  2.432349E-09 -1.061122E-10
  1.199059E+00     6     6  4.274823E-10  1.305413E-12
  1.178204E+00     1     1  1.389248E-01  4.594202E-01
  1.178204E+00     1     2  1.890293E-04 -3.918992E-04
  1.178204E+00     1     3 -2.235732E-04 -1.359856E-04
  1.178204E+00     1     4  9.877078E-04  1.589291E-03
  1.178204E+00     1     5 -4.713487E-02 -4.497615E-02
  1.178204E+00     1     6 -1.071258E-10 -3.705366E-11
  1.178204E+00     2     1  1.591151E-04 -2.994052E-04
  1.178204E+00     2     2  1.389475E-01  4.593518E-01
  1.178204E+00     2     3 -8.484415E-04 -7.110142E-04
  1.178204E+00     2     4  4.733005E-02  4.527032E-02
  1.178204E+00     2     5 -8.066113E-04 -1.291575E-03
  1.178204E+00     2     6 -2.494585E-12  1.377341E-10
  1.178204E+00     3     1 -3.387565E-06  6.145446E-05
  1.178204E+00     3     2 -1.168658E-04  3.535206E-04
  1.178204E+00     3     3  1.666187E+00  1.982526E-02
  1.178204E+00     3     4 -1.876519E-04  1.433152E-04
  1.178204E+00     3     5  9.006608E-05 -2.287632E-05
  1.178204E+00     3     6 -8.147497E-10  3.380261E-10
  1.178204E+00     4     1  1.696994E-04 -3.804218E-04
  1.178204E+00     4     2  5.368412E-02  5.466435E-02
  1.178204E+00     4     3 -1.905231E-03 -1.338248E-04
  1.178204E+00     4     4  2.362626E-01  5.046301E-03
  1.178204E+00     4     5 -3.007938E-03 -1.186809E-04
  1.178204E+00     4     6  3.000206E-11  1.727164E-10
  1.178204E+00     5     1 -5.366327E-02 -5.474994E-02
  1.178204E+00     5     2 -1.899651E-04  4.984593E-04
  1.178204E+00     5     3  4.248237E-04  2.453505E-05
  1.178204E+00     5     4 -3.694657E-03 -1.439789E-04
  1.178204E+00     5     5  2.355636E-01  5.018683E-03
  1.178204E+00     5     6  1.328446E-10  2.742575E-11
  1.178204E+00     6     1 -1.598154E-10  7.897924E-10
  1.178204E+00     6     2 -1.203344E-10  4.496376E-10
  1.178204E+00     6     3  3.348284E-08  1.331949E-09
  1.178204E+00     6     4 -2.848519E-09 -1.355597E-10
  1.178204E+00     6     5  2.409988E-09 -9.910177E-11
  1.178204E+00     6     6  4.283846E-10  1.636434E-12
  1.158401E+00     1     1  1.309950E-01  4.422681E-01
  1.158401E+00     1     2  1.618432E-04 -3.498456E-04
  1.158401E+00     1     3 -2.262982E-04 -1.293412E-04
  1.158401E+00     1     4  9.731355E-04  1.544768E-03
  1.158401E+00     1     5 -4.512046E-02 -4.458090E-02
  1.158401E+00     1     6 -1.128164E-10 -3.778003E-11
  1.158401E+00     2     1  1.367899E-04 -2.657423E-04
  1.158401E+00     2     2  1.310136E-01  4.422062E-01
  1.158401E+00     2     3 -8.497938E-04 -6.791416E-04
  1.158401E+00     2     4  4.531078E-02  4.486625E-02
  1.158401E+00     2     5 -7.946993E-04 -1.255439E-03
  1.158401E+00     2     6 -1.754165E-11  1.650198E-10
  1.158401E+00     3     1 -3.864673E-06  5.624108E-05
  1.158401E+00     3     2 -1.068665E-04  3.142270E-04
  1.158401E+00     3     3  1.673332E+00  1.650017E-02
  1.158401E+00     3     4 -1.709290E-04  1.228446E-04
  1.158401E+00     3     5  8.964961E-05 -1.979498E-05
  1.158401E+00     3     6 -7.790294E-10  3.902500E-10
  1.158401E+00     4     1  1.543310E-04 -3.390307E-04
  1.158401E+00     4     2  5.113640E-02  5.508578E-02
  1.158401E+00     4     3 -1.899240E-03 -1.270305E-04
  1.158401E+00     4     4  2.359512E-01  5.274474E-03
  1.158401E+00     4     5 -2.973599E-03 -1.264734E-04
  1.158401E+00     4     6  1.367714E-11  2.091451E-10
  1.158401E+00     5     1 -5.111838E-02 -5.516431E-02
  1.158401E+00     5     2 -1.722602E-04  4.475002E-04
  1.158401E+00     5     3  4.274957E-04  2.285597E-05
  1.158401E+00     5     4 -3.651984E-03 -1.533362E-04
  1.158401E+00     5     5  2.352616E-01  5.245491E-03
  1.158401E+00     5     6  1.478962E-10  2.953557E-11
  1.158401E+00     6     1 -1.667585E-10  7.071615E-10
  1.158401E+00     6     2 -1.458244E-10  3.795499E-10
  1.158401E+00     6     3  3.355871E-08  1.252147E-09
  1.158401E+00     6     4 -2.806976E-09 -1.819125E-10
  1.158401E+00     6     5  2.447642E-09 -9.471755E-11
  1.158401E+00     6     6  4.292207E-10  2.011575E-12
