  0.004   0.200   -0.10405E-08   0.17093E+08   0.10012E-07  -0.13181E+09  -0.17975E-06   0.18347E-06
  0.009   0.300   -0.41473E-09   0.18898E+08   0.41269E-07  -0.15611E+09  -0.31432E-06   0.10245E-07
  0.016   0.400    0.72760E-11   0.21537E+08  -0.42266E-07  -0.18637E+09   0.54296E-06   0.35716E-06
  0.025   0.500    0.85238E-08   0.22697E+08  -0.43892E-07  -0.18218E+09   0.12256E-05   0.88522E-06
  0.037   0.600   -0.19954E-08   0.19537E+08   0.14629E-06  -0.11438E+09   0.11504E-05   0.12852E-06
  0.050   0.700   -0.13604E-07   0.13961E+08  -0.24178E-07  -0.32015E+08  -0.17608E-05   0.52946E-06
  0.065   0.800    0.67866E-08   0.97346E+07  -0.58448E-07   0.17622E+08  -0.33600E-05  -0.22352E-07
  0.083   0.900   -0.30672E-07   0.68918E+07   0.12739E-06   0.43083E+08   0.62515E-05   0.11884E-05
  0.102   1.000   -0.42437E-08   0.42151E+07   0.36227E-07   0.52890E+08  -0.17926E-05   0.14296E-06
  0.123   1.100    0.17171E-08   0.30064E+07   0.11150E-07   0.51137E+08   0.98930E-06   0.50338E-06
  0.147   1.200   -0.54752E-09   0.17600E+07   0.25582E-07   0.43479E+08  -0.13498E-05   0.67800E-06
  0.172   1.300   -0.47658E-09   0.12936E+07  -0.62097E-07   0.35458E+08   0.90641E-06  -0.37206E-06
  0.200   1.400    0.17626E-08   0.90146E+06   0.45155E-07   0.27314E+08  -0.23679E-06  -0.30058E-06
  0.229   1.500   -0.45429E-08   0.89246E+06   0.26372E-07   0.20050E+08  -0.39954E-06   0.66590E-07
  0.261   1.600   -0.38108E-09   0.81948E+06   0.74178E-08   0.13281E+08   0.20175E-06  -0.78231E-07
  0.295   1.700    0.43456E-08   0.92599E+06   0.10055E-07   0.76413E+07   0.39465E-07  -0.15250E-07
  0.330   1.800   -0.10341E-08   0.10874E+07  -0.10048E-07   0.30648E+07   0.22585E-06  -0.15716E-07
  0.368   1.900   -0.58935E-09   0.12321E+07  -0.17444E-08  -0.80530E+06  -0.81374E-07   0.24587E-06
  0.408   2.000   -0.90949E-10   0.14279E+07  -0.52441E-08  -0.40146E+07   0.66240E-07  -0.75670E-08
