  0.004   0.200    0.28612E+09  -0.72119E-07  -0.13914E-05  -0.24434E-04   0.12387E+12  -0.24188E-04
  0.009   0.300    0.34193E+09   0.11912E-06   0.10027E-05   0.10963E-05   0.13012E+12  -0.24946E-05
  0.016   0.400    0.37024E+09   0.31109E-06  -0.12579E-05   0.17369E-04   0.13173E+12   0.98423E-05
  0.025   0.500    0.29674E+09  -0.10842E-05  -0.16095E-06   0.53547E-05   0.12147E+12  -0.45985E-05
  0.037   0.600    0.16163E+09   0.28069E-07   0.57089E-05  -0.17581E-04   0.10663E+12   0.75979E-05
  0.050   0.700    0.47234E+08   0.58127E-06   0.39472E-05  -0.74412E-05   0.94907E+11   0.17157E-04
  0.065   0.800    0.15786E+07   0.12001E-05  -0.35667E-06   0.31192E-04   0.87778E+11   0.68120E-04
  0.083   0.900   -0.28022E+08  -0.29526E-05  -0.11646E-04  -0.30465E-04   0.85371E+11  -0.12894E-03
  0.102   1.000   -0.55623E+08  -0.24861E-05  -0.55768E-06  -0.45314E-04   0.86119E+11   0.40378E-04
  0.123   1.100   -0.58102E+08   0.74209E-06  -0.20091E-05  -0.30201E-04   0.87629E+11  -0.14391E-05
  0.147   1.200   -0.49832E+08   0.17997E-05   0.76873E-06   0.96482E-05   0.89359E+11   0.22309E-04
  0.172   1.300   -0.37066E+08  -0.74219E-06  -0.15218E-05  -0.24243E-04   0.90835E+11   0.51124E-04
  0.200   1.400   -0.26102E+08   0.56114E-06   0.18966E-05  -0.63793E-04   0.91881E+11   0.27328E-04
  0.229   1.500   -0.16569E+08   0.64801E-06  -0.11750E-05  -0.22352E-04   0.92621E+11  -0.17562E-05
  0.261   1.600   -0.81661E+07   0.21448E-06  -0.27478E-05  -0.98732E-05   0.93295E+11   0.12211E-04
  0.295   1.700    0.62742E+06  -0.21975E-05  -0.34696E-05  -0.38713E-04   0.94109E+11   0.24680E-04
  0.330   1.800    0.78903E+07  -0.13085E-06   0.18637E-05   0.56016E-04   0.95147E+11   0.15130E-05
  0.368   1.900    0.13506E+08  -0.36242E-05   0.12923E-05   0.21074E-04   0.96359E+11  -0.34072E-04
  0.408   2.000    0.19020E+08   0.23902E-05   0.18400E-05   0.34141E-05   0.97581E+11  -0.14768E-03
