  0.004   0.200    0.85420E-08   0.21704E-07   0.20639E+09   0.12969E-05   0.88103E-06  -0.25379E-07
  0.009   0.300   -0.38563E-08  -0.21115E-07   0.17796E+09   0.18114E-06   0.14678E-05  -0.24540E-06
  0.016   0.400    0.53406E-08   0.77853E-08   0.14643E+09   0.54669E-06  -0.19111E-05  -0.22864E-06
  0.025   0.500    0.11627E-07  -0.26936E-07   0.12137E+09  -0.20256E-06   0.77672E-06  -0.23283E-06
  0.037   0.600   -0.21508E-07  -0.26528E-07   0.10429E+09   0.50245E-06   0.28871E-05  -0.23190E-06
  0.050   0.700   -0.21388E-07  -0.55326E-07   0.96175E+08   0.17323E-06   0.26431E-05  -0.12151E-05
  0.065   0.800    0.25238E-08   0.28984E-07   0.94690E+08   0.54003E-05  -0.12125E-04  -0.13663E-05
  0.083   0.900   -0.19907E-07  -0.11314E-07   0.96381E+08   0.44052E-06   0.13122E-04  -0.12012E-05
  0.102   1.000    0.47143E-07   0.12869E-06   0.99153E+08   0.56019E-06   0.16363E-05  -0.36715E-05
  0.123   1.100    0.85275E-07   0.45842E-07   0.10224E+09  -0.36224E-05   0.86995E-05   0.60809E-05
  0.147   1.200   -0.25330E-07  -0.24654E-07   0.10503E+09   0.22086E-05  -0.14063E-05   0.14143E-05
  0.172   1.300   -0.86079E-08   0.16943E-06   0.10719E+09  -0.14766E-05  -0.35595E-05   0.18277E-05
  0.200   1.400    0.14525E-06  -0.47296E-07   0.10873E+09   0.88243E-06   0.70762E-05  -0.20645E-05
  0.229   1.500    0.56101E-07   0.93626E-07   0.10985E+09   0.51069E-05  -0.32801E-05  -0.12784E-06
  0.261   1.600   -0.39649E-07   0.57056E-07   0.11093E+09  -0.17476E-05  -0.39041E-05  -0.30359E-05
  0.295   1.700    0.48918E-07   0.13197E-06   0.11226E+09   0.80420E-06  -0.12275E-05  -0.21949E-05
  0.330   1.800   -0.44162E-07   0.18101E-07   0.11394E+09  -0.12815E-05  -0.12703E-05   0.33472E-05
  0.368   1.900    0.64820E-08   0.65815E-07   0.11583E+09   0.17229E-07  -0.50999E-05   0.26033E-05
  0.408   2.000   -0.17019E-07  -0.97916E-07   0.11763E+09  -0.10044E-05   0.28256E-05  -0.11244E-05
