  0.004   0.200   -0.13714E-06  -0.34086E-06   0.40233E-06   0.22128E-05   0.11176E-04   0.15891E+11
  0.009   0.300   -0.38417E-07  -0.57823E-06   0.14575E-06   0.11858E-04   0.74893E-04   0.16637E+11
  0.016   0.400   -0.19558E-07  -0.20280E-06   0.61165E-06  -0.78082E-05   0.32231E-04   0.18083E+11
  0.025   0.500   -0.13667E-06  -0.74436E-06   0.18851E-05  -0.28014E-05  -0.62063E-04   0.20650E+11
  0.037   0.600    0.13527E-06  -0.71770E-07   0.36048E-06   0.19435E-04   0.19893E-04   0.23268E+11
  0.050   0.700   -0.18580E-06  -0.16124E-05  -0.31838E-05   0.11398E-04  -0.33769E-04   0.22217E+11
  0.065   0.800    0.45775E-06  -0.18024E-05  -0.77055E-06  -0.50302E-04   0.22162E-03   0.16525E+11
  0.083   0.900   -0.16298E-07   0.14066E-05   0.76275E-05   0.24564E-06   0.90577E-04   0.11599E+11
  0.102   1.000    0.62352E-06  -0.14878E-05   0.20914E-05  -0.11435E-04  -0.25101E-04   0.11010E+11
  0.123   1.100    0.13313E-05   0.25338E-06   0.19954E-06   0.28026E-04   0.73366E-04   0.63148E+10
  0.147   1.200    0.98569E-06  -0.70894E-06   0.54948E-07  -0.13757E-04   0.94809E-05   0.48028E+10
  0.172   1.300   -0.22806E-06  -0.18731E-06   0.58132E-06  -0.73453E-05  -0.40971E-04   0.25470E+10
  0.200   1.400   -0.72893E-06  -0.33664E-06  -0.22695E-06  -0.42631E-05   0.31590E-05   0.24997E+10
  0.229   1.500   -0.26033E-06   0.11479E-06   0.20408E-06  -0.35735E-05  -0.18053E-04   0.17991E+10
  0.261   1.600    0.95286E-07  -0.78231E-07  -0.63382E-06   0.23954E-05   0.14022E-04   0.17558E+10
  0.295   1.700   -0.16839E-06  -0.54657E-07   0.71648E-06   0.35181E-05   0.12809E-04   0.15567E+10
  0.330   1.800   -0.36103E-07  -0.46392E-07   0.95053E-07  -0.92178E-06  -0.12554E-05   0.16187E+10
  0.368   1.900   -0.88752E-07  -0.35885E-07  -0.11164E-06   0.26363E-05  -0.10720E-04   0.18521E+10
  0.408   2.000   -0.10084E-06   0.71654E-07   0.76485E-07  -0.61304E-06  -0.35688E-05   0.19778E+10
