  0.004   0.200    0.64088E+07  -0.40018E-10   0.31723E-08   0.12218E-06   0.28003E+09  -0.64611E-07
  0.009   0.300    0.70259E+07  -0.52751E-09   0.46130E-08  -0.96625E-07   0.33609E+09  -0.88068E-07
  0.016   0.400    0.75936E+07  -0.33288E-08  -0.34415E-08  -0.13178E-06   0.36444E+09  -0.27358E-08
  0.025   0.500    0.74751E+07   0.13457E-07  -0.10148E-07  -0.14005E-06   0.29041E+09   0.63912E-07
  0.037   0.600    0.69909E+07  -0.90167E-08  -0.17681E-07  -0.25437E-07   0.15445E+09  -0.57567E-07
  0.050   0.700    0.67783E+07   0.51932E-09   0.15305E-07   0.38618E-06   0.39488E+08   0.19907E-07
  0.065   0.800    0.56465E+07   0.27237E-07  -0.17328E-07  -0.47730E-08  -0.63708E+07  -0.16927E-06
  0.083   0.900    0.36884E+07  -0.69231E-08  -0.21661E-07  -0.91342E-07  -0.36952E+08   0.87870E-06
  0.102   1.000    0.21424E+07   0.22055E-07   0.28231E-08  -0.94263E-07  -0.64908E+08  -0.10282E-05
  0.123   1.100    0.12840E+07  -0.86438E-08  -0.27467E-08   0.20613E-06  -0.66741E+08  -0.36554E-06
  0.147   1.200    0.10158E+07   0.89949E-08   0.26004E-07   0.21892E-06  -0.58170E+08  -0.42329E-06
  0.172   1.300    0.84261E+06   0.45438E-08  -0.16669E-07   0.41269E-07  -0.45294E+08  -0.18254E-06
  0.200   1.400    0.57795E+06  -0.21810E-08   0.77962E-08   0.57102E-07  -0.34121E+08  -0.21001E-06
  0.229   1.500    0.38821E+06   0.70941E-09   0.30159E-08   0.89844E-07  -0.23492E+08   0.97789E-07
  0.261   1.600    0.41637E+06   0.10787E-08  -0.66848E-08  -0.12733E-07  -0.14054E+08   0.15332E-06
  0.295   1.700    0.48516E+06   0.11423E-08  -0.38926E-09   0.37806E-07  -0.55192E+07  -0.20023E-07
  0.330   1.800    0.48036E+06  -0.94769E-09  -0.19681E-08  -0.21129E-07   0.16506E+07  -0.65658E-07
  0.368   1.900    0.52763E+06   0.28103E-08  -0.33469E-08  -0.24957E-07   0.76115E+07  -0.22701E-07
  0.408   2.000    0.62830E+06  -0.13410E-08  -0.53824E-08   0.35943E-08   0.12675E+08   0.52387E-08
