  0.004   0.200   -0.49055E-07  -0.13367E+09  -0.31106E-06   0.12321E+11  -0.73826E-05   0.31041E-05
  0.009   0.300    0.65451E-07  -0.15753E+09  -0.92259E-08   0.12670E+11  -0.19689E-04   0.42934E-06
  0.016   0.400   -0.60558E-07  -0.18724E+09  -0.15981E-05   0.13017E+11   0.11691E-04   0.55069E-05
  0.025   0.500    0.18287E-06  -0.18309E+09   0.78344E-06   0.12715E+11   0.36130E-04   0.20490E-04
  0.037   0.600    0.90749E-08  -0.11644E+09   0.54871E-05   0.11582E+11   0.38395E-04   0.60578E-05
  0.050   0.700   -0.29362E-06  -0.35688E+08  -0.50583E-06   0.10554E+11  -0.90430E-04   0.12129E-04
  0.065   0.800    0.65749E-06   0.12757E+08  -0.44865E-06   0.10122E+11  -0.21825E-03  -0.64876E-05
  0.083   0.900   -0.61213E-06   0.37312E+08   0.30269E-05   0.10035E+11   0.27509E-03   0.91116E-04
  0.102   1.000   -0.20384E-07   0.46573E+08   0.42719E-05   0.10109E+11   0.42057E-04  -0.73949E-04
  0.123   1.100    0.17922E-06   0.44899E+08  -0.11365E-05   0.10228E+11   0.17300E-05   0.17909E-05
  0.147   1.200   -0.38861E-07   0.37443E+08   0.40596E-06   0.10349E+11  -0.38324E-04   0.78089E-04
  0.172   1.300   -0.12304E-07   0.29946E+08  -0.18927E-05   0.10458E+11   0.16639E-04   0.52724E-05
  0.200   1.400    0.37977E-06   0.22227E+08   0.30353E-05   0.10546E+11  -0.58157E-04  -0.81693E-05
  0.229   1.500    0.69594E-07   0.15488E+08   0.33863E-05   0.10607E+11  -0.18343E-04  -0.28989E-04
  0.261   1.600   -0.16684E-06   0.92344E+07  -0.97141E-07   0.10649E+11   0.34079E-05  -0.73488E-05
  0.295   1.700    0.46135E-06   0.36619E+07   0.38575E-06   0.10688E+11  -0.14289E-04  -0.29752E-05
  0.330   1.800   -0.37819E-06  -0.72750E+06  -0.16343E-05   0.10735E+11  -0.11662E-04   0.37502E-04
  0.368   1.900    0.51817E-06  -0.42035E+07   0.13646E-05   0.10790E+11  -0.14423E-04   0.99894E-05
  0.408   2.000   -0.32345E-06  -0.73926E+07  -0.31435E-06   0.10847E+11   0.32410E-06   0.10794E-04
