  0.004   0.200   -0.12164E-09   0.21367E-08   0.49768E-07   0.11554E-07   0.14831E-06   0.44219E+05
  0.009   0.300    0.12878E-08  -0.63701E-08  -0.43772E-07   0.44558E-06  -0.23516E-06   0.35940E+07
  0.016   0.400    0.76165E-07   0.36729E-07   0.15064E-06   0.35996E-06  -0.66347E-05   0.75286E+08
  0.025   0.500   -0.15105E-06  -0.23399E-07  -0.11388E-05   0.74096E-05   0.75176E-05   0.69499E+09
  0.037   0.600    0.38650E-06   0.12520E-06  -0.53784E-06   0.47209E-05   0.21316E-04   0.33002E+10
  0.050   0.700    0.32026E-06  -0.25803E-06   0.18997E-05  -0.15124E-04  -0.15572E-03   0.84056E+10
  0.065   0.800    0.20682E-05  -0.20656E-05   0.34568E-05  -0.22819E-04   0.12433E-03   0.12865E+11
  0.083   0.900   -0.68336E-06   0.63988E-06   0.17602E-06   0.14469E-04   0.10594E-03   0.13189E+11
  0.102   1.000   -0.34308E-06  -0.13180E-05   0.21631E-05   0.10684E-04   0.32283E-04   0.14647E+11
  0.123   1.100    0.14091E-05   0.34651E-06  -0.46694E-06  -0.22203E-05  -0.14339E-04   0.16436E+11
  0.147   1.200    0.53179E-06  -0.76249E-06   0.11956E-05   0.14823E-04   0.27351E-04   0.15383E+11
  0.172   1.300   -0.28778E-06  -0.42783E-06   0.37008E-06  -0.10416E-04   0.28085E-04   0.14494E+11
  0.200   1.400    0.30268E-08   0.60027E-07   0.58854E-06  -0.11926E-05  -0.13104E-04   0.12613E+11
  0.229   1.500    0.14086E-06  -0.18139E-06  -0.34916E-06   0.50496E-05   0.60024E-05   0.11941E+11
  0.261   1.600    0.50920E-06  -0.20315E-06   0.19904E-06  -0.28871E-07   0.11030E-04   0.11284E+11
  0.295   1.700   -0.30268E-08  -0.18917E-09   0.15854E-06  -0.21472E-05  -0.25611E-05   0.96334E+10
  0.330   1.800    0.17951E-06   0.38050E-07   0.54367E-06   0.13879E-05  -0.17504E-04   0.87726E+10
  0.368   1.900   -0.88941E-07   0.15862E-06  -0.78257E-06   0.16333E-05  -0.12625E-04   0.81541E+10
  0.408   2.000   -0.41001E-06   0.15032E-06  -0.85602E-07  -0.48314E-05  -0.88783E-05   0.71644E+10
