  0.004   0.200    0.73482E+04  -0.15881E-10  -0.40072E-08  -0.64460E-10   0.10546E+07  -0.41895E-10
  0.009   0.300    0.10478E+06   0.41382E-10  -0.55952E-08  -0.88949E-09   0.14079E+08   0.28274E-09
  0.016   0.400    0.52413E+06   0.61391E-09   0.22730E-07  -0.47177E-07   0.64918E+08  -0.10696E-07
  0.025   0.500    0.12822E+07   0.40563E-09   0.26077E-07   0.28755E-07   0.14474E+09   0.31461E-07
  0.037   0.600    0.20513E+07   0.38781E-08  -0.17120E-07   0.95984E-07   0.20169E+09  -0.62981E-07
  0.050   0.700    0.30525E+07   0.31687E-08  -0.56607E-08   0.42724E-07   0.20754E+09   0.39209E-06
  0.065   0.800    0.47119E+07   0.15189E-07  -0.16960E-07   0.76194E-07   0.18793E+09   0.18720E-06
  0.083   0.900    0.55922E+07  -0.10190E-07   0.10179E-07  -0.42375E-07   0.17993E+09   0.36281E-06
  0.102   1.000    0.56550E+07   0.11030E-07  -0.26557E-07   0.73574E-07   0.15180E+09   0.29624E-06
  0.123   1.100    0.51639E+07   0.86675E-08   0.15003E-07  -0.23918E-06   0.11505E+09   0.62911E-06
  0.147   1.200    0.46776E+07  -0.37344E-08  -0.25928E-07  -0.19249E-06   0.85767E+08   0.64611E-07
  0.172   1.300    0.45526E+07   0.24120E-08   0.27394E-08   0.56403E-07   0.61521E+08  -0.57858E-07
  0.200   1.400    0.43337E+07   0.69654E-08  -0.16329E-07  -0.35187E-07   0.45176E+08  -0.61234E-07
  0.229   1.500    0.38506E+07   0.10990E-08   0.96225E-09   0.91677E-08   0.30801E+08   0.21816E-06
  0.261   1.600    0.33840E+07   0.98862E-09   0.10983E-07  -0.16764E-07   0.19801E+08  -0.51223E-08
  0.295   1.700    0.31010E+07   0.52130E-08  -0.13727E-07  -0.30937E-07   0.12030E+08  -0.97323E-07
  0.330   1.800    0.28496E+07  -0.63346E-09  -0.65666E-09   0.48261E-07   0.66780E+07  -0.15763E-06
  0.368   1.900    0.25068E+07  -0.24738E-09   0.20159E-08  -0.16546E-07   0.31613E+07  -0.23749E-07
  0.408   2.000    0.22410E+07  -0.29358E-08   0.12951E-08  -0.54570E-08   0.76734E+06   0.81724E-07
