  0.004   0.200    0.10493E+07  -0.19017E-09   0.19873E-06  -0.80890E-07   0.15054E+09  -0.11631E-07
  0.009   0.300    0.14006E+08  -0.11447E-07   0.39941E-06   0.12425E-05   0.18812E+10  -0.14608E-06
  0.016   0.400    0.64596E+08  -0.10639E-06  -0.44637E-05   0.33475E-05   0.80039E+10   0.71543E-06
  0.025   0.500    0.14410E+09   0.10362E-06  -0.19853E-05  -0.28058E-05   0.16422E+11  -0.24976E-05
  0.037   0.600    0.20096E+09  -0.18418E-06  -0.10536E-05  -0.88941E-05   0.21478E+11   0.25611E-07
  0.050   0.700    0.20712E+09  -0.72121E-06  -0.30736E-05   0.11447E-04   0.22065E+11   0.27718E-04
  0.065   0.800    0.18766E+09  -0.79490E-07  -0.33041E-05  -0.26681E-04   0.19150E+11   0.42059E-04
  0.083   0.900    0.18015E+09   0.56839E-06   0.74868E-05  -0.73923E-04   0.14444E+11   0.20087E-03
  0.102   1.000    0.15396E+09   0.19224E-05   0.44918E-05  -0.49743E-04   0.10041E+11  -0.79901E-04
  0.123   1.100    0.11917E+09  -0.36781E-05   0.47314E-06   0.15427E-04   0.68786E+10  -0.12336E-03
  0.147   1.200    0.91783E+08   0.39980E-05   0.18426E-05   0.18793E-04   0.43381E+10  -0.43937E-04
  0.172   1.300    0.69294E+08  -0.12615E-05  -0.88932E-06   0.51102E-04   0.27481E+10   0.12964E-03
  0.200   1.400    0.56102E+08  -0.10465E-05   0.26352E-05  -0.51302E-04   0.16771E+10  -0.13486E-03
  0.229   1.500    0.43713E+08  -0.36604E-06   0.40827E-05   0.51869E-05   0.10241E+10  -0.27231E-04
  0.261   1.600    0.33274E+08   0.77376E-06  -0.62047E-05   0.46772E-05   0.59713E+09  -0.47255E-04
  0.295   1.700    0.25230E+08   0.20054E-05   0.62788E-05   0.22688E-04   0.34322E+09   0.76083E-04
  0.330   1.800    0.20347E+08   0.11738E-04  -0.20772E-05   0.54510E-04   0.19488E+09  -0.67263E-04
  0.368   1.900    0.16539E+08  -0.13895E-05  -0.47660E-05  -0.17425E-04   0.10328E+09   0.32779E-04
  0.408   2.000    0.12478E+08   0.10886E-05   0.37778E-05  -0.77299E-04   0.48557E+08  -0.93748E-04
