  0.004   0.200    0.29274E-11   0.11337E+05  -0.21555E-08  -0.22571E+06  -0.23883E-08   0.76206E-09
  0.009   0.300   -0.11369E-10   0.18385E+06  -0.20504E-07  -0.34414E+07  -0.78580E-09  -0.17408E-08
  0.016   0.400   -0.15189E-09   0.12054E+07  -0.40869E-07  -0.20700E+08  -0.17113E-07   0.24513E-07
  0.025   0.500    0.26121E-08   0.41941E+07   0.12328E-06  -0.64452E+08   0.64564E-06   0.17736E-06
  0.037   0.600   -0.87311E-10   0.84783E+07   0.11090E-06  -0.11378E+09  -0.63982E-06   0.18324E-06
  0.050   0.700   -0.46748E-08   0.11428E+08  -0.87530E-08  -0.13154E+09  -0.10463E-05   0.11502E-06
  0.065   0.800    0.15127E-07   0.12521E+08   0.59008E-07  -0.12250E+09  -0.50138E-05  -0.64843E-06
  0.083   0.900   -0.84765E-08   0.13275E+08  -0.66284E-08  -0.10511E+09   0.48112E-05   0.20091E-05
  0.102   1.000    0.81181E-08   0.13169E+08   0.46610E-07  -0.81554E+08   0.16682E-05  -0.44750E-06
  0.123   1.100    0.16366E-07   0.12502E+08  -0.73171E-07  -0.58481E+08  -0.19877E-05   0.65705E-06
  0.147   1.200   -0.28049E-08   0.11924E+08  -0.30363E-07  -0.40534E+08   0.47660E-06   0.29616E-06
  0.172   1.300   -0.39963E-08   0.10848E+08   0.21133E-07  -0.26271E+08   0.65053E-06   0.39907E-06
  0.200   1.400   -0.89231E-08   0.10006E+08   0.48403E-07  -0.15647E+08  -0.10640E-06   0.95926E-07
  0.229   1.500    0.17304E-08   0.90687E+07   0.19278E-07  -0.72319E+07  -0.35285E-06  -0.54482E-07
  0.261   1.600    0.51383E-08   0.81792E+07  -0.45848E-08  -0.13761E+07   0.36956E-06   0.41723E-06
  0.295   1.700    0.59099E-08   0.74222E+07   0.51609E-07   0.26699E+07   0.19197E-06   0.18161E-07
  0.330   1.800   -0.15235E-07   0.66167E+07   0.56061E-08   0.50663E+07   0.12331E-06   0.68918E-06
  0.368   1.900   -0.17790E-08   0.59517E+07   0.34161E-07   0.64303E+07   0.20518E-07  -0.18347E-06
  0.408   2.000    0.57157E-08   0.53826E+07   0.24934E-08   0.69808E+07  -0.59285E-07   0.16391E-06
