  0.004   0.200    0.41695E-10  -0.22164E+06  -0.29922E-07   0.44091E+07  -0.11082E-06   0.19041E-07
  0.009   0.300   -0.18811E-08  -0.33788E+07  -0.53234E-06   0.63185E+08   0.24826E-07  -0.91451E-07
  0.016   0.400   -0.16176E-07  -0.20328E+08  -0.14908E-05   0.34866E+09  -0.16892E-06   0.33823E-06
  0.025   0.500    0.24036E-07  -0.63302E+08   0.30358E-05   0.97156E+09   0.12228E-04  -0.49069E-07
  0.037   0.600   -0.98880E-08  -0.11168E+09   0.99371E-06   0.14983E+10  -0.48607E-04   0.28199E-05
  0.050   0.700    0.17207E-06  -0.12892E+09  -0.42542E-06   0.14898E+10   0.25828E-04   0.11921E-05
  0.065   0.800    0.10207E-06  -0.11998E+09   0.26115E-05   0.11892E+10  -0.79692E-04  -0.12683E-04
  0.083   0.900    0.64379E-07  -0.10314E+09  -0.12021E-05   0.86336E+09  -0.59090E-04  -0.75090E-05
  0.102   1.000   -0.37926E-08  -0.80856E+08   0.64135E-06   0.58645E+09   0.78685E-04   0.10841E-04
  0.123   1.100   -0.13545E-06  -0.59343E+08  -0.19941E-05   0.38667E+09   0.55731E-04   0.14776E-04
  0.147   1.200   -0.31532E-06  -0.43426E+08  -0.29162E-05   0.23649E+09   0.16145E-03  -0.28062E-04
  0.172   1.300   -0.26755E-06  -0.31182E+08   0.57478E-05   0.13351E+09  -0.55537E-04   0.17933E-04
  0.200   1.400    0.26992E-06  -0.23046E+08  -0.23579E-05   0.69133E+08  -0.35780E-04   0.11670E-04
  0.229   1.500    0.63680E-06  -0.16450E+08   0.28426E-06   0.34923E+08  -0.21214E-04  -0.14357E-04
  0.261   1.600    0.93231E-06  -0.12151E+08  -0.29846E-05   0.16779E+08   0.17239E-04   0.40794E-04
  0.295   1.700    0.46442E-06  -0.84912E+07   0.13465E-05   0.65915E+07   0.47102E-04   0.13886E-04
  0.330   1.800   -0.14021E-05  -0.57076E+07   0.24670E-05   0.10832E+07   0.65770E-04   0.37612E-04
  0.368   1.900    0.20294E-06  -0.44995E+07   0.43262E-05  -0.20927E+07  -0.70995E-04   0.16242E-05
  0.408   2.000    0.12269E-05  -0.35916E+07   0.34610E-06  -0.30597E+07   0.14754E-04  -0.31444E-04
