  0.004   0.200   -0.61988E-10  -0.38810E-09   0.10412E+08  -0.94606E-08  -0.20016E-07   0.11001E-08
  0.009   0.300    0.52114E-09  -0.16371E-09   0.22652E+08   0.23429E-08  -0.80327E-08   0.12292E-07
  0.016   0.400    0.15116E-08  -0.42382E-08   0.31945E+08  -0.13999E-07   0.68406E-06   0.50401E-07
  0.025   0.500    0.83674E-09  -0.13570E-07   0.36104E+08  -0.38929E-06   0.20186E-05  -0.10576E-06
  0.037   0.600   -0.25248E-08  -0.13264E-07   0.34956E+08   0.36578E-06  -0.12061E-05   0.14110E-06
  0.050   0.700   -0.38708E-08  -0.25240E-07   0.29629E+08  -0.80478E-06  -0.16242E-05   0.59605E-07
  0.065   0.800   -0.21828E-08  -0.16244E-06   0.23224E+08  -0.46792E-05  -0.47917E-05   0.12526E-06
  0.083   0.900    0.29431E-07   0.88206E-07   0.17274E+08   0.48169E-05  -0.55232E-05  -0.15760E-05
  0.102   1.000   -0.52969E-08   0.17759E-06   0.12280E+08  -0.48301E-05   0.99300E-05   0.64960E-06
  0.123   1.100   -0.48753E-07  -0.23083E-07   0.81602E+07  -0.47796E-05  -0.18791E-04  -0.10832E-05
  0.147   1.200    0.14926E-06  -0.31042E-06   0.52859E+07  -0.16480E-05  -0.39550E-05  -0.54832E-06
  0.172   1.300    0.46035E-07   0.16120E-07   0.33148E+07   0.22114E-05   0.24645E-05   0.11333E-05
  0.200   1.400    0.11415E-06  -0.15443E-06   0.20596E+07  -0.12679E-05   0.80792E-07   0.39513E-05
  0.229   1.500   -0.41837E-07  -0.63408E-07   0.12537E+07   0.14765E-05   0.48563E-05   0.21182E-05
  0.261   1.600    0.27463E-07  -0.11814E-06   0.75572E+06  -0.60310E-05  -0.72307E-05   0.35492E-05
  0.295   1.700   -0.10989E-06  -0.11236E-07   0.45336E+06  -0.33030E-06   0.35563E-05  -0.54843E-05
  0.330   1.800   -0.32896E-07  -0.13149E-06   0.27586E+06   0.26725E-05   0.60058E-05   0.31606E-05
  0.368   1.900    0.50985E-07   0.24407E-06   0.16257E+06   0.39642E-05   0.21150E-06   0.74338E-05
  0.408   2.000    0.16644E-06   0.10410E-06   0.93750E+05   0.31663E-05  -0.38143E-05  -0.82165E-05
