  0.004   0.200  -0.206170E+07 -0.498913E+08
  0.004   0.200  -0.206594E+07 -0.499900E+08
  0.004   0.200  -0.207442E+07 -0.501877E+08
  0.004   0.200  -0.207867E+07 -0.502866E+08
  0.004   0.200  -0.207442E+07 -0.501877E+08
  0.004   0.200  -0.206594E+07 -0.499900E+08
  0.004   0.200  -0.206170E+07 -0.498913E+08
  0.009   0.300  -0.649683E+07 -0.388948E+08
  0.009   0.300  -0.656876E+07 -0.392928E+08
  0.009   0.300  -0.671360E+07 -0.400934E+08
  0.009   0.300  -0.678652E+07 -0.404961E+08
  0.009   0.300  -0.671360E+07 -0.400934E+08
  0.009   0.300  -0.656876E+07 -0.392928E+08
  0.009   0.300  -0.649683E+07 -0.388948E+08
  0.016   0.400  -0.110278E+08 -0.267433E+08
  0.016   0.400  -0.114570E+08 -0.276804E+08
  0.016   0.400  -0.123362E+08 -0.295888E+08
  0.016   0.400  -0.127862E+08 -0.305600E+08
  0.016   0.400  -0.123362E+08 -0.295888E+08
  0.016   0.400  -0.114570E+08 -0.276804E+08
  0.016   0.400  -0.110278E+08 -0.267433E+08
  0.025   0.500  -0.122497E+08 -0.145119E+08
  0.025   0.500  -0.136330E+08 -0.161317E+08
  0.025   0.500  -0.165881E+08 -0.195296E+08
  0.025   0.500  -0.181612E+08 -0.213080E+08
  0.025   0.500  -0.165881E+08 -0.195296E+08
  0.025   0.500  -0.136330E+08 -0.161317E+08
  0.025   0.500  -0.122497E+08 -0.145119E+08
  0.037   0.600  -0.867714E+07 -0.347964E+07
  0.037   0.600  -0.113750E+08 -0.561935E+07
  0.037   0.600  -0.176284E+08 -0.105369E+08
  0.037   0.600  -0.211969E+08 -0.133272E+08
  0.037   0.600  -0.176284E+08 -0.105369E+08
  0.037   0.600  -0.113750E+08 -0.561935E+07
  0.037   0.600  -0.867714E+07 -0.347964E+07
  0.050   0.700  -0.241408E+07  0.331644E+07
  0.050   0.700  -0.586950E+07  0.177449E+07
  0.050   0.700  -0.148662E+08 -0.293541E+07
  0.050   0.700  -0.204048E+08 -0.620883E+07
  0.050   0.700  -0.148662E+08 -0.293541E+07
  0.050   0.700  -0.586950E+07  0.177449E+07
  0.050   0.700  -0.241408E+07  0.331644E+07
  0.065   0.800   0.320918E+07  0.347137E+07
  0.065   0.800   0.105610E+06  0.361754E+07
  0.065   0.800  -0.994030E+07  0.223339E+07
  0.065   0.800  -0.165604E+08  0.500550E+06
  0.065   0.800  -0.994030E+07  0.223339E+07
  0.065   0.800   0.105610E+06  0.361754E+07
  0.065   0.800   0.320918E+07  0.347137E+07
  0.083   0.900   0.437761E+07 -0.204289E+06
  0.083   0.900   0.365540E+07  0.958553E+06
  0.083   0.900  -0.463490E+07  0.374952E+07
  0.083   0.900  -0.112593E+08  0.572707E+07
  0.083   0.900  -0.463490E+07  0.374952E+07
  0.083   0.900   0.365540E+07  0.958553E+06
  0.083   0.900   0.437761E+07 -0.204289E+06
  0.102   1.000   0.658847E+06 -0.276862E+07
  0.102   1.000   0.309760E+07 -0.190125E+07
  0.102   1.000  -0.821178E+06  0.255939E+07
  0.102   1.000  -0.542983E+07  0.809374E+07
  0.102   1.000  -0.821178E+06  0.255939E+07
  0.102   1.000   0.309760E+07 -0.190125E+07
  0.102   1.000   0.658847E+06 -0.276862E+07
  0.123   1.100  -0.257829E+07 -0.138573E+07
  0.123   1.100   0.925923E+05 -0.176378E+07
  0.123   1.100   0.517087E+06  0.315039E+06
  0.123   1.100  -0.116957E+06  0.780407E+07
  0.123   1.100   0.517087E+06  0.315039E+06
  0.123   1.100   0.925923E+05 -0.176378E+07
  0.123   1.100  -0.257829E+07 -0.138573E+07
  0.147   1.200  -0.125504E+07  0.138011E+07
  0.147   1.200  -0.157424E+07  0.849835E+05
  0.147   1.200   0.234686E+06 -0.871682E+06
  0.147   1.200   0.347444E+07  0.536712E+07
  0.147   1.200   0.234686E+06 -0.871682E+06
  0.147   1.200  -0.157424E+07  0.849835E+05
  0.147   1.200  -0.125504E+07  0.138011E+07
  0.172   1.300   0.133673E+07  0.103317E+07
  0.172   1.300  -0.549738E+06  0.935950E+06
  0.172   1.300  -0.411951E+06 -0.608733E+06
  0.172   1.300   0.469385E+07  0.199573E+07
  0.172   1.300  -0.411951E+06 -0.608733E+06
  0.172   1.300  -0.549738E+06  0.935950E+06
  0.172   1.300   0.133673E+07  0.103317E+07
  0.200   1.400   0.739548E+06 -0.937632E+06
  0.200   1.400   0.417700E+06  0.183272E+06
  0.200   1.400  -0.328290E+06  0.220403E+05
  0.200   1.400   0.380588E+07 -0.971544E+06
  0.200   1.400  -0.328290E+06  0.220403E+05
  0.200   1.400   0.417700E+06  0.183272E+06
  0.200   1.400   0.739548E+06 -0.937632E+06
  0.229   1.500  -0.100456E+07 -0.431230E+06
  0.229   1.500   0.149474E+06 -0.390133E+06
  0.229   1.500   0.104971E+06  0.708643E+05
  0.229   1.500   0.159648E+07 -0.250312E+07
  0.229   1.500   0.104971E+06  0.708643E+05
  0.229   1.500   0.149474E+06 -0.390133E+06
  0.229   1.500  -0.100456E+07 -0.431230E+06
  0.261   1.600  -0.489602E+05  0.729264E+06
  0.261   1.600  -0.626419E+05 -0.147177E+05
  0.261   1.600   0.249968E+06 -0.223020E+06
  0.261   1.600  -0.587829E+06 -0.228693E+07
  0.261   1.600   0.249968E+06 -0.223020E+06
  0.261   1.600  -0.626419E+05 -0.147177E+05
  0.261   1.600  -0.489602E+05  0.729264E+06
  0.295   1.700   0.620542E+06 -0.179721E+06
  0.295   1.700   0.392132E+05  0.851874E+05
  0.295   1.700   0.214811E+05 -0.218802E+06
  0.295   1.700  -0.174617E+07 -0.925914E+06
  0.295   1.700   0.214811E+05 -0.218802E+06
  0.295   1.700   0.392132E+05  0.851874E+05
  0.295   1.700   0.620542E+06 -0.179721E+06
  0.330   1.800  -0.466503E+06 -0.299373E+06
  0.330   1.800  -0.109211E+06 -0.237392E+04
  0.330   1.800  -0.796815E+03 -0.187331E+05
  0.330   1.800  -0.148200E+07  0.556304E+06
  0.330   1.800  -0.796815E+03 -0.187331E+05
  0.330   1.800  -0.109211E+06 -0.237392E+04
  0.330   1.800  -0.466503E+06 -0.299373E+06
  0.368   1.900   0.346829E+05  0.392726E+06
  0.368   1.900   0.353660E+04  0.695538E+05
  0.368   1.900   0.143625E+06 -0.599284E+05
  0.368   1.900  -0.295921E+06  0.117932E+07
  0.368   1.900   0.143625E+06 -0.599284E+05
  0.368   1.900   0.353660E+04  0.695538E+05
  0.368   1.900   0.346829E+05  0.392726E+06
  0.408   2.000   0.234301E+06 -0.233899E+06
  0.408   2.000   0.871884E+05 -0.932326E+05
  0.408   2.000   0.337254E+05 -0.106345E+06
  0.408   2.000   0.698050E+06  0.706608E+06
  0.408   2.000   0.337254E+05 -0.106345E+06
  0.408   2.000   0.871884E+05 -0.932326E+05
  0.408   2.000   0.234301E+06 -0.233899E+06
