  0.004   0.200   0.355413E-08  0.102196E-07
  0.004   0.200  -0.117172E+07 -0.101046E+04
  0.004   0.200  -0.203681E+07 -0.175631E+04
  0.004   0.200  -0.235613E+07 -0.203157E+04
  0.004   0.200  -0.203681E+07 -0.175631E+04
  0.004   0.200  -0.117172E+07 -0.101046E+04
  0.004   0.200  -0.190525E-08  0.382798E-07
  0.009   0.300   0.762974E-08  0.385158E-07
  0.009   0.300  -0.253114E+07 -0.204873E+05
  0.009   0.300  -0.446476E+07 -0.360869E+05
  0.009   0.300  -0.520220E+07 -0.420174E+05
  0.009   0.300  -0.446476E+07 -0.360869E+05
  0.009   0.300  -0.253114E+07 -0.204873E+05
  0.009   0.300   0.406395E-08  0.220502E-07
  0.016   0.400   0.157839E-07  0.294061E-07
  0.016   0.400  -0.404194E+07 -0.130972E+06
  0.016   0.400  -0.741983E+07 -0.237593E+06
  0.016   0.400  -0.881163E+07 -0.280498E+06
  0.016   0.400  -0.741983E+07 -0.237593E+06
  0.016   0.400  -0.404194E+07 -0.130972E+06
  0.016   0.400  -0.957868E-08  0.188427E-07
  0.025   0.500  -0.607407E-08 -0.336587E-07
  0.025   0.500  -0.491804E+07 -0.344232E+06
  0.025   0.500  -0.986706E+07 -0.639051E+06
  0.025   0.500  -0.121847E+08 -0.758618E+06
  0.025   0.500  -0.986706E+07 -0.639051E+06
  0.025   0.500  -0.491804E+07 -0.344232E+06
  0.025   0.500  -0.597211E-09  0.228925E-07
  0.037   0.600  -0.273115E-07  0.170822E-07
  0.037   0.600  -0.431241E+07 -0.398077E+06
  0.037   0.600  -0.105779E+08 -0.587289E+06
  0.037   0.600  -0.140598E+08 -0.554004E+06
  0.037   0.600  -0.105779E+08 -0.587289E+06
  0.037   0.600  -0.431241E+07 -0.398077E+06
  0.037   0.600  -0.181173E-07  0.859110E-08
  0.050   0.700   0.209636E-07 -0.417487E-07
  0.050   0.700  -0.208107E+07 -0.237104E+06
  0.050   0.700  -0.934078E+07  0.411401E+06
  0.050   0.700  -0.143112E+08  0.134590E+07
  0.050   0.700  -0.934078E+07  0.411401E+06
  0.050   0.700  -0.208107E+07 -0.237104E+06
  0.050   0.700   0.220648E-07 -0.283661E-07
  0.065   0.800  -0.129930E-08 -0.311715E-08
  0.065   0.800   0.921348E+06 -0.149717E+06
  0.065   0.800  -0.669697E+07  0.170524E+07
  0.065   0.800  -0.129721E+08  0.452537E+07
  0.065   0.800  -0.669697E+07  0.170524E+07
  0.065   0.800   0.921348E+06 -0.149717E+06
  0.065   0.800   0.630422E-08 -0.461804E-07
  0.083   0.900   0.167343E-07 -0.100386E-07
  0.083   0.900   0.301620E+07 -0.294992E+06
  0.083   0.900  -0.359801E+07  0.184748E+07
  0.083   0.900  -0.968539E+07  0.824810E+07
  0.083   0.900  -0.359801E+07  0.184748E+07
  0.083   0.900   0.301620E+07 -0.294992E+06
  0.083   0.900  -0.329704E-07 -0.285353E-07
  0.102   1.000   0.416591E-08 -0.876225E-07
  0.102   1.000   0.230988E+07 -0.327328E+06
  0.102   1.000  -0.738926E+06  0.511164E+06
  0.102   1.000  -0.498975E+07  0.110240E+08
  0.102   1.000  -0.738926E+06  0.511164E+06
  0.102   1.000   0.230988E+07 -0.327328E+06
  0.102   1.000   0.392484E-07 -0.604203E-07
  0.123   1.100   0.150614E-08  0.270784E-08
  0.123   1.100  -0.107577E+06 -0.146111E+06
  0.123   1.100   0.155244E+06 -0.121454E+07
  0.123   1.100   0.117456E+07  0.114330E+08
  0.123   1.100   0.155244E+06 -0.121454E+07
  0.123   1.100  -0.107577E+06 -0.146111E+06
  0.123   1.100   0.739449E-08  0.668949E-08
  0.147   1.200  -0.374058E-08  0.242023E-07
  0.147   1.200  -0.145831E+07  0.334260E+06
  0.147   1.200  -0.318028E+06 -0.211024E+07
  0.147   1.200   0.638032E+07  0.903264E+07
  0.147   1.200  -0.318028E+06 -0.211024E+07
  0.147   1.200  -0.145831E+07  0.334260E+06
  0.147   1.200  -0.152944E-07  0.339099E-08
  0.172   1.300   0.191040E-07  0.961947E-08
  0.172   1.300  -0.855486E+06  0.315438E+06
  0.172   1.300  -0.828870E+06 -0.118151E+07
  0.172   1.300   0.949585E+07  0.356313E+07
  0.172   1.300  -0.828870E+06 -0.118151E+07
  0.172   1.300  -0.855486E+06  0.315438E+06
  0.172   1.300   0.169714E-07 -0.320018E-08
  0.200   1.400   0.229315E-07 -0.156360E-07
  0.200   1.400   0.279475E+06 -0.509780E+06
  0.200   1.400  -0.346347E+06 -0.100575E+06
  0.200   1.400   0.870085E+07 -0.277018E+07
  0.200   1.400  -0.346347E+06 -0.100575E+06
  0.200   1.400   0.279475E+06 -0.509780E+06
  0.200   1.400   0.104002E-07 -0.261994E-07
  0.229   1.500   0.989222E-08  0.327738E-09
  0.229   1.500   0.513141E+06 -0.278175E+06
  0.229   1.500   0.725870E+06 -0.159758E+06
  0.229   1.500   0.403088E+07 -0.732087E+07
  0.229   1.500   0.725870E+06 -0.159758E+06
  0.229   1.500   0.513141E+06 -0.278175E+06
  0.229   1.500   0.235807E-07 -0.157533E-07
  0.261   1.600   0.350752E-08  0.153818E-08
  0.261   1.600   0.137696E+06  0.416915E+06
  0.261   1.600   0.690622E+06 -0.702459E+06
  0.261   1.600  -0.210651E+07 -0.761296E+07
  0.261   1.600   0.690622E+06 -0.702459E+06
  0.261   1.600   0.137696E+06  0.416915E+06
  0.261   1.600   0.384546E-09  0.137155E-07
  0.295   1.700   0.390008E-08  0.501439E-09
  0.295   1.700  -0.290328E+05  0.406134E+05
  0.295   1.700   0.849834E+05 -0.306048E+06
  0.295   1.700  -0.647477E+07 -0.342382E+07
  0.295   1.700   0.849834E+05 -0.306048E+06
  0.295   1.700  -0.290328E+05  0.406134E+05
  0.295   1.700  -0.117745E-07 -0.136627E-07
  0.330   1.800  -0.568543E-08  0.203197E-08
  0.330   1.800  -0.426415E+06 -0.158424E+06
  0.330   1.800   0.397891E+06  0.192816E+06
  0.330   1.800  -0.607786E+07  0.261494E+07
  0.330   1.800   0.397891E+06  0.192816E+06
  0.330   1.800  -0.426415E+06 -0.158424E+06
  0.330   1.800  -0.108489E-07 -0.100943E-08
  0.368   1.900  -0.135541E-07 -0.108004E-07
  0.368   1.900   0.103616E+06  0.313002E+05
  0.368   1.900   0.662034E+06 -0.189035E+05
  0.368   1.900  -0.128114E+07  0.607095E+07
  0.368   1.900   0.662034E+06 -0.189035E+05
  0.368   1.900   0.103616E+06  0.313002E+05
  0.368   1.900  -0.103092E-07 -0.149448E-08
  0.408   2.000  -0.341576E-07 -0.510907E-08
  0.408   2.000   0.247427E+06 -0.261818E+05
  0.408   2.000   0.164926E+06 -0.794641E+05
  0.408   2.000   0.407441E+07  0.419367E+07
  0.408   2.000   0.164926E+06 -0.794641E+05
  0.408   2.000   0.247427E+06 -0.261818E+05
  0.408   2.000  -0.888534E-09 -0.115801E-07
