  0.004   0.200   0.147150E-06  0.332853E-06
  0.004   0.200   0.228590E+08  0.198426E+05
  0.004   0.200   0.397670E+08  0.344897E+05
  0.004   0.200   0.460197E+08  0.398953E+05
  0.004   0.200   0.397670E+08  0.344897E+05
  0.004   0.200   0.228590E+08  0.198426E+05
  0.004   0.200  -0.887543E-07  0.138675E-05
  0.009   0.300   0.104033E-06  0.924317E-06
  0.009   0.300   0.462443E+08  0.378832E+06
  0.009   0.300   0.819063E+08  0.667368E+06
  0.009   0.300   0.956305E+08  0.777093E+06
  0.009   0.300   0.819063E+08  0.667368E+06
  0.009   0.300   0.462443E+08  0.378832E+06
  0.009   0.300   0.599280E-07  0.280587E-06
  0.016   0.400   0.699028E-06  0.646654E-06
  0.016   0.400   0.670353E+08  0.222846E+07
  0.016   0.400   0.124754E+09  0.404552E+07
  0.016   0.400   0.149181E+09  0.477778E+07
  0.016   0.400   0.124754E+09  0.404552E+07
  0.016   0.400   0.670353E+08  0.222846E+07
  0.016   0.400  -0.312566E-06  0.291620E-06
  0.025   0.500  -0.227377E-07 -0.820910E-06
  0.025   0.500   0.710073E+08  0.525940E+07
  0.025   0.500   0.148009E+09  0.980630E+07
  0.025   0.500   0.186339E+09  0.116677E+08
  0.025   0.500   0.148009E+09  0.980630E+07
  0.025   0.500   0.710073E+08  0.525940E+07
  0.025   0.500   0.323091E-06  0.295027E-06
  0.037   0.600  -0.299801E-06  0.866289E-06
  0.037   0.600   0.503072E+08  0.524201E+07
  0.037   0.600   0.136852E+09  0.799398E+07
  0.037   0.600   0.191366E+09  0.778148E+07
  0.037   0.600   0.136852E+09  0.799398E+07
  0.037   0.600   0.503072E+08  0.524201E+07
  0.037   0.600  -0.297367E-06  0.238584E-06
  0.050   0.700  -0.543008E-06 -0.880659E-06
  0.050   0.700   0.151288E+08  0.232424E+07
  0.050   0.700   0.986750E+08 -0.465410E+07
  0.050   0.700   0.171719E+09 -0.146553E+08
  0.050   0.700   0.986750E+08 -0.465410E+07
  0.050   0.700   0.151288E+08  0.232424E+07
  0.050   0.700  -0.403457E-06 -0.126450E-05
  0.065   0.800  -0.340838E-06 -0.349092E-06
  0.065   0.800  -0.113743E+08  0.160648E+07
  0.065   0.800   0.507887E+08 -0.163249E+08
  0.065   0.800   0.137333E+09 -0.430685E+08
  0.065   0.800   0.507887E+08 -0.163249E+08
  0.065   0.800  -0.113743E+08  0.160648E+07
  0.065   0.800  -0.122623E-05 -0.998490E-06
  0.083   0.900   0.484921E-07 -0.754387E-07
  0.083   0.900  -0.121732E+08  0.583809E+07
  0.083   0.900   0.976626E+07 -0.150706E+08
  0.083   0.900   0.943989E+08 -0.648372E+08
  0.083   0.900   0.976626E+07 -0.150706E+08
  0.083   0.900  -0.121732E+08  0.583809E+07
  0.083   0.900  -0.200940E-05 -0.182389E-06
  0.102   1.000  -0.241475E-05 -0.272364E-05
  0.102   1.000   0.342709E+07  0.813156E+07
  0.102   1.000  -0.121476E+08 -0.368586E+07
  0.102   1.000   0.508656E+08 -0.697469E+08
  0.102   1.000  -0.121476E+08 -0.368586E+07
  0.102   1.000   0.342709E+07  0.813156E+07
  0.102   1.000  -0.892904E-08 -0.278659E-05
  0.123   1.100  -0.933901E-06 -0.162029E-05
  0.123   1.100   0.919667E+07 -0.198471E+07
  0.123   1.100  -0.113090E+08  0.828204E+07
  0.123   1.100   0.130879E+08 -0.568392E+08
  0.123   1.100  -0.113090E+08  0.828204E+07
  0.123   1.100   0.919667E+07 -0.198471E+07
  0.123   1.100   0.354219E-05 -0.280305E-05
  0.147   1.200   0.671994E-07  0.316794E-06
  0.147   1.200   0.584840E+06 -0.131160E+08
  0.147   1.200   0.646001E+06  0.128456E+08
  0.147   1.200  -0.132577E+08 -0.347054E+08
  0.147   1.200   0.646001E+06  0.128456E+08
  0.147   1.200   0.584840E+06 -0.131160E+08
  0.147   1.200  -0.146215E-05 -0.623235E-06
  0.172   1.300   0.781548E-06  0.406631E-06
  0.172   1.300  -0.797020E+07 -0.629644E+07
  0.172   1.300   0.740975E+07  0.856873E+07
  0.172   1.300  -0.228068E+08 -0.112392E+08
  0.172   1.300   0.740975E+07  0.856873E+07
  0.172   1.300  -0.797020E+07 -0.629644E+07
  0.172   1.300   0.113617E-05  0.184379E-06
  0.200   1.400   0.154565E-05 -0.211660E-05
  0.200   1.400  -0.344204E+07  0.644892E+07
  0.200   1.400   0.603781E+07  0.139662E+07
  0.200   1.400  -0.194570E+08  0.597852E+07
  0.200   1.400   0.603781E+07  0.139662E+07
  0.200   1.400  -0.344204E+07  0.644892E+07
  0.200   1.400  -0.191517E-06 -0.167652E-05
  0.229   1.500   0.135104E-05  0.178901E-06
  0.229   1.500   0.577528E+07  0.477728E+07
  0.229   1.500   0.188895E+07 -0.795494E+06
  0.229   1.500  -0.974776E+07  0.132053E+08
  0.229   1.500   0.188895E+07 -0.795494E+06
  0.229   1.500   0.577528E+07  0.477728E+07
  0.229   1.500   0.109227E-05 -0.168891E-05
  0.261   1.600   0.626297E-06 -0.845400E-06
  0.261   1.600   0.201497E+07 -0.318681E+07
  0.261   1.600   0.101883E+07  0.149789E+07
  0.261   1.600   0.212018E+06  0.114230E+08
  0.261   1.600   0.101883E+07  0.149789E+07
  0.261   1.600   0.201497E+07 -0.318681E+07
  0.261   1.600   0.165289E-05 -0.786291E-06
  0.295   1.700   0.505054E-06 -0.110162E-05
  0.295   1.700  -0.390206E+07 -0.191103E+07
  0.295   1.700   0.229080E+07  0.215142E+07
  0.295   1.700   0.549349E+07  0.409747E+07
  0.295   1.700   0.229080E+07  0.215142E+07
  0.295   1.700  -0.390206E+07 -0.191103E+07
  0.295   1.700  -0.980468E-06 -0.118472E-05
  0.330   1.800  -0.127354E-05  0.978101E-06
  0.330   1.800  -0.808231E+05  0.173696E+07
  0.330   1.800   0.214793E+07 -0.422193E+06
  0.330   1.800   0.461633E+07 -0.213732E+07
  0.330   1.800   0.214793E+07 -0.422193E+06
  0.330   1.800  -0.808231E+05  0.173696E+07
  0.330   1.800  -0.111045E-05  0.209123E-06
  0.368   1.900  -0.123029E-05 -0.183193E-05
  0.368   1.900   0.193710E+07 -0.151313E+06
  0.368   1.900   0.222759E+06 -0.756907E+06
  0.368   1.900   0.198108E+07 -0.463328E+07
  0.368   1.900   0.222759E+06 -0.756907E+06
  0.368   1.900   0.193710E+07 -0.151313E+06
  0.368   1.900  -0.906412E-06  0.715069E-06
  0.408   2.000  -0.226379E-05 -0.187714E-06
  0.408   2.000  -0.321255E+06  0.664640E+06
  0.408   2.000   0.148718E+06  0.700324E+06
  0.408   2.000  -0.117449E+07 -0.298443E+07
  0.408   2.000   0.148718E+06  0.700324E+06
  0.408   2.000  -0.321255E+06  0.664640E+06
  0.408   2.000   0.106170E-05 -0.582386E-06
