  0.004   0.200   0.996556E-07 -0.489981E-06
  0.004   0.200   0.190775E+02 -0.402499E+07
  0.004   0.200   0.191187E+02 -0.402952E+07
  0.004   0.200   0.122752E-06  0.466116E-07
  0.004   0.200  -0.191187E+02  0.402952E+07
  0.004   0.200  -0.190775E+02  0.402499E+07
  0.004   0.200  -0.490354E-07  0.236414E-06
  0.009   0.300  -0.314488E-06  0.995624E-07
  0.009   0.300   0.445979E+04 -0.197087E+08
  0.009   0.300   0.450748E+04 -0.198203E+08
  0.009   0.300   0.752661E-07 -0.170598E-06
  0.009   0.300  -0.450748E+04  0.198203E+08
  0.009   0.300  -0.445979E+04  0.197087E+08
  0.009   0.300   0.326654E-06 -0.116902E-06
  0.016   0.400  -0.284517E-06 -0.227465E-06
  0.016   0.400   0.168259E+06 -0.582411E+08
  0.016   0.400   0.173640E+06 -0.592778E+08
  0.016   0.400   0.293047E-06  0.770769E-06
  0.016   0.400  -0.173640E+06  0.592778E+08
  0.016   0.400  -0.168259E+06  0.582411E+08
  0.016   0.400   0.206583E-06  0.252262E-06
  0.025   0.500  -0.558873E-06  0.288701E-06
  0.025   0.500   0.191262E+07 -0.125044E+09
  0.025   0.500   0.203590E+07 -0.130417E+09
  0.025   0.500   0.662875E-06 -0.136665E-05
  0.025   0.500  -0.203590E+07  0.130417E+09
  0.025   0.500  -0.191262E+07  0.125044E+09
  0.025   0.500   0.450734E-06 -0.799039E-06
  0.037   0.600  -0.403843E-06  0.155986E-06
  0.037   0.600   0.708069E+07 -0.202971E+09
  0.037   0.600   0.715950E+07 -0.220172E+09
  0.037   0.600   0.351125E-06 -0.146966E-05
  0.037   0.600  -0.715950E+07  0.220172E+09
  0.037   0.600  -0.708069E+07  0.202971E+09
  0.037   0.600  -0.118860E-06  0.247508E-06
  0.050   0.700   0.620801E-06  0.502392E-06
  0.050   0.700   0.651078E+07 -0.248456E+09
  0.050   0.700  -0.515486E+07 -0.286814E+09
  0.050   0.700   0.202457E-06  0.102159E-05
  0.050   0.700   0.515486E+07  0.286814E+09
  0.050   0.700  -0.651078E+07  0.248456E+09
  0.050   0.700  -0.162912E-05 -0.811788E-06
  0.065   0.800  -0.155040E-05  0.217816E-06
  0.065   0.800   0.153072E+07 -0.218159E+09
  0.065   0.800  -0.642347E+08 -0.309691E+09
  0.065   0.800  -0.800787E-06  0.178709E-06
  0.065   0.800   0.642347E+08  0.309691E+09
  0.065   0.800  -0.153072E+07  0.218159E+09
  0.065   0.800   0.825958E-06  0.116529E-06
  0.083   0.900   0.108956E-05 -0.121447E-05
  0.083   0.900  -0.273957E+07 -0.820631E+08
  0.083   0.900  -0.137954E+09 -0.284782E+09
  0.083   0.900   0.627369E-06 -0.132904E-05
  0.083   0.900   0.137954E+09  0.284782E+09
  0.083   0.900   0.273957E+07  0.820631E+08
  0.083   0.900  -0.145149E-06 -0.923329E-06
  0.102   1.000  -0.175855E-05 -0.143669E-05
  0.102   1.000  -0.740142E+07  0.987988E+08
  0.102   1.000  -0.164734E+09 -0.218807E+09
  0.102   1.000  -0.213015E-06 -0.100506E-06
  0.102   1.000   0.164734E+09  0.218807E+09
  0.102   1.000   0.740142E+07 -0.987988E+08
  0.102   1.000   0.143605E-05  0.351918E-06
  0.123   1.100   0.107545E-06  0.209800E-05
  0.123   1.100  -0.199144E+08  0.163187E+09
  0.123   1.100  -0.106628E+09 -0.119874E+09
  0.123   1.100  -0.104930E-05 -0.304560E-06
  0.123   1.100   0.106628E+09  0.119874E+09
  0.123   1.100   0.199144E+08 -0.163187E+09
  0.123   1.100   0.163252E-05 -0.110929E-05
  0.147   1.200   0.132962E-05  0.372100E-06
  0.147   1.200   0.366534E+07  0.852118E+08
  0.147   1.200  -0.138487E+08 -0.823308E+08
  0.147   1.200  -0.430027E-06 -0.740006E-06
  0.147   1.200   0.138487E+08  0.823308E+08
  0.147   1.200  -0.366534E+07 -0.852118E+08
  0.147   1.200   0.431530E-06 -0.225414E-05
  0.172   1.300   0.187027E-05 -0.332440E-06
  0.172   1.300   0.867108E+07 -0.329769E+08
  0.172   1.300   0.442011E+08 -0.808849E+08
  0.172   1.300  -0.935891E-06  0.463249E-06
  0.172   1.300  -0.442011E+08  0.808849E+08
  0.172   1.300  -0.867108E+07  0.329769E+08
  0.172   1.300  -0.247834E-06 -0.353269E-06
  0.200   1.400   0.491747E-06 -0.100780E-05
  0.200   1.400  -0.177739E+07 -0.802073E+08
  0.200   1.400   0.137224E+08 -0.108076E+09
  0.200   1.400  -0.920113E-07 -0.538690E-06
  0.200   1.400  -0.137224E+08  0.108076E+09
  0.200   1.400   0.177739E+07  0.802073E+08
  0.200   1.400  -0.111653E-05  0.160791E-05
  0.229   1.500   0.140097E-06 -0.449831E-06
  0.229   1.500   0.109401E+08 -0.176522E+08
  0.229   1.500  -0.104090E+08 -0.770685E+08
  0.229   1.500   0.723645E-07  0.340323E-06
  0.229   1.500   0.104090E+08  0.770685E+08
  0.229   1.500  -0.109401E+08  0.176522E+08
  0.229   1.500   0.314978E-06 -0.761226E-07
  0.261   1.600  -0.124593E-05 -0.158479E-07
  0.261   1.600  -0.674406E+07  0.367932E+08
  0.261   1.600   0.110351E+08 -0.257026E+08
  0.261   1.600   0.414284E-06  0.127529E-06
  0.261   1.600  -0.110351E+08  0.257026E+08
  0.261   1.600   0.674406E+07 -0.367932E+08
  0.261   1.600   0.100159E-05 -0.174887E-06
  0.295   1.700  -0.221376E-06  0.218603E-06
  0.295   1.700  -0.539629E+07  0.249383E+08
  0.295   1.700   0.287976E+08 -0.166641E+08
  0.295   1.700   0.910762E-07 -0.339740E-06
  0.295   1.700  -0.287976E+08  0.166641E+08
  0.295   1.700   0.539629E+07 -0.249383E+08
  0.295   1.700   0.122425E-06 -0.265057E-06
  0.330   1.800  -0.492708E-06  0.478812E-06
  0.330   1.800   0.214884E+07 -0.845646E+07
  0.330   1.800   0.140806E+08 -0.296399E+08
  0.330   1.800  -0.732874E-06 -0.841002E-06
  0.330   1.800  -0.140806E+08  0.296399E+08
  0.330   1.800  -0.214884E+07  0.845646E+07
  0.330   1.800  -0.448870E-07 -0.813839E-07
  0.368   1.900   0.399359E-06  0.220630E-06
  0.368   1.900   0.825919E+07 -0.287240E+08
  0.368   1.900  -0.208008E+06  0.152680E+07
  0.368   1.900   0.118828E-05  0.531815E-06
  0.368   1.900   0.208008E+06 -0.152680E+07
  0.368   1.900  -0.825919E+07  0.287240E+08
  0.368   1.900   0.607757E-06  0.263029E-06
  0.408   2.000  -0.883523E-06 -0.411930E-06
  0.408   2.000  -0.351159E+07  0.739533E+07
  0.408   2.000   0.119940E+08  0.152029E+08
  0.408   2.000   0.129539E-05  0.279903E-06
  0.408   2.000  -0.119940E+08 -0.152029E+08
  0.408   2.000   0.351159E+07 -0.739533E+07
  0.408   2.000   0.191574E-06 -0.736463E-07
