  0.004   0.200  -0.188226E+07 -0.554818E+03
  0.004   0.200  -0.163441E+07 -0.482937E+03
  0.004   0.200  -0.948638E+06 -0.281659E+03
  0.004   0.200   0.509814E-11  0.124686E-07
  0.004   0.200   0.948638E+06  0.281659E+03
  0.004   0.200   0.163441E+07  0.482937E+03
  0.004   0.200   0.188226E+07  0.554818E+03
  0.009   0.300  -0.382514E+07  0.101759E+05
  0.009   0.300  -0.335990E+07  0.865893E+04
  0.009   0.300  -0.199484E+07  0.481919E+04
  0.009   0.300  -0.197735E-09 -0.173920E-08
  0.009   0.300   0.199484E+07 -0.481919E+04
  0.009   0.300   0.335990E+07 -0.865893E+04
  0.009   0.300   0.382514E+07 -0.101759E+05
  0.016   0.400  -0.534655E+07  0.241152E+06
  0.016   0.400  -0.487005E+07  0.208721E+06
  0.016   0.400  -0.309668E+07  0.120231E+06
  0.016   0.400  -0.603038E-09  0.100681E-07
  0.016   0.400   0.309668E+07 -0.120231E+06
  0.016   0.400   0.487005E+07 -0.208721E+06
  0.016   0.400   0.534655E+07 -0.241152E+06
  0.025   0.500  -0.521595E+07  0.121818E+07
  0.025   0.500  -0.527808E+07  0.108004E+07
  0.025   0.500  -0.399489E+07  0.651072E+06
  0.025   0.500  -0.428062E-08 -0.707914E-08
  0.025   0.500   0.399489E+07 -0.651072E+06
  0.025   0.500   0.527808E+07 -0.108004E+07
  0.025   0.500   0.521595E+07 -0.121818E+07
  0.037   0.600  -0.273258E+07  0.271711E+07
  0.037   0.600  -0.407904E+07  0.252525E+07
  0.037   0.600  -0.471226E+07  0.164797E+07
  0.037   0.600   0.730637E-08  0.401151E-08
  0.037   0.600   0.471226E+07 -0.164797E+07
  0.037   0.600   0.407904E+07 -0.252525E+07
  0.037   0.600   0.273258E+07 -0.271711E+07
  0.050   0.700   0.188183E+07  0.341640E+07
  0.050   0.700  -0.102893E+07  0.340019E+07
  0.050   0.700  -0.513386E+07  0.233359E+07
  0.050   0.700  -0.113128E-07  0.132960E-07
  0.050   0.700   0.513386E+07 -0.233359E+07
  0.050   0.700   0.102893E+07 -0.340019E+07
  0.050   0.700  -0.188183E+07 -0.341640E+07
  0.065   0.800   0.556314E+07  0.196524E+07
  0.065   0.800   0.291563E+07  0.275677E+07
  0.065   0.800  -0.401877E+07  0.203553E+07
  0.065   0.800  -0.659554E-08 -0.225484E-08
  0.065   0.800   0.401877E+07 -0.203553E+07
  0.065   0.800  -0.291563E+07 -0.275677E+07
  0.065   0.800  -0.556314E+07 -0.196524E+07
  0.083   0.900   0.464504E+07 -0.237134E+07
  0.083   0.900   0.488365E+07  0.252182E+06
  0.083   0.900  -0.173095E+07  0.188214E+07
  0.083   0.900  -0.713158E-08  0.115855E-08
  0.083   0.900   0.173095E+07 -0.188214E+07
  0.083   0.900  -0.488365E+07 -0.252182E+06
  0.083   0.900  -0.464504E+07  0.237134E+07
  0.102   1.000  -0.441106E+06 -0.510078E+07
  0.102   1.000   0.313114E+07 -0.255566E+07
  0.102   1.000  -0.765029E+05  0.146111E+07
  0.102   1.000   0.118787E-07 -0.320819E-08
  0.102   1.000   0.765029E+05 -0.146111E+07
  0.102   1.000  -0.313114E+07  0.255566E+07
  0.102   1.000   0.441106E+06  0.510078E+07
  0.123   1.100  -0.470422E+07 -0.160098E+07
  0.123   1.100  -0.571131E+06 -0.281926E+07
  0.123   1.100   0.343390E+06  0.649309E+06
  0.123   1.100   0.244347E-08  0.102946E-07
  0.123   1.100  -0.343390E+06 -0.649309E+06
  0.123   1.100   0.571131E+06  0.281926E+07
  0.123   1.100   0.470422E+07  0.160098E+07
  0.147   1.200  -0.199145E+07  0.362766E+07
  0.147   1.200  -0.255496E+07 -0.150940E+06
  0.147   1.200  -0.131460E+06  0.386601E+05
  0.147   1.200   0.716435E-08  0.273552E-08
  0.147   1.200   0.131460E+06 -0.386601E+05
  0.147   1.200   0.255496E+07  0.150940E+06
  0.147   1.200   0.199145E+07 -0.362766E+07
  0.172   1.300   0.373038E+07  0.236498E+07
  0.172   1.300  -0.115805E+07  0.118569E+07
  0.172   1.300  -0.379394E+06  0.530959E+05
  0.172   1.300  -0.143913E-08  0.667493E-08
  0.172   1.300   0.379394E+06 -0.530959E+05
  0.172   1.300   0.115805E+07 -0.118569E+07
  0.172   1.300  -0.373038E+07 -0.236498E+07
  0.200   1.400   0.170452E+07 -0.337608E+07
  0.200   1.400   0.728458E+06  0.390828E+06
  0.200   1.400   0.507168E+05  0.566602E+06
  0.200   1.400   0.566914E-08  0.470559E-08
  0.200   1.400  -0.507168E+05 -0.566602E+06
  0.200   1.400  -0.728458E+06 -0.390828E+06
  0.200   1.400  -0.170452E+07  0.337608E+07
  0.229   1.500  -0.338348E+07 -0.127651E+07
  0.229   1.500   0.358175E+06 -0.189366E+06
  0.229   1.500   0.477105E+06  0.483175E+06
  0.229   1.500   0.316813E-08 -0.481502E-08
  0.229   1.500  -0.477105E+06 -0.483175E+06
  0.229   1.500  -0.358175E+06  0.189366E+06
  0.229   1.500   0.338348E+07  0.127651E+07
  0.261   1.600   0.729737E+05  0.323529E+07
  0.261   1.600   0.222818E+06  0.552265E+05
  0.261   1.600   0.439963E+06  0.111588E+05
  0.261   1.600   0.429992E-08 -0.144496E-08
  0.261   1.600  -0.439963E+06 -0.111588E+05
  0.261   1.600  -0.222818E+06 -0.552265E+05
  0.261   1.600  -0.729737E+05 -0.323529E+07
  0.295   1.700   0.268061E+07 -0.118567E+07
  0.295   1.700  -0.382411E+05 -0.331383E+06
  0.295   1.700   0.240468E+06  0.425381E+04
  0.295   1.700   0.111431E-09 -0.773825E-08
  0.295   1.700  -0.240468E+06 -0.425381E+04
  0.295   1.700   0.382411E+05  0.331383E+06
  0.295   1.700  -0.268061E+07  0.118567E+07
  0.330   1.800  -0.238301E+07 -0.163764E+07
  0.330   1.800  -0.622838E+06 -0.119035E+06
  0.330   1.800   0.303775E+06  0.274262E+06
  0.330   1.800   0.135290E-07  0.381487E-08
  0.330   1.800  -0.303775E+06 -0.274262E+06
  0.330   1.800   0.622838E+06  0.119035E+06
  0.330   1.800   0.238301E+07  0.163764E+07
  0.368   1.900   0.327932E+06  0.260344E+07
  0.368   1.900   0.183115E+06  0.516383E+06
  0.368   1.900   0.400551E+06  0.287869E+05
  0.368   1.900   0.527221E-08  0.343524E-08
  0.368   1.900  -0.400551E+06 -0.287869E+05
  0.368   1.900  -0.183115E+06 -0.516383E+06
  0.368   1.900  -0.327932E+06 -0.260344E+07
  0.408   2.000   0.137387E+07 -0.189013E+07
  0.408   2.000   0.416775E+06 -0.257245E+06
  0.408   2.000   0.217170E+06 -0.116245E+06
  0.408   2.000   0.296057E-08 -0.869598E-08
  0.408   2.000  -0.217170E+06  0.116245E+06
  0.408   2.000  -0.416775E+06  0.257245E+06
  0.408   2.000  -0.137387E+07  0.189013E+07
