  0.004   0.200  -0.269047E+09 -0.805470E+05
  0.004   0.200  -0.233248E+09 -0.701071E+05
  0.004   0.200  -0.134951E+09 -0.408828E+05
  0.004   0.200   0.100230E-07 -0.193791E-05
  0.004   0.200   0.134951E+09  0.408828E+05
  0.004   0.200   0.233248E+09  0.701071E+05
  0.004   0.200   0.269047E+09  0.805470E+05
  0.009   0.300  -0.515363E+09  0.132397E+07
  0.009   0.300  -0.448772E+09  0.112587E+07
  0.009   0.300  -0.261943E+09  0.625739E+06
  0.009   0.300  -0.222797E-06 -0.128316E-06
  0.009   0.300   0.261943E+09 -0.625739E+06
  0.009   0.300   0.448772E+09 -0.112587E+07
  0.009   0.300   0.515363E+09 -0.132397E+07
  0.016   0.400  -0.681110E+09  0.294711E+08
  0.016   0.400  -0.600552E+09  0.255057E+08
  0.016   0.400  -0.359214E+09  0.146899E+08
  0.016   0.400  -0.384018E-06 -0.167001E-05
  0.016   0.400   0.359214E+09 -0.146899E+08
  0.016   0.400   0.600552E+09 -0.255057E+08
  0.016   0.400   0.681110E+09 -0.294711E+08
  0.025   0.500  -0.665560E+09  0.137477E+09
  0.025   0.500  -0.603226E+09  0.122046E+09
  0.025   0.500  -0.380061E+09  0.737777E+08
  0.025   0.500   0.392921E-07  0.639402E-06
  0.025   0.500   0.380061E+09 -0.737777E+08
  0.025   0.500   0.603226E+09 -0.122046E+09
  0.025   0.500   0.665560E+09 -0.137477E+09
  0.037   0.600  -0.480492E+09  0.284673E+09
  0.037   0.600  -0.460864E+09  0.268351E+09
  0.037   0.600  -0.320023E+09  0.180457E+09
  0.037   0.600  -0.141207E-05 -0.546160E-06
  0.037   0.600   0.320023E+09 -0.180457E+09
  0.037   0.600   0.460864E+09 -0.268351E+09
  0.037   0.600   0.480492E+09 -0.284673E+09
  0.050   0.700  -0.198263E+09  0.322911E+09
  0.050   0.700  -0.226948E+09  0.351361E+09
  0.050   0.700  -0.199587E+09  0.293969E+09
  0.050   0.700   0.433893E-06 -0.139711E-05
  0.050   0.700   0.199587E+09 -0.293969E+09
  0.050   0.700   0.226948E+09 -0.351361E+09
  0.050   0.700   0.198263E+09 -0.322911E+09
  0.065   0.800   0.659613E+08  0.178908E+09
  0.065   0.800   0.856594E+07  0.282248E+09
  0.065   0.800  -0.677426E+08  0.339597E+09
  0.065   0.800   0.721787E-06 -0.139752E-05
  0.065   0.800   0.677426E+08 -0.339597E+09
  0.065   0.800  -0.856594E+07 -0.282248E+09
  0.065   0.800  -0.659613E+08 -0.178908E+09
  0.083   0.900   0.151150E+09 -0.418795E+08
  0.083   0.900   0.123264E+09  0.105049E+09
  0.083   0.900   0.570889E+08  0.273636E+09
  0.083   0.900   0.106479E-05 -0.164528E-06
  0.083   0.900  -0.570889E+08 -0.273636E+09
  0.083   0.900  -0.123264E+09 -0.105049E+09
  0.083   0.900  -0.151150E+09  0.418795E+08
  0.102   1.000   0.507137E+08 -0.148661E+09
  0.102   1.000   0.662812E+08 -0.641818E+08
  0.102   1.000   0.127920E+09  0.153654E+09
  0.102   1.000   0.895882E-06  0.227118E-05
  0.102   1.000  -0.127920E+09 -0.153654E+09
  0.102   1.000  -0.662812E+08  0.641818E+08
  0.102   1.000  -0.507137E+08  0.148661E+09
  0.123   1.100  -0.730490E+08 -0.513288E+08
  0.123   1.100  -0.325998E+08 -0.106053E+09
  0.123   1.100   0.111203E+09  0.483775E+08
  0.123   1.100   0.108833E-05 -0.323933E-05
  0.123   1.100  -0.111203E+09 -0.483775E+08
  0.123   1.100   0.325998E+08  0.106053E+09
  0.123   1.100   0.730490E+08  0.513288E+08
  0.147   1.200  -0.560770E+08  0.695536E+08
  0.147   1.200  -0.508413E+08 -0.239309E+08
  0.147   1.200   0.436157E+08 -0.268022E+07
  0.147   1.200   0.224690E-05 -0.153765E-05
  0.147   1.200  -0.436157E+08  0.268022E+07
  0.147   1.200   0.508413E+08  0.239309E+08
  0.147   1.200   0.560770E+08 -0.695536E+08
  0.172   1.300   0.387010E+08  0.399439E+08
  0.172   1.300  -0.300397E+07  0.372202E+08
  0.172   1.300  -0.398831E+07  0.371744E+07
  0.172   1.300  -0.709265E-06 -0.130602E-05
  0.172   1.300   0.398831E+07 -0.371744E+07
  0.172   1.300   0.300397E+07 -0.372202E+08
  0.172   1.300  -0.387010E+08 -0.399439E+08
  0.200   1.400   0.299054E+08 -0.433581E+08
  0.200   1.400   0.256906E+08  0.149759E+08
  0.200   1.400  -0.567756E+07  0.225970E+08
  0.200   1.400  -0.117446E-05 -0.224240E-05
  0.200   1.400   0.567756E+07 -0.225970E+08
  0.200   1.400  -0.256906E+08 -0.149759E+08
  0.200   1.400  -0.299054E+08  0.433581E+08
  0.229   1.500  -0.297699E+08 -0.155627E+08
  0.229   1.500   0.236948E+07 -0.811483E+07
  0.229   1.500   0.118211E+08  0.194887E+08
  0.229   1.500  -0.254149E-05  0.208563E-05
  0.229   1.500  -0.118211E+08 -0.194887E+08
  0.229   1.500  -0.236948E+07  0.811483E+07
  0.229   1.500   0.297699E+08  0.155627E+08
  0.261   1.600  -0.662363E+07  0.318649E+08
  0.261   1.600  -0.117026E+08 -0.809242E+06
  0.261   1.600   0.914785E+07  0.191497E+07
  0.261   1.600   0.320054E-05  0.544803E-05
  0.261   1.600  -0.914785E+07 -0.191497E+07
  0.261   1.600   0.117026E+08  0.809242E+06
  0.261   1.600   0.662363E+07 -0.318649E+08
  0.295   1.700   0.201281E+08 -0.926305E+07
  0.295   1.700   0.111045E+07 -0.983887E+06
  0.295   1.700  -0.298011E+07 -0.270586E+07
  0.295   1.700  -0.996294E-06  0.588770E-05
  0.295   1.700   0.298011E+07  0.270586E+07
  0.295   1.700  -0.111045E+07  0.983887E+06
  0.295   1.700  -0.201281E+08  0.926305E+07
  0.330   1.800  -0.119296E+08 -0.120077E+08
  0.330   1.800   0.343340E+06 -0.211934E+07
  0.330   1.800  -0.281127E+07  0.423174E+07
  0.330   1.800  -0.599309E-05  0.627086E-05
  0.330   1.800   0.281127E+07 -0.423174E+07
  0.330   1.800  -0.343340E+06  0.211934E+07
  0.330   1.800   0.119296E+08  0.120077E+08
  0.368   1.900  -0.151517E+07  0.172430E+08
  0.368   1.900   0.220809E+07  0.592922E+07
  0.368   1.900   0.171543E+07  0.132094E+07
  0.368   1.900  -0.641415E-05  0.795996E-06
  0.368   1.900  -0.171543E+07 -0.132094E+07
  0.368   1.900  -0.220809E+07 -0.592922E+07
  0.368   1.900   0.151517E+07 -0.172430E+08
  0.408   2.000   0.772030E+07 -0.104623E+08
  0.408   2.000   0.141094E+07 -0.264751E+07
  0.408   2.000  -0.289389E+07 -0.507487E+07
  0.408   2.000  -0.214632E-05  0.219819E-05
  0.408   2.000   0.289389E+07  0.507487E+07
  0.408   2.000  -0.141094E+07  0.264751E+07
  0.408   2.000  -0.772030E+07  0.104623E+08
