  0.004   0.200   -0.20464E-11   0.15019E+07   0.16513E-07  -0.39031E+08  -0.25786E-07  -0.90076E-08
  0.009   0.300    0.75261E-10   0.15588E+07   0.11205E-07  -0.40604E+08  -0.21420E-07  -0.80472E-08
  0.016   0.400   -0.39927E-09   0.16500E+07   0.38544E-08  -0.43115E+08   0.83412E-07  -0.11540E-07
  0.025   0.500    0.78671E-10   0.17506E+07  -0.47221E-08  -0.45836E+08  -0.19500E-07  -0.18073E-07
  0.037   0.600    0.27649E-09   0.17946E+07   0.13533E-08  -0.46902E+08   0.51106E-07  -0.23414E-07
  0.050   0.700    0.18247E-09   0.17298E+07   0.57225E-08  -0.44911E+08  -0.24913E-07  -0.12078E-07
  0.065   0.800   -0.59981E-09   0.15832E+07   0.71352E-08  -0.40700E+08   0.47527E-07   0.31578E-08
  0.083   0.900    0.27433E-09   0.14206E+07   0.36700E-08  -0.36126E+08  -0.18277E-07  -0.10012E-07
  0.102   1.000   -0.26509E-09   0.12725E+07   0.52403E-08  -0.32016E+08   0.23677E-06   0.44820E-08
  0.123   1.100    0.43372E-09   0.11384E+07   0.26187E-08  -0.28363E+08   0.10619E-06  -0.21828E-09
  0.147   1.200    0.11971E-09   0.10232E+07   0.11315E-08  -0.25282E+08  -0.11023E-06  -0.21901E-07
  0.172   1.300    0.32162E-09   0.93384E+06   0.34071E-07  -0.22920E+08  -0.14836E-06   0.15825E-07
  0.200   1.400   -0.78785E-09   0.86194E+06  -0.82443E-08  -0.21063E+08   0.90701E-06  -0.16201E-06
  0.229   1.500    0.30718E-09   0.80444E+06  -0.35423E-08  -0.19615E+08   0.48531E-07   0.19238E-07
  0.261   1.600    0.14376E-09   0.75916E+06   0.68439E-10  -0.18518E+08  -0.48021E-07  -0.23894E-07
  0.295   1.700    0.11369E-09   0.72116E+06   0.66780E-09  -0.17626E+08   0.37697E-07  -0.20656E-07
  0.330   1.800   -0.29024E-09   0.69088E+06   0.36237E-08  -0.16936E+08   0.19689E-07  -0.79963E-08
  0.368   1.900    0.74704E-09   0.66651E+06  -0.43310E-08  -0.16391E+08   0.17804E-07   0.13089E-07
  0.408   2.000   -0.32128E-09   0.64820E+06  -0.49095E-08  -0.15989E+08  -0.34270E-07  -0.16145E-07
  0.450   2.100   -0.43943E-09   0.63431E+06   0.71698E-08  -0.15689E+08  -0.37377E-07  -0.24105E-07
  0.494   2.200   -0.26546E-09   0.62334E+06  -0.40015E-08  -0.15457E+08  -0.15083E-07   0.13541E-07
  0.539   2.300    0.31946E-10   0.61467E+06  -0.30511E-08  -0.15281E+08   0.43357E-07  -0.23967E-07
  0.587   2.400    0.11231E-08   0.60794E+06  -0.36630E-08  -0.15151E+08  -0.11663E-07  -0.49331E-08
  0.637   2.500    0.20285E-08   0.60326E+06   0.22719E-08  -0.15073E+08   0.54206E-07  -0.50495E-08
  0.689   2.600    0.79623E-09   0.60034E+06   0.25876E-08  -0.15040E+08  -0.34044E-07  -0.18495E-07
  0.743   2.700   -0.10601E-09   0.59786E+06  -0.15500E-08  -0.15027E+08   0.12335E-06   0.36562E-08
  0.799   2.800    0.60304E-09   0.59448E+06   0.11692E-07  -0.14998E+08  -0.10213E-06   0.35867E-07
  0.858   2.900   -0.77591E-09   0.59208E+06  -0.43900E-08  -0.14992E+08   0.69835E-07   0.50059E-08
  0.918   3.000   -0.50024E-09   0.59365E+06   0.84457E-08  -0.15077E+08   0.11380E-07  -0.47869E-07
  0.980   3.100    0.18103E-08   0.59324E+06  -0.21280E-07  -0.15109E+08  -0.11711E-06   0.17562E-06
  1.044   3.200   -0.23157E-10   0.58271E+06   0.39434E-07  -0.14895E+08   0.37462E-06  -0.10143E-06
  1.110   3.300   -0.53805E-09   0.58662E+06   0.16635E-07  -0.15030E+08  -0.12487E-06   0.22568E-07
  1.179   3.400   -0.11247E-08   0.59930E+06  -0.17566E-07  -0.15353E+08  -0.82706E-07   0.22781E-07
  1.249   3.500   -0.24833E-08   0.58967E+06  -0.14671E-07  -0.15135E+08  -0.75453E-06   0.96627E-07
  1.322   3.600   -0.41855E-08   0.59185E+06  -0.21182E-08  -0.15197E+08  -0.10811E-07   0.22168E-07
  1.396   3.700   -0.59273E-09   0.64995E+06  -0.10207E-07  -0.16619E+08  -0.11719E-06   0.15100E-06
  1.472   3.800   -0.24372E-08   0.55699E+06  -0.56231E-07  -0.14371E+08   0.76706E-07  -0.12903E-06
  1.551   3.900   -0.18686E-09   0.37390E+06  -0.63921E-07  -0.99099E+07  -0.97762E-07   0.10778E-06
  1.632   4.000   -0.81907E-08   0.41554E+06   0.26465E-07  -0.10942E+08   0.34793E-06  -0.96081E-07
