  0.004   0.200    0.38781E-08   0.27248E-08  -0.50466E-07  -0.52375E-06   0.18897E-05   0.85217E+09
  0.009   0.300   -0.10652E-07   0.23574E-07   0.85274E-07  -0.66846E-06   0.24820E-05   0.86702E+09
  0.016   0.400    0.13257E-07  -0.28303E-08  -0.87661E-07  -0.62503E-06  -0.11353E-05   0.89288E+09
  0.025   0.500   -0.93278E-08   0.24644E-07   0.43554E-07  -0.33330E-06  -0.58115E-06   0.93697E+09
  0.037   0.600   -0.56752E-09   0.24949E-07  -0.53689E-07   0.36089E-08   0.85756E-05   0.10007E+10
  0.050   0.700    0.93569E-08   0.46530E-08   0.66110E-07  -0.49884E-06  -0.95088E-06   0.10556E+10
  0.065   0.800   -0.35798E-08   0.66539E-08   0.58461E-07   0.73225E-07  -0.15628E-05   0.10495E+10
  0.083   0.900    0.28886E-08  -0.15607E-08   0.33124E-07  -0.89174E-07   0.30739E-05   0.97217E+09
  0.102   1.000   -0.55079E-08   0.14934E-07  -0.15300E-06  -0.65251E-07   0.10117E-04   0.87084E+09
  0.123   1.100    0.70577E-08  -0.31792E-07  -0.63606E-07  -0.75670E-07  -0.48894E-08   0.79336E+09
  0.147   1.200   -0.15349E-07  -0.15646E-07   0.99790E-07  -0.13242E-05   0.25805E-05   0.73856E+09
  0.172   1.300    0.17353E-08   0.41476E-06  -0.88498E-06  -0.88186E-05   0.40191E-05   0.68551E+09
  0.200   1.400    0.24926E-07   0.17649E-06   0.43066E-07   0.52719E-05  -0.10306E-04   0.64750E+09
  0.229   1.500   -0.12129E-07   0.33428E-08  -0.77336E-07  -0.30396E-06  -0.13923E-05   0.61090E+09
  0.261   1.600    0.13562E-07   0.24882E-07   0.24214E-07   0.15786E-06   0.10591E-05   0.56945E+09
  0.295   1.700    0.31127E-07   0.14297E-07  -0.19187E-07  -0.18626E-08  -0.27074E-05   0.53123E+09
  0.330   1.800    0.23079E-07  -0.12613E-07  -0.10194E-07  -0.19179E-07   0.50454E-06   0.49890E+09
  0.368   1.900   -0.36987E-07  -0.31832E-10  -0.88912E-07  -0.49017E-06  -0.21984E-05   0.47750E+09
  0.408   2.000    0.21588E-07  -0.81172E-08  -0.29137E-07   0.45635E-07   0.15658E-06   0.46350E+09
  0.450   2.100    0.49606E-07  -0.35243E-08   0.10733E-06   0.35416E-06  -0.13201E-06   0.45185E+09
  0.494   2.200   -0.39698E-07   0.61636E-08  -0.11230E-06   0.31316E-07   0.12380E-05   0.43985E+09
  0.539   2.300    0.15461E-07  -0.21018E-08   0.17571E-07   0.37398E-07   0.40722E-06   0.42906E+09
  0.587   2.400    0.73915E-08  -0.76452E-08   0.87610E-07   0.50059E-06  -0.10389E-05   0.42211E+09
  0.637   2.500    0.16526E-07   0.11027E-07  -0.25637E-07  -0.15250E-07  -0.10852E-05   0.41800E+09
  0.689   2.600    0.15372E-07  -0.10114E-08  -0.33491E-07   0.55417E-06   0.29710E-05   0.41399E+09
  0.743   2.700   -0.14603E-07  -0.19794E-07  -0.14421E-07   0.82245E-06   0.15099E-05   0.40999E+09
  0.799   2.800   -0.29482E-07   0.16360E-07   0.60088E-07  -0.70661E-06   0.28937E-05   0.40652E+09
  0.858   2.900    0.29208E-07  -0.28569E-07   0.72909E-07   0.94500E-06  -0.40416E-05   0.40386E+09
  0.918   3.000   -0.44980E-07   0.10718E-06   0.31834E-06  -0.28877E-05  -0.42067E-05   0.40305E+09
  0.980   3.100   -0.43983E-08   0.20340E-06   0.48287E-06  -0.40617E-05   0.65409E-05   0.40170E+09
  1.044   3.200    0.71541E-08   0.87381E-07   0.17234E-06  -0.19661E-05   0.86508E-05   0.39485E+09
  1.110   3.300    0.80399E-08   0.13391E-06   0.18534E-06  -0.37399E-05  -0.70978E-05   0.39338E+09
  1.179   3.400   -0.55858E-07   0.72525E-07  -0.62664E-07  -0.95777E-06   0.44826E-05   0.40119E+09
  1.249   3.500    0.92805E-08   0.29218E-07  -0.11228E-05  -0.88770E-06   0.14857E-04   0.40196E+09
  1.322   3.600   -0.46663E-07  -0.22386E-07  -0.23564E-06   0.78732E-06   0.37944E-06   0.39184E+09
  1.396   3.700   -0.80217E-07  -0.50129E-07  -0.31503E-06   0.15614E-05  -0.39097E-05   0.42312E+09
  1.472   3.800   -0.14361E-07   0.10498E-06   0.19214E-06  -0.11427E-05   0.17012E-04   0.36706E+09
  1.551   3.900    0.41493E-07   0.43823E-07   0.14000E-06  -0.22830E-05   0.22662E-04   0.24488E+09
  1.632   4.000    0.13789E-07   0.15876E-06  -0.16667E-06  -0.17959E-05   0.74757E-05   0.26761E+09
