  0.004   0.200   -0.88585E-09  -0.50886E-09   0.64537E+08   0.29104E-07  -0.12270E-06  -0.35128E-07
  0.009   0.300   -0.67848E-09  -0.60936E-10   0.59694E+08   0.24520E-07  -0.14319E-06  -0.38912E-07
  0.016   0.400   -0.83173E-09   0.68394E-09   0.51865E+08  -0.61715E-07  -0.22701E-06  -0.45431E-07
  0.025   0.500    0.37107E-09  -0.23738E-09   0.43929E+08   0.29249E-08  -0.21118E-06  -0.37340E-07
  0.037   0.600    0.80536E-09  -0.87402E-09   0.37087E+08   0.45213E-07  -0.20314E-06  -0.11409E-07
  0.050   0.700    0.54706E-09   0.38835E-09   0.31629E+08   0.18626E-07  -0.16589E-06  -0.18830E-07
  0.065   0.800   -0.17460E-08  -0.12287E-08   0.27816E+08  -0.52896E-07   0.22410E-07  -0.18626E-07
  0.083   0.900    0.37767E-09  -0.68212E-10   0.25513E+08   0.51703E-07  -0.16094E-07  -0.58644E-07
  0.102   1.000   -0.33148E-08   0.38081E-08   0.24186E+08   0.66473E-07  -0.25248E-06   0.95752E-08
  0.123   1.100   -0.16942E-08  -0.26986E-07   0.23352E+08  -0.12263E-06   0.63068E-07  -0.93598E-07
  0.147   1.200    0.39990E-08  -0.25577E-07   0.22800E+08  -0.39663E-06  -0.37561E-05  -0.37844E-06
  0.172   1.300    0.50313E-08  -0.64060E-08   0.22546E+08   0.14231E-05   0.36394E-06   0.47366E-07
  0.200   1.400   -0.14138E-08  -0.15132E-07   0.22466E+08  -0.38495E-06  -0.24153E-06  -0.25550E-06
  0.229   1.500    0.76735E-08  -0.98898E-08   0.22479E+08  -0.77511E-07  -0.20300E-07   0.12284E-05
  0.261   1.600    0.74939E-08   0.94963E-08   0.22566E+08   0.21132E-06   0.44110E-06  -0.94806E-07
  0.295   1.700    0.14577E-08  -0.82293E-08   0.22677E+08  -0.17074E-06   0.44945E-06   0.25042E-06
  0.330   1.800   -0.91723E-09  -0.49497E-08   0.22810E+08   0.16834E-06   0.28309E-06   0.33887E-06
  0.368   1.900   -0.17023E-07  -0.19134E-07   0.22938E+08   0.10996E-05  -0.85628E-06  -0.29015E-06
  0.408   2.000    0.22788E-07  -0.41343E-08   0.23050E+08   0.26320E-06   0.29727E-05   0.19434E-06
  0.450   2.100   -0.98237E-09  -0.37563E-07   0.23130E+08   0.14973E-05   0.22344E-06   0.78873E-06
  0.494   2.200   -0.61510E-07  -0.68414E-07   0.23180E+08   0.16602E-05  -0.13491E-05  -0.32227E-06
  0.539   2.300    0.19741E-07  -0.24154E-07   0.23214E+08  -0.60771E-06   0.71137E-06   0.11615E-06
  0.587   2.400    0.12611E-08  -0.30175E-07   0.23254E+08   0.52878E-06   0.17082E-05   0.65132E-06
  0.637   2.500   -0.43393E-07   0.19021E-07   0.23318E+08  -0.27476E-06  -0.99685E-06   0.15309E-06
  0.689   2.600    0.10124E-07  -0.37005E-07   0.23416E+08   0.95228E-06  -0.43094E-05   0.31319E-06
  0.743   2.700   -0.11165E-07   0.22516E-07   0.23558E+08  -0.75779E-08   0.83915E-06   0.30630E-06
  0.799   2.800    0.20076E-07  -0.10190E-08   0.23743E+08   0.90806E-06  -0.16996E-05  -0.47511E-06
  0.858   2.900   -0.84300E-08  -0.37003E-07   0.23930E+08   0.41154E-06  -0.51471E-06   0.58552E-06
  0.918   3.000    0.88649E-07   0.54513E-08   0.24095E+08  -0.27551E-05   0.61524E-06   0.15639E-05
  0.980   3.100   -0.95587E-08  -0.16705E-06   0.24298E+08   0.42717E-05   0.10383E-05   0.22343E-05
  1.044   3.200   -0.13008E-07  -0.55825E-07   0.24518E+08   0.11136E-05  -0.60751E-05  -0.95088E-06
  1.110   3.300    0.46598E-07  -0.32964E-07   0.24603E+08  -0.11431E-06   0.64140E-05  -0.35517E-06
  1.179   3.400    0.76311E-08  -0.23536E-07   0.24593E+08   0.26672E-06   0.12840E-05  -0.18118E-05
  1.249   3.500   -0.55678E-07  -0.15348E-07   0.17432E+08  -0.40918E-06  -0.34639E-04  -0.83897E-05
  1.322   3.600   -0.18668E-07  -0.27532E-07   0.25150E+08   0.17270E-06  -0.24515E-05   0.63298E-06
  1.396   3.700    0.13211E-07  -0.19523E-08   0.25004E+08  -0.20655E-07   0.26330E-05  -0.90453E-06
  1.472   3.800    0.36426E-07   0.86048E-07   0.25691E+08  -0.23050E-05  -0.44867E-05  -0.41327E-06
  1.551   3.900    0.23078E-07  -0.84312E-07   0.25190E+08   0.19815E-05   0.41268E-05   0.26190E-05
  1.632   4.000    0.38140E-07  -0.69201E-07   0.22540E+08   0.29840E-06  -0.20705E-05  -0.16057E-06
