  0.004   0.200    0.46214E+05  -0.20543E-10  -0.60277E-09  -0.58409E-09   0.11678E+08  -0.73835E-09
  0.009   0.300    0.68212E+06  -0.30657E-09   0.39358E-07   0.30137E-07   0.16671E+09  -0.21226E-08
  0.016   0.400    0.38504E+07   0.14542E-08  -0.65056E-08  -0.33497E-08   0.90444E+09  -0.28448E-07
  0.025   0.500    0.11460E+08   0.35984E-08   0.10130E-06  -0.30170E-07   0.25885E+10   0.76810E-07
  0.037   0.600    0.21560E+08   0.65842E-08   0.21586E-07   0.84216E-07   0.47330E+10  -0.20784E-06
  0.050   0.700    0.29977E+08  -0.14644E-08  -0.28490E-07  -0.39561E-07   0.65658E+10  -0.64661E-07
  0.065   0.800    0.34183E+08   0.15568E-07  -0.22760E-06  -0.79955E-07   0.78163E+10   0.70761E-06
  0.083   0.900    0.34583E+08   0.13463E-07  -0.14888E-06   0.24885E-06   0.84595E+10   0.17230E-05
  0.102   1.000    0.34706E+08   0.70100E-07  -0.29185E-06   0.63318E-06   0.84900E+10  -0.72934E-06
  0.123   1.100    0.35056E+08  -0.14068E-06  -0.13499E-05  -0.37549E-05   0.81420E+10  -0.10646E-04
  0.147   1.200    0.33023E+08  -0.14985E-06  -0.60191E-07   0.30203E-05   0.77712E+10  -0.87020E-05
  0.172   1.300    0.29582E+08   0.19255E-05  -0.85028E-06  -0.84633E-05   0.74093E+10   0.10304E-05
  0.200   1.400    0.25790E+08   0.96780E-06  -0.47208E-06  -0.24268E-04   0.69839E+10   0.49573E-05
  0.229   1.500    0.22029E+08   0.42424E-06  -0.71379E-06   0.15130E-04   0.66274E+10  -0.21240E-04
  0.261   1.600    0.18851E+08   0.20703E-06  -0.17896E-05  -0.38055E-05   0.62750E+10   0.11157E-04
  0.295   1.700    0.15984E+08   0.28538E-06  -0.12089E-05  -0.66492E-06   0.59566E+10   0.10040E-04
  0.330   1.800    0.13343E+08  -0.43393E-06   0.11639E-05   0.51593E-05   0.56646E+10   0.32427E-05
  0.368   1.900    0.10926E+08  -0.19937E-06  -0.14755E-05  -0.52971E-05   0.54130E+10   0.11977E-04
  0.408   2.000    0.90635E+07  -0.27849E-06   0.69720E-06   0.75419E-05   0.51875E+10  -0.29671E-06
  0.450   2.100    0.76851E+07  -0.27773E-06  -0.33606E-05   0.21330E-06   0.49943E+10  -0.47746E-05
  0.494   2.200    0.65732E+07  -0.25917E-06  -0.14353E-05  -0.73724E-05   0.48244E+10   0.27448E-04
  0.539   2.300    0.55070E+07   0.19082E-06   0.35098E-05   0.10424E-04   0.46899E+10   0.29517E-04
  0.587   2.400    0.45796E+07   0.61145E-06  -0.54555E-05  -0.23969E-04   0.45890E+10  -0.13145E-04
  0.637   2.500    0.39320E+07   0.60768E-06  -0.12071E-05  -0.43385E-05   0.45094E+10   0.59993E-05
  0.689   2.600    0.34638E+07  -0.64290E-06   0.95701E-06   0.63920E-05   0.44543E+10  -0.27380E-04
  0.743   2.700    0.30279E+07  -0.10874E-05  -0.95281E-05   0.27052E-04   0.44357E+10  -0.14366E-04
  0.799   2.800    0.26829E+07   0.20617E-05   0.36351E-05  -0.32881E-04   0.44310E+10  -0.29313E-04
  0.858   2.900    0.24497E+07   0.21428E-05   0.11933E-04  -0.31516E-04   0.44059E+10   0.12560E-03
  0.918   3.000    0.22063E+07  -0.95091E-05  -0.29776E-04  -0.18292E-04   0.44277E+10   0.65301E-04
  0.980   3.100    0.19896E+07   0.23628E-04   0.55404E-04  -0.57172E-03   0.45495E+10   0.21777E-03
  1.044   3.200    0.15817E+07  -0.34785E-05  -0.10748E-04   0.67402E-04   0.45570E+10  -0.18770E-03
  1.110   3.300    0.14736E+07   0.47689E-06   0.14469E-04  -0.83510E-04   0.44732E+10   0.10216E-03
  1.179   3.400    0.12867E+07  -0.24206E-06   0.28647E-05  -0.26503E-04   0.48652E+10  -0.93361E-04
  1.249   3.500   -0.19586E+07  -0.19998E-04  -0.46300E-04   0.48499E-03  -0.17651E+11  -0.19401E-03
  1.322   3.600    0.38341E+06  -0.33826E-05  -0.37848E-05  -0.57506E-05   0.42030E+10  -0.10898E-03
  1.396   3.700    0.13969E+07   0.16621E-05  -0.38003E-05  -0.77518E-04   0.55258E+10   0.16101E-04
  1.472   3.800    0.20972E+07   0.12485E-05   0.27065E-04  -0.10459E-03   0.70845E+10   0.33132E-03
  1.551   3.900    0.25949E+07   0.57471E-05  -0.19718E-04  -0.57850E-04   0.66285E+10   0.24210E-03
  1.632   4.000    0.31316E+07  -0.14443E-05   0.26321E-04  -0.42061E-05   0.67790E+10  -0.75114E-04
