  0.004   0.200    0.28111E-11  -0.23238E-10   0.25581E+07  -0.20950E-09   0.46850E-09   0.59580E-10
  0.009   0.300    0.57305E-11  -0.20144E-10   0.65037E+07  -0.43080E-08   0.33870E-08   0.78288E-09
  0.016   0.400    0.20123E-10  -0.15315E-09   0.10786E+08   0.42064E-08   0.13257E-07   0.40844E-08
  0.025   0.500    0.18827E-09  -0.66564E-10   0.14327E+08   0.26339E-08  -0.17244E-07   0.96584E-08
  0.037   0.600    0.58435E-10   0.30207E-09   0.16789E+08  -0.16880E-08  -0.33760E-08   0.67466E-08
  0.050   0.700    0.20646E-09  -0.98521E-09   0.18050E+08  -0.46130E-08   0.22165E-06   0.14632E-07
  0.065   0.800   -0.50545E-09   0.14188E-09   0.18207E+08  -0.65193E-08  -0.15716E-08   0.23741E-07
  0.083   0.900    0.17626E-08   0.24920E-09   0.17766E+08  -0.42244E-07  -0.38592E-06   0.32713E-07
  0.102   1.000   -0.23406E-08   0.11605E-08   0.17165E+08  -0.74855E-07  -0.83470E-07  -0.15629E-07
  0.123   1.100    0.40955E-08   0.48256E-07   0.16560E+08  -0.10521E-07  -0.50559E-06  -0.35710E-07
  0.147   1.200    0.30873E-08  -0.45279E-08   0.15850E+08  -0.61555E-08  -0.30100E-05  -0.87739E-06
  0.172   1.300    0.51409E-09  -0.18740E-08   0.15065E+08  -0.18996E-06  -0.68761E-06  -0.34814E-06
  0.200   1.400    0.32600E-08   0.19154E-07   0.14335E+08   0.15543E-05  -0.15754E-05   0.13174E-05
  0.229   1.500    0.25487E-08  -0.23147E-09   0.13612E+08  -0.23012E-05  -0.25579E-05   0.10170E-05
  0.261   1.600    0.13717E-07   0.61832E-08   0.12940E+08  -0.13923E-06   0.13423E-05   0.17854E-06
  0.295   1.700    0.31573E-07  -0.57285E-08   0.12317E+08  -0.40441E-06  -0.81019E-06   0.25917E-06
  0.330   1.800    0.30012E-07   0.72314E-08   0.11756E+08  -0.63235E-06   0.49768E-07   0.52340E-06
  0.368   1.900   -0.28765E-07   0.57889E-09   0.11255E+08   0.36607E-06   0.13906E-05  -0.33082E-06
  0.408   2.000   -0.28465E-07   0.32387E-07   0.10809E+08  -0.40579E-06   0.97271E-06   0.77832E-06
  0.450   2.100   -0.33005E-07  -0.71811E-07   0.10399E+08   0.18557E-05  -0.27253E-05   0.77934E-06
  0.494   2.200   -0.27306E-07  -0.97308E-07   0.10025E+08   0.24219E-05   0.18437E-05   0.25460E-06
  0.539   2.300   -0.35478E-07   0.98312E-08   0.96876E+07  -0.13461E-05   0.51191E-05  -0.75929E-06
  0.587   2.400   -0.49348E-08  -0.93237E-08   0.93876E+07  -0.43015E-07  -0.32620E-05  -0.10091E-05
  0.637   2.500   -0.31818E-09  -0.93693E-07   0.91221E+07   0.15033E-05  -0.17514E-05   0.12412E-05
  0.689   2.600   -0.57767E-07   0.10474E-06   0.89045E+07  -0.81027E-06   0.32487E-05  -0.49060E-06
  0.743   2.700   -0.27887E-08  -0.91013E-07   0.87484E+07   0.75299E-06  -0.46223E-05   0.29299E-05
  0.799   2.800   -0.18284E-07  -0.13899E-06   0.85864E+07   0.24634E-05  -0.93221E-05   0.32599E-05
  0.858   2.900   -0.77401E-08  -0.98765E-07   0.83595E+07   0.38220E-05   0.56022E-05   0.16781E-05
  0.918   3.000   -0.13415E-06   0.25284E-06   0.82473E+07  -0.76619E-05   0.13450E-05   0.11108E-04
  0.980   3.100   -0.37528E-06  -0.12378E-05   0.82905E+07   0.26938E-04   0.26272E-04  -0.13681E-04
  1.044   3.200    0.18402E-06   0.43372E-06   0.79849E+07  -0.70579E-05  -0.16185E-04   0.90662E-05
  1.110   3.300    0.11951E-06  -0.13984E-06   0.76011E+07   0.32661E-05  -0.20172E-04   0.75711E-05
  1.179   3.400    0.87795E-07   0.94930E-07   0.82480E+07  -0.78579E-06   0.27207E-05  -0.31290E-05
  1.249   3.500   -0.29227E-07  -0.18932E-06  -0.31481E+08   0.60754E-05  -0.13441E-03  -0.86412E-05
  1.322   3.600    0.88798E-07   0.35851E-06   0.56333E+07  -0.48454E-05  -0.17402E-04  -0.39242E-05
  1.396   3.700    0.31491E-07  -0.10888E-07   0.88187E+07  -0.55428E-05  -0.21586E-04  -0.18572E-05
  1.472   3.800   -0.74709E-07   0.16515E-06   0.10884E+08   0.64240E-05   0.59751E-05   0.38057E-05
  1.551   3.900   -0.61404E-07  -0.82976E-07   0.10286E+08   0.36652E-05  -0.16369E-04   0.10012E-05
  1.632   4.000    0.97281E-07   0.18543E-06   0.13625E+08  -0.56712E-05  -0.13050E-04   0.18535E-05
