  0.004   0.200   -0.84057E-11  -0.63602E+04  -0.43656E-08   0.18336E+06   0.48749E-09   0.18184E-09
  0.009   0.300    0.19838E-10  -0.10080E+06  -0.34401E-07   0.28931E+07   0.17142E-07  -0.10418E-08
  0.016   0.400   -0.35470E-10  -0.66168E+06   0.26339E-08   0.18877E+08   0.12538E-06   0.88357E-09
  0.025   0.500    0.27012E-09  -0.25260E+07   0.13795E-07   0.71530E+08  -0.16484E-06   0.11729E-07
  0.037   0.600    0.43110E-08  -0.63938E+07  -0.85391E-07   0.17950E+09   0.22445E-06   0.11991E-07
  0.050   0.700    0.56971E-08  -0.11631E+08  -0.46741E-07   0.32348E+09  -0.83819E-06   0.49826E-07
  0.065   0.800    0.78217E-09  -0.16590E+08  -0.11030E-07   0.45707E+09   0.60815E-06   0.19791E-08
  0.083   0.900    0.49477E-09  -0.20417E+08   0.50932E-07   0.55741E+09  -0.73574E-06   0.41397E-06
  0.102   1.000   -0.59663E-09  -0.23320E+08  -0.24913E-07   0.63087E+09  -0.26478E-05   0.60187E-06
  0.123   1.100   -0.13562E-07  -0.25434E+08   0.25259E-06   0.68168E+09   0.21625E-05   0.16741E-06
  0.147   1.200   -0.25211E-07  -0.26676E+08   0.13990E-06   0.70891E+09  -0.93784E-06   0.86683E-06
  0.172   1.300   -0.21668E-07  -0.27316E+08  -0.32717E-06   0.72002E+09  -0.55479E-05   0.18138E-06
  0.200   1.400    0.18548E-07  -0.27674E+08  -0.95024E-08   0.72328E+09  -0.99493E-05  -0.25760E-05
  0.229   1.500   -0.15352E-07  -0.27732E+08   0.57145E-07   0.71882E+09   0.16206E-04  -0.14128E-05
  0.261   1.600   -0.74977E-07  -0.27729E+08   0.53842E-07   0.71268E+09  -0.36862E-05  -0.21972E-05
  0.295   1.700    0.27067E-07  -0.27637E+08  -0.14980E-06   0.70506E+09  -0.51968E-06  -0.10445E-05
  0.330   1.800    0.29499E-07  -0.27503E+08   0.42346E-07   0.69709E+09   0.19800E-05  -0.10200E-05
  0.368   1.900    0.14273E-07  -0.27303E+08   0.34567E-06   0.68830E+09  -0.94436E-06  -0.20815E-05
  0.408   2.000    0.67430E-08  -0.27085E+08  -0.21506E-06   0.67957E+09   0.39544E-05  -0.29104E-07
  0.450   2.100   -0.77165E-07  -0.26851E+08   0.79855E-06   0.67080E+09  -0.78604E-06  -0.49826E-06
  0.494   2.200    0.18082E-07  -0.26631E+08   0.45003E-06   0.66268E+09   0.81770E-06   0.10920E-05
  0.539   2.300    0.43068E-07  -0.26410E+08  -0.59632E-06   0.65491E+09   0.26356E-05  -0.41113E-05
  0.587   2.400    0.63222E-07  -0.26217E+08   0.35168E-06   0.64830E+09  -0.34189E-05  -0.31893E-05
  0.637   2.500    0.22814E-06  -0.26112E+08   0.72390E-06   0.64427E+09   0.13093E-04   0.32629E-05
  0.689   2.600    0.69083E-07  -0.26079E+08   0.69183E-06   0.64240E+09  -0.87069E-05   0.11483E-05
  0.743   2.700   -0.49283E-07  -0.26062E+08   0.91630E-06   0.64132E+09   0.55227E-06   0.78604E-06
  0.799   2.800    0.76047E-07  -0.26190E+08  -0.57384E-06   0.64399E+09  -0.62715E-05   0.13583E-04
  0.858   2.900   -0.41225E-07  -0.26644E+08  -0.13984E-06   0.65463E+09  -0.10645E-04  -0.48489E-05
  0.918   3.000   -0.33320E-06  -0.27079E+08  -0.13665E-05   0.66473E+09  -0.15367E-04   0.19469E-04
  0.980   3.100   -0.39386E-06  -0.27206E+08  -0.49432E-05   0.66748E+09  -0.29255E-04   0.86944E-05
  1.044   3.200    0.22641E-06  -0.28118E+08  -0.89293E-06   0.68969E+09   0.11353E-05   0.23420E-04
  1.110   3.300    0.16342E-06  -0.29917E+08  -0.15188E-05   0.73273E+09  -0.15833E-04   0.10122E-04
  1.179   3.400    0.18474E-06  -0.30627E+08   0.10130E-05   0.74843E+09  -0.31379E-04  -0.16084E-05
  1.249   3.500    0.71743E-07  -0.31907E+08  -0.57687E-07   0.77939E+09   0.79280E-04  -0.13798E-05
  1.322   3.600   -0.58048E-07  -0.37194E+08   0.17273E-05   0.90629E+09   0.13730E-04  -0.76215E-05
  1.396   3.700   -0.30602E-06  -0.35675E+08  -0.31482E-05   0.86708E+09  -0.22926E-04  -0.29460E-04
  1.472   3.800    0.54604E-06  -0.36317E+08   0.13142E-05   0.88889E+09  -0.50935E-04   0.18551E-04
  1.551   3.900    0.72567E-06  -0.51135E+08  -0.13853E-05   0.12489E+10   0.11904E-03  -0.16211E-04
  1.632   4.000    0.62581E-07  -0.48353E+08   0.30572E-05   0.11808E+10   0.74264E-04  -0.16233E-04
