  0.004   0.200   -0.43094E-11  -0.37677E-10   0.20773E-08  -0.34906E-08   0.43656E-10   0.35115E+03
  0.009   0.300    0.62300E-10   0.36550E-10   0.16007E-08  -0.26957E-08  -0.24360E-07   0.28315E+05
  0.016   0.400    0.12733E-09  -0.89130E-09  -0.81025E-07   0.11212E-07  -0.44121E-07   0.59367E+06
  0.025   0.500   -0.65029E-09   0.67212E-09  -0.91299E-07  -0.17651E-07  -0.28615E-06   0.56614E+07
  0.037   0.600    0.91677E-09   0.10259E-08  -0.90513E-08  -0.17462E-08  -0.13923E-05   0.30562E+08
  0.050   0.700    0.31505E-08   0.10645E-07  -0.26892E-07  -0.20885E-06   0.20722E-05   0.10183E+09
  0.065   0.800    0.81054E-08   0.84510E-08  -0.47148E-08  -0.17555E-06   0.25928E-05   0.22218E+09
  0.083   0.900    0.56389E-08  -0.15778E-07  -0.38854E-07   0.83819E-08  -0.22911E-06   0.34720E+09
  0.102   1.000    0.17244E-08   0.20642E-07   0.79774E-07  -0.47614E-06  -0.94064E-06   0.43191E+09
  0.123   1.100    0.39072E-07   0.28442E-07  -0.10192E-06   0.11923E-05  -0.17049E-04   0.48007E+09
  0.147   1.200    0.38235E-07   0.99681E-09  -0.87632E-07  -0.33947E-06   0.57267E-05   0.52499E+09
  0.172   1.300    0.28136E-07   0.22259E-06   0.66574E-06   0.54229E-05  -0.41034E-05   0.56475E+09
  0.200   1.400   -0.11045E-07  -0.39698E-07  -0.16304E-06   0.10451E-05   0.60494E-05   0.59404E+09
  0.229   1.500    0.59554E-07   0.24083E-08   0.10313E-06  -0.88674E-06  -0.25318E-05   0.63771E+09
  0.261   1.600    0.36300E-07   0.12973E-07   0.10461E-06   0.25611E-06  -0.66422E-05   0.66888E+09
  0.295   1.700    0.98225E-08  -0.16509E-07  -0.76368E-07   0.18068E-06  -0.79023E-06   0.68922E+09
  0.330   1.800   -0.98225E-08   0.54511E-07   0.73851E-07  -0.93179E-06  -0.80373E-06   0.69203E+09
  0.368   1.900   -0.83965E-08   0.22446E-07  -0.11787E-06   0.44832E-06   0.46059E-05   0.68906E+09
  0.408   2.000   -0.86919E-07   0.25102E-08  -0.15456E-06  -0.20280E-06   0.77044E-05   0.68738E+09
  0.450   2.100    0.76201E-07  -0.64174E-08   0.61002E-07   0.37171E-06   0.21816E-05   0.69434E+09
  0.494   2.200   -0.39276E-07   0.57873E-07  -0.41618E-08  -0.72212E-06  -0.10710E-06   0.70025E+09
  0.539   2.300    0.89785E-08   0.10979E-07   0.24942E-07   0.56613E-06  -0.35390E-06   0.70121E+09
  0.587   2.400    0.21755E-07  -0.41364E-08   0.81731E-07  -0.30873E-06   0.48522E-05   0.70122E+09
  0.637   2.500   -0.13970E-08  -0.43336E-07   0.31815E-06   0.17751E-05  -0.20009E-05   0.70669E+09
  0.689   2.600   -0.10918E-06   0.50415E-07  -0.15600E-06  -0.15564E-05  -0.17723E-05   0.71636E+09
  0.743   2.700   -0.24578E-07  -0.26790E-07  -0.14617E-06   0.49459E-06   0.36848E-05   0.72362E+09
  0.799   2.800   -0.14801E-06  -0.30530E-06  -0.45598E-06   0.46567E-05  -0.11438E-04   0.73202E+09
  0.858   2.900    0.78398E-07   0.49964E-07   0.43191E-06  -0.18586E-06  -0.46729E-06   0.75150E+09
  0.918   3.000   -0.42419E-07  -0.10361E-06  -0.15017E-06  -0.24561E-06   0.22859E-04   0.77231E+09
  0.980   3.100   -0.29424E-07   0.80201E-06   0.29110E-05  -0.17466E-04  -0.29092E-04   0.78063E+09
  1.044   3.200   -0.20229E-06  -0.44594E-07  -0.25719E-06   0.12778E-05  -0.70450E-05   0.80480E+09
  1.110   3.300   -0.80196E-07   0.38584E-06   0.10394E-05  -0.99839E-05   0.16836E-04   0.85101E+09
  1.179   3.400    0.15812E-06  -0.22940E-06  -0.18080E-06   0.74418E-05   0.17381E-04   0.87724E+09
  1.249   3.500    0.29766E-07   0.16562E-08  -0.35916E-06   0.16505E-05   0.70457E-04   0.91173E+09
  1.322   3.600    0.12522E-07   0.39072E-06  -0.76610E-06  -0.60162E-05  -0.11629E-05   0.96826E+09
  1.396   3.700   -0.78879E-07   0.30803E-07  -0.62573E-09   0.11851E-05  -0.15548E-04   0.96797E+09
  1.472   3.800    0.21941E-06  -0.29187E-06  -0.16529E-05  -0.23157E-05   0.10806E-04   0.10808E+10
  1.551   3.900    0.29213E-07   0.13191E-07   0.52778E-06   0.14511E-05   0.53174E-05   0.12918E+10
  1.632   4.000    0.45480E-06   0.16915E-06  -0.80057E-06   0.35220E-05   0.75397E-04   0.12375E+10
