  0.004   0.200  -0.411930E-08 -0.337468E-07
  0.009   0.300  -0.491170E-08  0.276873E-07
  0.016   0.400  -0.206023E-07  0.170598E-07
  0.025   0.500   0.232475E-07  0.485780E-07
  0.037   0.600   0.305015E-07 -0.256029E-07
  0.050   0.700   0.297732E-08 -0.166378E-07
  0.065   0.800  -0.252285E-07  0.204683E-07
  0.083   0.900  -0.110284E-08  0.103696E-07
  0.102   1.000  -0.516952E-07  0.231674E-07
  0.123   1.100  -0.181057E-07  0.511821E-07
  0.147   1.200   0.788756E-07  0.396956E-07
  0.172   1.300  -0.812684E-07 -0.324941E-07
  0.200   1.400  -0.531940E-07  0.147534E-06
  0.229   1.500  -0.208076E-06 -0.103691E-06
  0.261   1.600  -0.198461E-06 -0.132297E-06
  0.295   1.700  -0.328442E-07 -0.829046E-07
  0.330   1.800  -0.999797E-07 -0.844908E-08
  0.368   1.900  -0.574321E-07  0.397111E-07
  0.408   2.000   0.118142E-06 -0.673556E-07
  0.450   2.100  -0.889887E-07 -0.221727E-06
  0.494   2.200  -0.244671E-06  0.235851E-06
  0.539   2.300  -0.470964E-06  0.144411E-06
  0.587   2.400  -0.141708E-06  0.369688E-07
  0.637   2.500  -0.233586E-06  0.112685E-06
  0.689   2.600   0.127179E-06  0.287899E-06
  0.743   2.700   0.452249E-06  0.954209E-08
  0.799   2.800   0.866843E-06  0.101064E-05
  0.858   2.900   0.269862E-06 -0.130844E-06
  0.918   3.000   0.292055E-06 -0.139698E-05
  0.980   3.100  -0.701099E-05  0.376332E-05
  1.044   3.200   0.196497E-06  0.170147E-06
  1.110   3.300   0.130105E-05  0.215898E-06
  1.179   3.400  -0.355485E-06  0.120007E-05
  1.249   3.500  -0.132037E-05  0.148524E-05
  1.322   3.600  -0.102870E-05 -0.143018E-05
  1.396   3.700  -0.121015E-05  0.116668E-05
  1.472   3.800   0.304489E-06  0.109106E-05
  1.551   3.900  -0.242215E-06  0.524431E-06
  1.632   4.000  -0.716331E-06  0.167989E-05
