  0.004   0.200  -0.742417E+08 -0.255847E+02
  0.009   0.300  -0.152244E+09  0.243344E+06
  0.016   0.400  -0.228475E+09  0.411717E+07
  0.025   0.500  -0.270786E+09  0.241416E+08
  0.037   0.600  -0.260729E+09  0.707042E+08
  0.050   0.700  -0.198633E+09  0.126447E+09
  0.065   0.800  -0.976769E+08  0.151270E+09
  0.083   0.900   0.103166E+08  0.114539E+09
  0.102   1.000   0.755663E+08  0.268026E+08
  0.123   1.100   0.630080E+08 -0.572859E+08
  0.147   1.200  -0.405965E+07 -0.732204E+08
  0.172   1.300  -0.521185E+08 -0.141156E+08
  0.200   1.400  -0.290962E+08  0.451292E+08
  0.229   1.500   0.253090E+08  0.317811E+08
  0.261   1.600   0.290104E+08 -0.223471E+08
  0.295   1.700  -0.138465E+08 -0.262043E+08
  0.330   1.800  -0.206537E+08  0.155445E+08
  0.368   1.900   0.128362E+08  0.156814E+08
  0.408   2.000   0.100859E+08 -0.155491E+08
  0.450   2.100  -0.136435E+08 -0.352776E+07
  0.494   2.200   0.124974E+07  0.130032E+08
  0.539   2.300   0.843169E+07 -0.706565E+07
  0.587   2.400  -0.800552E+07 -0.259354E+07
  0.637   2.500   0.233788E+07  0.736224E+07
  0.689   2.600   0.285213E+07 -0.648138E+07
  0.743   2.700  -0.491352E+07  0.283400E+07
  0.799   2.800   0.435311E+07  0.577783E+06
  0.858   2.900  -0.262086E+07 -0.269203E+07
  0.918   3.000   0.683630E+06  0.338014E+07
  0.980   3.100   0.104976E+07 -0.316515E+07
  1.044   3.200  -0.217430E+07  0.155942E+07
  1.110   3.300   0.162996E+07 -0.161316E+07
  1.179   3.400  -0.118167E+08 -0.489037E+06
  1.249   3.500   0.110072E+08  0.306420E+07
  1.322   3.600  -0.125781E+08 -0.946014E+07
  1.396   3.700  -0.335321E+07 -0.614494E+06
  1.472   3.800  -0.600565E+07 -0.229492E+07
  1.551   3.900   0.419463E+07  0.941462E+07
  1.632   4.000   0.122121E+07 -0.255158E+07
