  2.000000E-01  0.000000E+00     1  7.213794E-08 -3.621225E-01  7.213650E-08 -4.559253E-10
  2.000000E-01  0.000000E+00     2  4.870647E-21  8.861143E+01  1.180292E-22  4.869216E-21
  2.000000E-01  0.000000E+00     3  5.496016E-08  9.031962E+01 -3.065917E-10  5.495931E-08
  2.000000E-01  0.000000E+00     4  2.413592E-24  8.995953E+01  1.704703E-27  2.413591E-24
  2.000000E-01  0.000000E+00     5  1.208190E-11  1.145736E+02 -5.024392E-12  1.098762E-11
  2.000000E-01  0.000000E+00     6  1.097863E-23 -9.647956E+01 -1.238924E-24 -1.090850E-23
  3.000000E-01  0.000000E+00     1  7.129940E-08 -3.920289E-01  7.129773E-08 -4.878405E-10
  3.000000E-01  0.000000E+00     2  4.242674E-22 -9.960980E+01 -7.082611E-23 -4.183138E-22
  3.000000E-01  0.000000E+00     3  5.469232E-08  9.072350E+01 -6.906046E-10  5.468795E-08
  3.000000E-01  0.000000E+00     4  4.019379E-24 -9.403079E+01 -2.825323E-25 -4.009437E-24
  3.000000E-01  0.000000E+00     5  1.581206E-11  1.353994E+02 -1.125848E-11  1.110261E-11
  3.000000E-01  0.000000E+00     6  6.861447E-24 -9.108854E+01 -1.303497E-25 -6.860209E-24
  4.000000E-01  0.000000E+00     1  6.956222E-08 -4.384973E-01  6.956018E-08 -5.323698E-10
  4.000000E-01  0.000000E+00     2  3.139342E-22 -4.944660E+01  2.041063E-22 -2.385273E-22
  4.000000E-01  0.000000E+00     3  5.398562E-08  9.130647E+01 -1.230882E-09  5.397159E-08
  4.000000E-01  0.000000E+00     4  6.950154E-25 -3.523567E+01  5.676787E-25 -4.009828E-25
  4.000000E-01  0.000000E+00     5  2.277767E-11  1.505036E+02 -1.982537E-11  1.121502E-11
  4.000000E-01  0.000000E+00     6  2.725913E-24 -9.439654E+01 -2.089653E-25 -2.717892E-24
  5.000000E-01  0.000000E+00     1  6.641139E-08 -4.951087E-01  6.640891E-08 -5.738720E-10
  5.000000E-01  0.000000E+00     2  3.492266E-22 -3.530898E+01  2.849853E-22 -2.018479E-22
  5.000000E-01  0.000000E+00     3  5.253230E-08  9.209697E+01 -1.922202E-09  5.249712E-08
  5.000000E-01  0.000000E+00     4  2.748250E-24 -6.467015E+01  1.175781E-24 -2.484033E-24
  5.000000E-01  0.000000E+00     5  3.242292E-11  1.596484E+02 -3.039896E-11  1.127605E-11
  5.000000E-01  0.000000E+00     6  1.322879E-24 -9.201466E+01 -4.650605E-26 -1.322062E-24
  6.000000E-01  0.000000E+00     1  6.130236E-08 -5.352155E-01  6.129968E-08 -5.726337E-10
  6.000000E-01  0.000000E+00     2  1.589141E-22  1.669541E+01  1.522152E-22  4.565344E-23
  6.000000E-01  0.000000E+00     3  4.997879E-08  9.313094E+01 -2.729745E-09  4.990419E-08
  6.000000E-01  0.000000E+00     4  2.308818E-24  6.861529E+01  8.418603E-25  2.149863E-24
  6.000000E-01  0.000000E+00     5  4.380119E-11  1.651658E+02 -4.234133E-11  1.121411E-11
  6.000000E-01  0.000000E+00     6  4.104894E-25 -1.454469E+02 -3.380796E-25 -2.328170E-25
  7.000000E-01  0.000000E+00     1  5.381238E-08 -5.060660E-01  5.381028E-08 -4.752926E-10
  7.000000E-01  0.000000E+00     2  3.904716E-22  5.049031E+01  2.484215E-22  3.012555E-22
  7.000000E-01  0.000000E+00     3  4.594554E-08  9.446167E+01 -3.574204E-09  4.580630E-08
  7.000000E-01  0.000000E+00     4  1.862949E-24  3.313883E+01  1.559938E-24  1.018418E-24
  7.000000E-01  0.000000E+00     5  5.568181E-11  1.686953E+02 -5.460150E-11  1.091515E-11
  7.000000E-01  0.000000E+00     6  7.292691E-25 -1.450913E+02 -5.980480E-25 -4.173391E-25
  8.000000E-01  0.000000E+00     1  4.383308E-08 -3.477428E-01  4.383227E-08 -2.660325E-10
  8.000000E-01  0.000000E+00     2  2.292208E-22  1.905258E+01  2.166639E-22  7.482586E-23
  8.000000E-01  0.000000E+00     3  4.007316E-08  9.627972E+01 -4.383300E-09  3.983271E-08
  8.000000E-01  0.000000E+00     4  2.690597E-24 -2.153454E+01  2.502784E-24 -9.876162E-25
  8.000000E-01  0.000000E+00     5  6.649620E-11  1.711579E+02 -6.570595E-11  1.022123E-11
  8.000000E-01  0.000000E+00     6  6.618379E-25 -7.775716E+01  1.403464E-25 -6.467861E-25
  9.000000E-01  0.000000E+00     1  3.172573E-08 -5.754939E-02  3.172572E-08 -3.186616E-11
  9.000000E-01  0.000000E+00     2  2.009012E-23  4.062128E+01  1.524900E-23  1.307980E-23
  9.000000E-01  0.000000E+00     3  3.223924E-08  9.930308E+01 -5.211694E-09  3.181520E-08
  9.000000E-01  0.000000E+00     4  2.573689E-25 -1.268214E+02 -1.542471E-25 -2.060257E-25
  9.000000E-01  0.000000E+00     5  7.441426E-11  1.730215E+02 -7.386298E-11  9.041141E-12
  9.000000E-01  0.000000E+00     6  2.415718E-25 -1.073476E+02 -7.202890E-26 -2.305836E-25
  1.000000E+00  0.000000E+00     1  1.838409E-08  2.414345E-01  1.838393E-08  7.746715E-11
  1.000000E+00  0.000000E+00     2  7.919019E-23  1.168369E+01  7.754940E-23  1.603669E-23
  1.000000E+00  0.000000E+00     3  2.301601E-08  1.055898E+02 -6.185514E-09  2.216926E-08
  1.000000E+00  0.000000E+00     4  7.536444E-25 -5.818971E+01  3.972523E-25 -6.404455E-25
  1.000000E+00  0.000000E+00     5  7.736761E-11  1.743962E+02 -7.699786E-11  7.554918E-12
  1.000000E+00  0.000000E+00     6  2.721813E-25 -9.552394E+01 -2.620064E-26 -2.709173E-25
  1.100000E+00  0.000000E+00     1  5.328778E-09  4.203396E-01  5.328635E-09  3.909322E-11
  1.100000E+00  0.000000E+00     2  9.380870E-23 -3.735908E+01  7.456368E-23 -5.692390E-23
  1.100000E+00  0.000000E+00     3  1.392987E-08  1.204952E+02 -7.068935E-09  1.200297E-08
  1.100000E+00  0.000000E+00     4  1.376133E-24 -5.221998E+01  8.430626E-25 -1.087653E-24
  1.100000E+00  0.000000E+00     5  7.292571E-11  1.753454E+02 -7.268520E-11  5.917845E-12
  1.100000E+00  0.000000E+00     6  1.428148E-25 -4.899546E+01  9.370350E-26 -1.077763E-25
  1.200000E+00  0.000000E+00     1  5.190633E-09 -1.786243E+02 -5.189137E-09 -1.246137E-10
  1.200000E+00  0.000000E+00     2  1.268669E-22 -2.487973E+01  1.150928E-22 -5.337481E-23
  1.200000E+00  0.000000E+00     3  7.545290E-09  1.607723E+02 -7.124392E-09  2.484842E-09
  1.200000E+00  0.000000E+00     4  2.124050E-24 -3.675020E+01  1.701899E-24 -1.270877E-24
  1.200000E+00  0.000000E+00     5  5.932984E-11  1.769142E+02 -5.924381E-11  3.193817E-12
  1.200000E+00  0.000000E+00     6  3.373034E-25  1.316559E+02 -2.241906E-25  2.520162E-25
  1.300000E+00  0.000000E+00     1  1.100027E-08 -1.759076E+02 -1.097222E-08 -7.850349E-10
  1.300000E+00  0.000000E+00     2  1.804674E-23 -1.799621E+01  1.716383E-23 -5.575611E-24
  1.300000E+00  0.000000E+00     3  8.197824E-09 -1.362210E+02 -5.918941E-09 -5.671900E-09
  1.300000E+00  0.000000E+00     4  2.863625E-25 -1.688094E+00  2.862382E-25 -8.435821E-27
  1.300000E+00  0.000000E+00     5  3.836729E-11 -1.771091E+02 -3.831846E-11 -1.935013E-12
  1.300000E+00  0.000000E+00     6  6.359979E-26  6.345417E+00  6.321015E-26  7.029186E-27
  1.400000E+00  0.000000E+00     1  1.158212E-08 -1.692408E+02 -1.137851E-08 -2.162177E-09
  1.400000E+00  0.000000E+00     2  3.452371E-23 -5.916834E+01  1.769400E-23 -2.964471E-23
  1.400000E+00  0.000000E+00     3  1.240622E-08 -1.089877E+02 -4.036545E-09 -1.173118E-08
  1.400000E+00  0.000000E+00     4  4.998245E-25 -6.733099E+01  1.926358E-25 -4.612114E-25
  1.400000E+00  0.000000E+00     5  1.660567E-11 -1.498175E+02 -1.435441E-11 -8.348609E-12
  1.400000E+00  0.000000E+00     6  1.878962E-26  9.033628E+01 -1.102781E-28  1.878929E-26
  1.500000E+00  0.000000E+00     1  8.150342E-09 -1.556013E+02 -7.422462E-09 -3.366768E-09
  1.500000E+00  0.000000E+00     2  1.743189E-23 -1.774429E+01  1.660258E-23 -5.312704E-24
  1.500000E+00  0.000000E+00     3  1.446802E-08 -9.956623E+01 -2.404405E-09 -1.426683E-08
  1.500000E+00  0.000000E+00     4  4.049420E-25 -2.725339E+01  3.599894E-25 -1.854337E-25
  1.500000E+00  0.000000E+00     5  1.649440E-11 -5.616062E+01  9.185184E-12 -1.370028E-11
  1.500000E+00  0.000000E+00     6  2.359561E-26  3.322731E+01  1.973781E-26  1.292950E-26
  1.600000E+00  0.000000E+00     1  3.317189E-09 -1.056702E+02 -8.959727E-10 -3.193897E-09
  1.600000E+00  0.000000E+00     2  1.868650E-23  1.394524E+02 -1.419924E-23  1.214771E-23
  1.600000E+00  0.000000E+00     3  1.247841E-08 -9.321808E+01 -7.004957E-10 -1.245874E-08
  1.600000E+00  0.000000E+00     4  1.202689E-25 -1.057334E+02 -3.261239E-26 -1.157629E-25
  1.600000E+00  0.000000E+00     5  3.544919E-11 -3.428137E+01  2.929101E-11 -1.996702E-11
  1.600000E+00  0.000000E+00     6  1.112631E-25 -1.282347E+01  1.084881E-25 -2.469462E-26
  1.700000E+00  0.000000E+00     1  5.756705E-09 -1.935185E+01  5.431459E-09 -1.907589E-09
  1.700000E+00  0.000000E+00     2  3.442918E-23 -1.469425E+02 -2.885591E-23 -1.878043E-23
  1.700000E+00  0.000000E+00     3  7.373961E-09 -8.473974E+01  6.760447E-10 -7.342906E-09
  1.700000E+00  0.000000E+00     4  1.336275E-24 -1.308717E+02 -8.744141E-25 -1.010460E-24
  1.700000E+00  0.000000E+00     5  4.519192E-11 -4.212941E+01  3.351576E-11 -3.031507E-11
  1.700000E+00  0.000000E+00     6  1.265232E-25  1.682565E+02 -1.238749E-25  2.575142E-26
  1.800000E+00  0.000000E+00     1  7.624082E-09  1.052456E-02  7.624082E-09  1.400455E-12
  1.800000E+00  0.000000E+00     2  4.320927E-23  2.440403E+01  3.934872E-23  1.785271E-23
  1.800000E+00  0.000000E+00     3  5.072947E-09  9.757093E+00  4.999567E-09  8.597200E-10
  1.800000E+00  0.000000E+00     4  1.621334E-24  2.653456E+01  1.450551E-24  7.243107E-25
  1.800000E+00  0.000000E+00     5  3.053145E-11 -6.190978E+01  1.437608E-11 -2.693507E-11
  1.800000E+00  0.000000E+00     6  1.095194E-25  5.671871E+00  1.089832E-25  1.082393E-26
  1.900000E+00  0.000000E+00     1  5.528998E-09  2.576409E+01  4.979368E-09  2.403272E-09
  1.900000E+00  0.000000E+00     2  2.019979E-23 -6.450024E+01  8.696154E-24 -1.823207E-23
  1.900000E+00  0.000000E+00     3  1.047915E-08 -1.085075E+01  1.029179E-08 -1.972715E-09
  1.900000E+00  0.000000E+00     4  9.895297E-25 -9.367882E+01 -6.349156E-26 -9.874907E-25
  1.900000E+00  0.000000E+00     5  1.112015E-12  7.107994E+01  3.605693E-13  1.051935E-12
  1.900000E+00  0.000000E+00     6  1.935988E-26 -1.359986E+01  1.881706E-26 -4.552277E-27
  2.000000E+00  0.000000E+00     1  3.383937E-09  8.850562E+01  8.824940E-11  3.382786E-09
  2.000000E+00  0.000000E+00     2  2.056882E-23  1.622665E+02 -1.959146E-23  6.265061E-24
  2.000000E+00  0.000000E+00     3  4.089069E-09 -5.099936E+01  2.573370E-09 -3.177774E-09
  2.000000E+00  0.000000E+00     4  9.325549E-25  1.663348E+02 -9.061569E-25  2.203139E-25
  2.000000E+00  0.000000E+00     5  1.603032E-11  5.431795E+01  9.350276E-12  1.302089E-11
  2.000000E+00  0.000000E+00     6  1.579097E-25  1.377882E+02 -1.169584E-25  1.060952E-25
  2.100000E+00  0.000000E+00     1  4.510906E-09  1.563294E+02 -4.131398E-09  1.811027E-09
  2.100000E+00  0.000000E+00     2  1.063076E-24 -4.787671E+01  7.130347E-25 -7.884866E-25
  2.100000E+00  0.000000E+00     3  1.186538E-09  1.603042E+02 -1.117120E-09  3.998955E-10
  2.100000E+00  0.000000E+00     4  4.328871E-25 -1.196495E+02 -2.141462E-25 -3.762083E-25
  2.100000E+00  0.000000E+00     5  1.115398E-11  3.516916E+01  9.117874E-12  6.424604E-12
  2.100000E+00  0.000000E+00     6  9.629065E-26 -1.608016E+01  9.252329E-26 -2.667078E-26
  2.200000E+00  0.000000E+00     1  4.683216E-09 -1.712891E+02 -4.629196E-09 -7.092647E-10
  2.200000E+00  0.000000E+00     2  1.836949E-23  1.322986E+02 -1.236256E-23  1.358695E-23
  2.200000E+00  0.000000E+00     3  2.149815E-09  1.277912E+02 -1.317375E-09  1.698890E-09
  2.200000E+00  0.000000E+00     4  1.027175E-24  1.330012E+02 -7.005474E-25  7.512135E-25
  2.200000E+00  0.000000E+00     5  2.006354E-12  3.564407E+00  2.002473E-12  1.247361E-13
  2.200000E+00  0.000000E+00     6  7.677363E-26 -1.504592E+02 -6.679340E-26 -3.785276E-26
  2.300000E+00  0.000000E+00     1  2.773045E-09 -1.163058E+02 -1.228910E-09 -2.485872E-09
  2.300000E+00  0.000000E+00     2  6.948801E-24 -9.705981E+01 -8.540450E-25 -6.896118E-24
  2.300000E+00  0.000000E+00     3  1.017163E-09  1.036215E+02 -2.395481E-10  9.885530E-10
  2.300000E+00  0.000000E+00     4  4.157826E-25  4.166794E+01  3.105939E-25  2.764174E-25
  2.300000E+00  0.000000E+00     5  3.042204E-12 -1.456571E+02 -2.511874E-12 -1.716244E-12
  2.300000E+00  0.000000E+00     6  4.592520E-26  5.476258E+01  2.649727E-26  3.751024E-26
  2.400000E+00  0.000000E+00     1  3.416985E-09 -3.407898E+01  2.830173E-09 -1.914657E-09
  2.400000E+00  0.000000E+00     2  2.255480E-23 -1.113718E+02 -8.219372E-24 -2.100383E-23
  2.400000E+00  0.000000E+00     3  3.288997E-10 -2.706414E+01  2.928844E-10 -1.496453E-10
  2.400000E+00  0.000000E+00     4  7.226030E-25  1.004518E+02 -1.310867E-25  7.106134E-25
  2.400000E+00  0.000000E+00     5  3.275014E-12 -1.673029E+02 -3.194926E-12 -7.198361E-13
  2.400000E+00  0.000000E+00     6  6.918928E-26  8.667310E+01  4.015243E-27  6.907268E-26
  2.500000E+00  0.000000E+00     1  3.464536E-09  3.114656E+00  3.459418E-09  1.882429E-10
  2.500000E+00  0.000000E+00     2  3.067841E-23 -1.018595E+02 -6.304812E-24 -3.002356E-23
  2.500000E+00  0.000000E+00     3  6.756279E-10 -6.369699E+01  2.993831E-10 -6.056755E-10
  2.500000E+00  0.000000E+00     4  6.418885E-25 -1.667942E+02 -6.249142E-25 -1.466395E-25
  2.500000E+00  0.000000E+00     5  8.569780E-13  1.505189E+02 -7.460146E-13  4.217506E-13
  2.500000E+00  0.000000E+00     6  4.783001E-26  1.629819E+02 -4.573566E-26  1.399855E-26
  2.600000E+00  0.000000E+00     1  2.060702E-09  7.444256E+01  5.526892E-10  1.985202E-09
  2.600000E+00  0.000000E+00     2  8.236218E-24  1.563238E+02 -7.542971E-24  3.307396E-24
  2.600000E+00  0.000000E+00     3  2.821080E-10 -1.001562E+02 -4.974488E-11 -2.776875E-10
  2.600000E+00  0.000000E+00     4  4.103077E-25  9.024135E+01 -1.728379E-27  4.103040E-25
  2.600000E+00  0.000000E+00     5  1.171611E-12  2.737903E+01  1.040371E-12  5.387941E-13
  2.600000E+00  0.000000E+00     6  1.057647E-26  5.456473E+01  6.132057E-27  8.617402E-27
  2.700000E+00  0.000000E+00     1  2.914989E-09  1.483540E+02 -2.481547E-09  1.529406E-09
  2.700000E+00  0.000000E+00     2  1.808236E-23 -1.414723E+02 -1.414595E-23 -1.126338E-23
  2.700000E+00  0.000000E+00     3  1.954832E-10  1.418054E+02 -1.536332E-10  1.208739E-10
  2.700000E+00  0.000000E+00     4  8.728448E-25 -1.514820E+02 -7.669401E-25 -4.167265E-25
  2.700000E+00  0.000000E+00     5  1.172327E-12 -9.667110E+00  1.155680E-12 -1.968613E-13
  2.700000E+00  0.000000E+00     6  3.561754E-26 -1.270779E+02 -2.147381E-26 -2.841627E-26
  2.800000E+00  0.000000E+00     1  2.126985E-09 -1.618082E+02 -2.020671E-09 -6.640440E-10
  2.800000E+00  0.000000E+00     2  1.188764E-23 -1.087213E+02 -3.815519E-24 -1.125867E-23
  2.800000E+00  0.000000E+00     3  2.594236E-10  9.629223E+01 -2.843268E-11  2.578608E-10
  2.800000E+00  0.000000E+00     4  1.109665E-25 -1.519931E+02 -9.797136E-26 -5.210735E-26
  2.800000E+00  0.000000E+00     5  3.194089E-13 -7.063930E+01  1.058885E-13 -3.013464E-13
  2.800000E+00  0.000000E+00     6  4.324083E-26  8.310540E+01  5.190769E-27  4.292814E-26
  2.900000E+00  0.000000E+00     1  1.869047E-09 -6.661588E+01  7.418127E-10 -1.715533E-09
  2.900000E+00  0.000000E+00     2  4.727962E-24  5.597857E+01  2.645309E-24  3.918669E-24
  2.900000E+00  0.000000E+00     3  8.774620E-11  4.149792E+01  6.572013E-11  5.814000E-11
  2.900000E+00  0.000000E+00     4  1.882336E-25  1.595375E+02 -1.763563E-25  6.580550E-26
  2.900000E+00  0.000000E+00     5  6.907850E-13 -1.795443E+02 -6.907632E-13 -5.493605E-15
  2.900000E+00  0.000000E+00     6  1.685860E-26  1.538106E+02 -1.512789E-26  7.440385E-27
  3.000000E+00  0.000000E+00     1  1.975038E-09 -1.171748E+01  1.933880E-09 -4.011025E-10
  3.000000E+00  0.000000E+00     2  3.322038E-24  1.573182E+02 -3.065113E-24  1.281020E-24
  3.000000E+00  0.000000E+00     3  1.364672E-10 -6.834235E+01  5.036457E-11 -1.268334E-10
  3.000000E+00  0.000000E+00     4  1.263990E-25  5.009786E+01  8.108223E-26  9.696591E-26
  3.000000E+00  0.000000E+00     5  4.424170E-13  1.525166E+02 -3.924876E-13  2.041720E-13
  3.000000E+00  0.000000E+00     6  1.469965E-26 -1.402245E+02 -1.129752E-26 -9.404564E-27
  3.100000E+00  0.000000E+00     1  1.305380E-09  7.600968E+01  3.155860E-10  1.266658E-09
  3.100000E+00  0.000000E+00     2  1.575221E-23  7.208523E+00  1.562771E-23  1.976601E-24
  3.100000E+00  0.000000E+00     3  9.955678E-11 -1.091405E+02 -3.264328E-11 -9.405301E-11
  3.100000E+00  0.000000E+00     4  2.383387E-25 -7.930759E+01  4.422051E-26 -2.342005E-25
  3.100000E+00  0.000000E+00     5  2.502812E-13  1.586663E+01  2.407457E-13  6.842666E-14
  3.100000E+00  0.000000E+00     6  1.612116E-26 -7.692225E+01  3.647784E-27 -1.570304E-26
  3.200000E+00  0.000000E+00     1  1.607108E-09  1.505276E+02 -1.399137E-09  7.907038E-10
  3.200000E+00  0.000000E+00     2  7.180988E-24 -1.501703E+02 -6.229561E-24 -3.571997E-24
  3.200000E+00  0.000000E+00     3  5.461229E-11  1.344217E+02 -3.822496E-11  3.900454E-11
  3.200000E+00  0.000000E+00     4  3.474997E-25  1.705864E+02 -3.428201E-25  5.683732E-26
  3.200000E+00  0.000000E+00     5  4.074011E-13 -2.140857E+01  3.792910E-13 -1.487080E-13
  3.200000E+00  0.000000E+00     6  2.214361E-26  1.722744E+02 -2.194261E-26  2.976739E-27
  3.300000E+00  0.000000E+00     1  1.064397E-09 -1.284350E+02 -6.616572E-10 -8.337575E-10
  3.300000E+00  0.000000E+00     2  9.792415E-24 -1.807633E+01  9.309100E-24 -3.038427E-24
  3.300000E+00  0.000000E+00     3  8.709692E-11  7.652865E+01  2.029002E-11  8.470058E-11
  3.300000E+00  0.000000E+00     4  2.201609E-25 -1.018096E+02 -4.505829E-26 -2.155008E-25
  3.300000E+00  0.000000E+00     5  6.551277E-14 -1.118331E+02 -2.436445E-14 -6.081362E-14
  3.300000E+00  0.000000E+00     6  3.187545E-26 -1.427669E+02 -2.537862E-26 -1.928652E-26
  3.400000E+00  0.000000E+00     1  1.245238E-09 -3.848659E+01  9.747150E-10 -7.749509E-10
  3.400000E+00  0.000000E+00     2  1.439546E-23  4.571317E+01  1.005164E-23  1.030504E-23
  3.400000E+00  0.000000E+00     3  2.530704E-11 -5.835773E+00  2.517589E-11 -2.573155E-12
  3.400000E+00  0.000000E+00     4  4.226237E-25  5.297703E-01  4.226056E-25  3.907623E-27
  3.400000E+00  0.000000E+00     5  3.255069E-13  1.597508E+02 -3.053893E-13  1.126592E-13
  3.400000E+00  0.000000E+00     6  2.775944E-26 -8.468869E+01  2.569613E-27 -2.764026E-26
  3.500000E+00  0.000000E+00     1  8.842710E-10  4.275016E+01  6.493384E-10  6.002456E-10
  3.500000E+00  0.000000E+00     2  1.052631E-23 -6.093347E+01  5.113945E-24 -9.200588E-24
  3.500000E+00  0.000000E+00     3  7.029244E-11 -1.040697E+02 -1.708820E-11 -6.818373E-11
  3.500000E+00  0.000000E+00     4  3.308395E-25 -3.643636E+01  2.661660E-25 -1.964954E-25
  3.500000E+00  0.000000E+00     5  6.078640E-14  1.363342E+02 -4.397162E-14  4.197003E-14
  3.500000E+00  0.000000E+00     6  3.009683E-26  1.726836E+02 -2.985178E-26  3.832773E-27
  3.600000E+00  0.000000E+00     1  9.742134E-10  1.414712E+02 -7.621224E-10  6.068453E-10
  3.600000E+00  0.000000E+00     2  2.216472E-23  4.196983E+01  1.647940E-23  1.482242E-23
  3.600000E+00  0.000000E+00     3  1.761019E-11 -1.572995E+02 -1.624602E-11 -6.796018E-12
  3.600000E+00  0.000000E+00     4  4.439149E-25  1.590959E+01  4.269109E-25  1.216860E-25
  3.600000E+00  0.000000E+00     5  2.632859E-13 -2.102613E+01  2.457555E-13 -9.446533E-14
  3.600000E+00  0.000000E+00     6  3.962882E-26 -1.623681E+02 -3.776714E-26 -1.200361E-26
  3.700000E+00  0.000000E+00     1  7.161589E-10 -1.331380E+02 -4.896789E-10 -5.225879E-10
  3.700000E+00  0.000000E+00     2  8.306772E-24 -1.043107E+01  8.169490E-24 -1.503961E-24
  3.700000E+00  0.000000E+00     3  5.841884E-11  7.189818E+01  1.815112E-11  5.552745E-11
  3.700000E+00  0.000000E+00     4  4.128882E-26 -8.116552E+00  4.087523E-26 -5.829455E-27
  3.700000E+00  0.000000E+00     5  4.814900E-14 -2.418112E+01  4.392418E-14 -1.972291E-14
  3.700000E+00  0.000000E+00     6  3.737989E-26  1.527501E+02 -3.323140E-26  1.711521E-26
  3.800000E+00  0.000000E+00     1  7.942140E-10 -2.921428E+01  6.931903E-10 -3.876377E-10
  3.800000E+00  0.000000E+00     2  2.675913E-24 -1.747609E+02 -2.664734E-24 -2.443436E-25
  3.800000E+00  0.000000E+00     3  9.043542E-12  2.806974E+01  7.979799E-12  4.255402E-12
  3.800000E+00  0.000000E+00     4  9.919681E-26 -1.697880E+02 -9.762539E-26 -1.758663E-26
  3.800000E+00  0.000000E+00     5  2.270883E-13  1.579870E+02 -2.105334E-13  8.511644E-14
  3.800000E+00  0.000000E+00     6  4.217986E-26  1.463461E+01  4.081141E-26  1.065690E-26
  3.900000E+00  0.000000E+00     1  5.604786E-10  6.406665E+01  2.451115E-10  5.040403E-10
  3.900000E+00  0.000000E+00     2  4.631323E-24  2.121331E+01  4.317504E-24  1.675803E-24
  3.900000E+00  0.000000E+00     3  5.192743E-11 -1.117314E+02 -1.922643E-11 -4.823694E-11
  3.900000E+00  0.000000E+00     4  1.642400E-25  2.490941E+01  1.489615E-25  6.917540E-26
  3.900000E+00  0.000000E+00     5  1.662418E-14 -1.468982E+02 -1.392610E-14 -9.078933E-15
  3.900000E+00  0.000000E+00     6  1.565339E-26 -9.687591E+01 -1.874016E-27 -1.554081E-26
  4.000000E+00  0.000000E+00     1  6.754572E-10  1.671620E+02 -6.585722E-10  1.500835E-10
  4.000000E+00  0.000000E+00     2  3.868762E-24  9.733968E+00  3.813065E-24  6.541059E-25
  4.000000E+00  0.000000E+00     3  4.027516E-12  5.216951E+01  2.470186E-12  3.181048E-12
  4.000000E+00  0.000000E+00     4  4.892706E-26  2.989538E+01  4.241668E-26  2.438612E-26
  4.000000E+00  0.000000E+00     5  2.149787E-13 -1.947787E+01  2.026756E-13 -7.168310E-14
  4.000000E+00  0.000000E+00     6  2.596728E-26 -6.744055E+01  9.962134E-27 -2.398031E-26
