  2.000000E-01  0.000000E+00     1  1.595092E+00  8.999976E+01  6.617739E-06  1.595092E+00
  2.000000E-01  0.000000E+00     2  2.237835E-13  1.788915E+02 -2.237416E-13  4.329198E-15
  2.000000E-01  0.000000E+00     3  1.813164E+02  8.140185E-02  1.813163E+02  2.576017E-01
  2.000000E-01  0.000000E+00     4  3.263477E-13  1.795621E+02 -3.263382E-13  2.494044E-15
  2.000000E-01  0.000000E+00     5  1.187407E+02  8.999973E+01  5.684052E-04  1.187407E+02
  2.000000E-01  0.000000E+00     6  3.339804E-12 -6.847037E+00  3.315984E-12 -3.981685E-13
  3.000000E-01  0.000000E+00     1  3.537376E+00  8.999899E+01  6.221014E-05  3.537376E+00
  3.000000E-01  0.000000E+00     2  8.155149E-14 -7.754849E+00  8.080566E-14 -1.100413E-14
  3.000000E-01  0.000000E+00     3  1.745295E+02  3.967139E-01  1.745253E+02  1.208426E+00
  3.000000E-01  0.000000E+00     4  4.423405E-13 -4.902323E+00  4.407223E-13 -3.780123E-14
  3.000000E-01  0.000000E+00     5  2.602722E+02  8.999846E+01  6.992767E-03  2.602722E+02
  3.000000E-01  0.000000E+00     6  4.932579E-12 -8.589620E-01  4.932025E-12 -7.394505E-14
  4.000000E-01  0.000000E+00     1  6.106854E+00  9.000698E+01 -7.440287E-04  6.106853E+00
  4.000000E-01  0.000000E+00     2  7.968100E-14  2.876743E+01  6.984681E-14  3.834691E-14
  4.000000E-01  0.000000E+00     3  1.644041E+02  1.181053E+00  1.643692E+02  3.388665E+00
  4.000000E-01  0.000000E+00     4  9.732031E-14  4.937788E+01  6.336207E-14  7.386807E-14
  4.000000E-01  0.000000E+00     5  4.436423E+02  9.000315E+01 -2.435782E-02  4.436423E+02
  4.000000E-01  0.000000E+00     6  3.423304E-12 -3.501068E+00  3.416915E-12 -2.090514E-13
  5.000000E-01  0.000000E+00     1  9.038451E+00  9.008257E+01 -1.302567E-02  9.038441E+00
  5.000000E-01  0.000000E+00     2  1.170946E-13  4.680215E+01  8.015356E-14  8.536128E-14
  5.000000E-01  0.000000E+00     3  1.510058E+02  2.647183E+00  1.508446E+02  6.974296E+00
  5.000000E-01  0.000000E+00     4  3.405129E-13  2.727727E+01  3.026476E-13  1.560560E-13
  5.000000E-01  0.000000E+00     5  6.501309E+02  9.006409E+01 -7.272265E-01  6.501305E+02
  5.000000E-01  0.000000E+00     6  2.613740E-12  3.076805E+00  2.609972E-12  1.402914E-13
  6.000000E-01  0.000000E+00     1  1.186152E+01  9.041696E+01 -8.631954E-02  1.186121E+01
  6.000000E-01  0.000000E+00     2  6.906236E-14  1.151939E+02 -2.939870E-14  6.249261E-14
  6.000000E-01  0.000000E+00     3  1.346751E+02  4.895018E+00  1.341839E+02  1.149186E+01
  6.000000E-01  0.000000E+00     4  2.940205E-13  1.563712E+02 -2.693703E-13  1.178461E-13
  6.000000E-01  0.000000E+00     5  8.519778E+02  9.034839E+01 -5.180456E+00  8.519621E+02
  6.000000E-01  0.000000E+00     6  7.981247E-13 -6.719378E+01  3.093656E-13 -7.357282E-13
  7.000000E-01  0.000000E+00     1  1.391582E+01  9.142646E+01 -3.464191E-01  1.391151E+01
  7.000000E-01  0.000000E+00     2  2.409723E-13  1.552217E+02 -2.187875E-13  1.009935E-13
  7.000000E-01  0.000000E+00     3  1.157520E+02  7.839645E+00  1.146701E+02  1.578870E+01
  7.000000E-01  0.000000E+00     4  3.153346E-13  1.533094E+02 -2.817341E-13  1.416397E-13
  7.000000E-01  0.000000E+00     5  1.015489E+03  9.121084E+01 -2.145891E+01  1.015262E+03
  7.000000E-01  0.000000E+00     6  2.102706E-12 -6.310042E+01  9.513231E-13 -1.875195E-12
  8.000000E-01  0.000000E+00     1  1.451269E+01  9.377816E+01 -9.562914E-01  1.448115E+01
  8.000000E-01  0.000000E+00     2  2.191863E-13  8.508379E+01  1.878401E-14  2.183800E-13
  8.000000E-01  0.000000E+00     3  9.432536E+01  1.123851E+01  9.251662E+01  1.838342E+01
  8.000000E-01  0.000000E+00     4  4.787457E-13  6.143400E+01  2.289222E-13  4.204666E-13
  8.000000E-01  0.000000E+00     5  1.111276E+03  9.315029E+01 -6.107050E+01  1.109597E+03
  8.000000E-01  0.000000E+00     6  3.056398E-12  1.905814E+01  2.888870E-12  9.979979E-13
  9.000000E-01  0.000000E+00     1  1.316795E+01  9.840979E+01 -1.925840E+00  1.302636E+01
  9.000000E-01  0.000000E+00     2  1.195156E-13 -9.234893E+01 -4.898367E-15 -1.194152E-13
  9.000000E-01  0.000000E+00     3  7.040284E+01  1.497038E+01  6.801333E+01  1.818644E+01
  9.000000E-01  0.000000E+00     4  2.606220E-13 -8.303557E+01  3.160122E-14 -2.586990E-13
  9.000000E-01  0.000000E+00     5  1.125595E+03  9.656513E+01 -1.286921E+02  1.118214E+03
  9.000000E-01  0.000000E+00     6  1.450269E-12  1.859508E+01  1.374559E-12  4.624589E-13
  1.000000E+00  0.000000E+00     1  9.745332E+00  1.073943E+02 -2.913325E+00  9.299679E+00
  1.000000E+00  0.000000E+00     2  6.270575E-14  3.615819E+01  5.062807E-14  3.699743E-14
  1.000000E+00  0.000000E+00     3  4.488930E+01  1.987503E+01  4.221553E+01  1.526100E+01
  1.000000E+00  0.000000E+00     4  2.027444E-13 -7.333750E+00  2.010858E-13 -2.588009E-14
  1.000000E+00  0.000000E+00     5  1.060377E+03  1.014155E+02 -2.098722E+02  1.039400E+03
  1.000000E+00  0.000000E+00     6  2.004703E-12  2.292506E+01  1.846362E-12  7.808859E-13
  1.100000E+00  0.000000E+00     1  4.782079E+00  1.337492E+02 -3.306823E+00  3.454446E+00
  1.100000E+00  0.000000E+00     2  1.096104E-13  4.881407E+01  7.217896E-14  8.249024E-14
  1.100000E+00  0.000000E+00     3  2.077102E+01  3.078232E+01  1.784475E+01  1.063015E+01
  1.100000E+00  0.000000E+00     4  1.823916E-13  4.415766E+01  1.308524E-13  1.270604E-13
  1.100000E+00  0.000000E+00     5  9.202874E+02  1.070867E+02 -2.703968E+02  8.796673E+02
  1.100000E+00  0.000000E+00     6  1.788662E-12  5.198563E+01  1.101563E-12  1.409208E-12
  1.200000E+00  0.000000E+00     1  4.529673E+00 -1.259743E+02 -2.660830E+00 -3.665778E+00
  1.200000E+00  0.000000E+00     2  3.119152E-13  4.411414E+01  2.239409E-13  2.171210E-13
  1.200000E+00  0.000000E+00     3  5.227384E+00  1.054015E+02 -1.388295E+00  5.039661E+00
  1.200000E+00  0.000000E+00     4  5.709536E-13  4.708560E+01  3.887651E-13  4.181503E-13
  1.200000E+00  0.000000E+00     5  7.028592E+02  1.129148E+02 -2.736662E+02  6.473932E+02
  1.200000E+00  0.000000E+00     6  3.442314E-12 -1.429258E+02 -2.746468E-12 -2.075196E-12
  1.300000E+00  0.000000E+00     1  1.008854E+01 -9.592711E+01 -1.041776E+00 -1.003461E+01
  1.300000E+00  0.000000E+00     2  8.021252E-14  1.287583E+02 -5.021598E-14  6.254921E-14
  1.300000E+00  0.000000E+00     3  1.315885E+01 -1.756903E+02 -1.312164E+01 -9.888664E-01
  1.300000E+00  0.000000E+00     4  1.360839E-13  1.588315E+02 -1.269013E-13  4.914160E-14
  1.300000E+00  0.000000E+00     5  4.176698E+02  1.205213E+02 -2.121170E+02  3.597978E+02
  1.300000E+00  0.000000E+00     6  1.506803E-12  9.237574E+01 -6.246091E-14  1.505508E-12
  1.400000E+00  0.000000E+00     1  1.282761E+01 -8.394666E+01  1.352726E+00 -1.275609E+01
  1.400000E+00  0.000000E+00     2  1.349483E-13  8.891463E+00  1.333266E-13  2.085804E-14
  1.400000E+00  0.000000E+00     3  1.818028E+01 -1.612677E+02 -1.721726E+01 -5.838539E+00
  1.400000E+00  0.000000E+00     4  1.988392E-13  2.771095E+01  1.760333E-13  9.246245E-14
  1.400000E+00  0.000000E+00     5  1.365895E+02  1.484297E+02 -1.163741E+02  7.151062E+01
  1.400000E+00  0.000000E+00     6  7.773827E-13 -1.543388E+02 -7.007097E-13 -3.366449E-13
  1.500000E+00  0.000000E+00     1  1.091113E+01 -6.802867E+01  4.082317E+00 -1.011866E+01
  1.500000E+00  0.000000E+00     2  8.469725E-14  6.066477E+01  4.149475E-14  7.383637E-14
  1.500000E+00  0.000000E+00     3  1.631179E+01 -1.537259E+02 -1.462657E+01 -7.220667E+00
  1.500000E+00  0.000000E+00     4  1.300681E-13  6.663062E+01  5.159249E-14  1.193982E-13
  1.500000E+00  0.000000E+00     5  1.387067E+02 -9.557631E+01 -1.347833E+01 -1.380503E+02
  1.500000E+00  0.000000E+00     6  9.941050E-13  8.089360E+01  1.573353E-13  9.815754E-13
  1.600000E+00  0.000000E+00     1  6.178955E+00 -2.662926E+01  5.523525E+00 -2.769504E+00
  1.600000E+00  0.000000E+00     2  5.133037E-14  1.232442E+02 -2.813979E-14  4.292970E-14
  1.600000E+00  0.000000E+00     3  8.641905E+00 -1.447679E+02 -7.058895E+00 -4.985430E+00
  1.600000E+00  0.000000E+00     4  8.910044E-14  6.875070E+01  3.229237E-14  8.304271E-14
  1.600000E+00  0.000000E+00     5  2.436581E+02 -7.221812E+01  7.441176E+01 -2.320176E+02
  1.600000E+00  0.000000E+00     6  2.272574E-12  4.832960E+01  1.510908E-12  1.697571E-12
  1.700000E+00  0.000000E+00     1  7.724628E+00  5.727996E+01  4.175429E+00  6.498898E+00
  1.700000E+00  0.000000E+00     2  2.183140E-13 -7.590740E+01  5.315721E-14 -2.117435E-13
  1.700000E+00  0.000000E+00     3  1.817637E+00 -4.845109E+01  1.205564E+00 -1.360301E+00
  1.700000E+00  0.000000E+00     4  5.244126E-13 -4.025182E+01  4.002380E-13 -3.388483E-13
  1.700000E+00  0.000000E+00     5  2.398690E+02 -6.428618E+01  1.040735E+02 -2.161154E+02
  1.700000E+00  0.000000E+00     6  1.930488E-12 -1.328091E+02 -1.311878E-12 -1.416249E-12
  1.800000E+00  0.000000E+00     1  1.248126E+01  8.767519E+01  5.062951E-01  1.247098E+01
  1.800000E+00  0.000000E+00     2  3.240499E-13  7.024053E+01  1.095523E-13  3.049699E-13
  1.800000E+00  0.000000E+00     3  6.479889E+00  1.877063E+01  6.135252E+00  2.085101E+00
  1.800000E+00  0.000000E+00     4  7.103670E-13  1.041461E+02 -1.736106E-13  6.888256E-13
  1.800000E+00  0.000000E+00     5  1.237928E+02 -5.865980E+01  6.438694E+01 -1.057307E+02
  1.800000E+00  0.000000E+00     6  2.706856E-12  7.043284E+01  9.065571E-13  2.550534E-12
  1.900000E+00  0.000000E+00     1  1.106715E+01  1.119613E+02 -4.138901E+00  1.026408E+01
  1.900000E+00  0.000000E+00     2  1.340818E-13 -4.553947E+01  9.391325E-14 -9.569859E-14
  1.900000E+00  0.000000E+00     3  7.460075E+00  2.529255E+01  6.744938E+00  3.187244E+00
  1.900000E+00  0.000000E+00     4  3.798252E-13 -1.713428E+01  3.629674E-13 -1.119011E-13
  1.900000E+00  0.000000E+00     5  2.811069E+01  7.547053E+01  7.052353E+00  2.721167E+01
  1.900000E+00  0.000000E+00     6  1.047280E-12  3.166540E+01  8.913693E-13  5.497776E-13
  2.000000E+00  0.000000E+00     1  6.817218E+00  1.725385E+02 -6.759493E+00  8.852778E-01
  2.000000E+00  0.000000E+00     2  2.085770E-13 -1.606384E+02 -1.967810E-13 -6.914943E-14
  2.000000E+00  0.000000E+00     3  3.302243E+00  2.462522E+01  3.001914E+00  1.375982E+00
  2.000000E+00  0.000000E+00     4  4.821292E-13 -1.193688E+02 -2.364502E-13 -4.201665E-13
  2.000000E+00  0.000000E+00     5  1.119989E+02  1.102951E+02 -3.884751E+01  1.050458E+02
  2.000000E+00  0.000000E+00     6  4.794830E-12 -1.632755E+02 -4.592006E-12 -1.379807E-12
  2.100000E+00  0.000000E+00     1  1.082425E+01 -1.151043E+02 -4.592371E+00 -9.801761E+00
  2.100000E+00  0.000000E+00     2  8.574374E-15 -6.151633E+01  4.089190E-15 -7.536472E-15
  2.100000E+00  0.000000E+00     3  1.669760E+00 -1.559279E+02 -1.524546E+00 -6.810709E-01
  2.100000E+00  0.000000E+00     4  1.847179E-13 -1.491087E+01  1.784979E-13 -4.753089E-14
  2.100000E+00  0.000000E+00     5  1.104924E+02  1.078848E+02 -3.393268E+01  1.051529E+02
  2.100000E+00  0.000000E+00     6  2.885974E-12  3.335396E+01  2.410625E-12  1.586737E-12
  2.200000E+00  0.000000E+00     1  1.240559E+01 -8.545554E+01  9.829283E-01 -1.236659E+01
  2.200000E+00  0.000000E+00     2  1.499694E-13  1.728136E+02 -1.487913E-13  1.876080E-14
  2.200000E+00  0.000000E+00     3  4.146696E+00 -1.553765E+02 -3.769618E+00 -1.727735E+00
  2.200000E+00  0.000000E+00     4  5.254448E-13 -1.476454E+02 -4.438707E-13 -2.811956E-13
  2.200000E+00  0.000000E+00     5  2.562051E+01  9.210649E+01 -9.417290E-01  2.560320E+01
  2.200000E+00  0.000000E+00     6  2.703318E-12 -1.040950E+02 -6.583415E-13 -2.621929E-12
  2.300000E+00  0.000000E+00     1  7.810940E+00 -3.089547E+01  6.702611E+00 -4.010710E+00
  2.300000E+00  0.000000E+00     2  3.187486E-14  1.877537E+01  3.017872E-14  1.025920E-14
  2.300000E+00  0.000000E+00     3  2.481056E+00 -1.713251E+02 -2.452672E+00 -3.742131E-01
  2.300000E+00  0.000000E+00     4  1.881604E-13  1.264846E+02 -1.118813E-13  1.512842E-13
  2.300000E+00  0.000000E+00     5  5.048383E+01 -6.610808E+01  2.044659E+01 -4.615792E+01
  2.300000E+00  0.000000E+00     6  1.501214E-12  1.079103E+02 -4.616641E-13  1.428464E-12
  2.400000E+00  0.000000E+00     1  1.059067E+01  5.213376E+01  6.500764E+00  8.360758E+00
  2.400000E+00  0.000000E+00     2  3.852770E-14 -8.319574E+01  4.564677E-15 -3.825634E-14
  2.400000E+00  0.000000E+00     3  9.484535E-01  5.325770E+01  5.673809E-01  7.600283E-01
  2.400000E+00  0.000000E+00     4  4.163476E-13 -1.692678E+02 -4.090650E-13 -7.753159E-14
  2.400000E+00  0.000000E+00     5  6.960250E+01 -8.262704E+01  8.931924E+00 -6.902701E+01
  2.400000E+00  0.000000E+00     6  2.302692E-12  1.366930E+02 -1.675644E-12  1.579433E-12
  2.500000E+00  0.000000E+00     1  1.152703E+01  8.858897E+01  2.838482E-01  1.152354E+01
  2.500000E+00  0.000000E+00     2  1.636130E-13 -7.368429E+01  4.596376E-14 -1.570240E-13
  2.500000E+00  0.000000E+00     3  2.510434E+00  2.241483E+01  2.320764E+00  9.572529E-01
  2.500000E+00  0.000000E+00     4  4.748046E-13 -8.007491E+01  8.183758E-14 -4.676986E-13
  2.500000E+00  0.000000E+00     5  2.129639E+01 -1.188732E+02 -1.028345E+01 -1.864905E+01
  2.500000E+00  0.000000E+00     6  1.561854E-12 -1.391659E+02 -1.181709E-12 -1.021250E-12
  2.600000E+00  0.000000E+00     1  7.311429E+00  1.602182E+02 -6.879968E+00  2.474475E+00
  2.600000E+00  0.000000E+00     2  5.304784E-14  1.644214E+02 -5.109903E-14  1.424650E-14
  2.600000E+00  0.000000E+00     3  1.239522E+00 -1.278649E+01  1.208784E+00 -2.743293E-01
  2.600000E+00  0.000000E+00     4  2.835576E-13  1.748842E+02 -2.824281E-13  2.528460E-14
  2.600000E+00  0.000000E+00     5  3.444691E+01  1.132630E+02 -1.360489E+01  3.164644E+01
  2.600000E+00  0.000000E+00     6  3.336948E-13  1.156649E+02 -1.445255E-13  3.007734E-13
  2.700000E+00  0.000000E+00     1  1.115578E+01 -1.257705E+02 -6.521003E+00 -9.051411E+00
  2.700000E+00  0.000000E+00     2  1.515378E-13 -1.017315E+02 -3.081157E-14 -1.483724E-13
  2.700000E+00  0.000000E+00     3  1.011412E+00 -1.296038E+02 -6.447501E-01 -7.792632E-01
  2.700000E+00  0.000000E+00     4  6.064634E-13 -6.847919E+01  2.224745E-13 -5.641834E-13
  2.700000E+00  0.000000E+00     5  4.068395E+01  7.877719E+01  7.918110E+00  3.990598E+01
  2.700000E+00  0.000000E+00     6  1.397067E-12 -6.892910E+01  5.022775E-13 -1.303653E-12
  2.800000E+00  0.000000E+00     1  8.674759E+00 -7.576213E+01  2.133540E+00 -8.408297E+00
  2.800000E+00  0.000000E+00     2  6.167229E-14 -6.758062E+01  2.352077E-14 -5.701092E-14
  2.800000E+00  0.000000E+00     3  1.520340E+00 -1.750721E+02 -1.514720E+00 -1.305995E-01
  2.800000E+00  0.000000E+00     4  1.197977E-13 -6.842804E+01  4.404597E-14 -1.114067E-13
  2.800000E+00  0.000000E+00     5  1.199333E+01  1.949806E+01  1.130555E+01  4.003073E+00
  2.800000E+00  0.000000E+00     6  1.586057E-12  1.425349E+02 -1.258892E-12  9.647636E-13
  2.900000E+00  0.000000E+00     1  8.143812E+00  1.982423E+01  7.661189E+00  2.761857E+00
  2.900000E+00  0.000000E+00     2  3.255329E-14  1.517049E+02 -2.866374E-14  1.543069E-14
  2.900000E+00  0.000000E+00     3  6.042879E-01  1.282767E+02 -3.743322E-01  4.743830E-01
  2.900000E+00  0.000000E+00     4  1.423260E-13 -1.116593E+02 -5.253053E-14 -1.322771E-13
  2.900000E+00  0.000000E+00     5  3.078928E+01 -9.075093E+01 -4.035213E-01 -3.078664E+01
  2.900000E+00  0.000000E+00     6  6.649707E-13 -1.485621E+02 -5.673570E-13 -3.468315E-13
  3.000000E+00  0.000000E+00     1  9.168102E+00  7.491793E+01  2.385561E+00  8.852299E+00
  3.000000E+00  0.000000E+00     2  1.253779E-14 -1.465467E+02 -1.046072E-14 -6.911546E-15
  3.000000E+00  0.000000E+00     3  1.028673E+00  2.191278E+01  9.543544E-01  3.838954E-01
  3.000000E+00  0.000000E+00     4  1.055404E-13  1.409133E+02 -8.191965E-14  6.654274E-14
  3.000000E+00  0.000000E+00     5  2.182284E+01 -1.175837E+02 -1.010492E+01 -1.934236E+01
  3.000000E+00  0.000000E+00     6  6.175982E-13 -7.971404E+01  1.102791E-13 -6.076727E-13
  3.100000E+00  0.000000E+00     1  6.448336E+00  1.629742E+02 -6.165725E+00  1.888089E+00
  3.100000E+00  0.000000E+00     2  8.863249E-14  5.741745E+01  4.772986E-14  7.468319E-14
  3.100000E+00  0.000000E+00     3  8.285602E-01 -2.103811E+01  7.733299E-01 -2.974439E-01
  3.100000E+00  0.000000E+00     4  2.415417E-13  1.142667E+01  2.367541E-13  4.785269E-14
  3.100000E+00  0.000000E+00     5  1.392664E+01  1.052441E+02 -3.661762E+00  1.343662E+01
  3.100000E+00  0.000000E+00     6  6.761545E-13 -1.613560E+00  6.758864E-13 -1.903930E-14
  3.200000E+00  0.000000E+00     1  8.446191E+00 -1.222462E+02 -4.506535E+00 -7.143479E+00
  3.200000E+00  0.000000E+00     2  6.459332E-14 -1.096646E+02 -2.173656E-14 -6.082614E-14
  3.200000E+00  0.000000E+00     3  5.337477E-01 -1.341508E+02 -3.717815E-01 -3.829689E-01
  3.200000E+00  0.000000E+00     4  3.280760E-13 -1.034865E+02 -7.651269E-14 -3.190293E-13
  3.200000E+00  0.000000E+00     5  2.455148E+01  6.857792E+01  8.967071E+00  2.285534E+01
  3.200000E+00  0.000000E+00     6  1.028663E-12 -1.191260E+02 -5.006835E-13 -8.985893E-13
  3.300000E+00  0.000000E+00     1  5.939932E+00 -4.093533E+01  4.487320E+00 -3.891884E+00
  3.300000E+00  0.000000E+00     2  5.987868E-14  2.357411E+01  5.488141E-14  2.394757E-14
  3.300000E+00  0.000000E+00     3  8.730117E-01  1.660605E+02 -8.473022E-01  2.103055E-01
  3.300000E+00  0.000000E+00     4  2.291788E-13 -1.166209E+01  2.244478E-13 -4.632604E-14
  3.300000E+00  0.000000E+00     5  4.615585E+00 -2.393795E+01  4.218577E+00 -1.872760E+00
  3.300000E+00  0.000000E+00     6  1.459977E-12 -7.212490E+01  4.481297E-13 -1.389501E-12
  3.400000E+00  0.000000E+00     1  7.373818E+00  4.926433E+01  4.811934E+00  5.587350E+00
  3.400000E+00  0.000000E+00     2  1.090130E-13  9.344130E+01 -6.543610E-15  1.088164E-13
  3.400000E+00  0.000000E+00     3  3.209742E-01  8.179029E+01  4.583406E-02  3.176849E-01
  3.400000E+00  0.000000E+00     4  4.553488E-13  8.736549E+01  2.092993E-14  4.548675E-13
  3.400000E+00  0.000000E+00     5  2.335899E+01 -1.099800E+02 -7.981566E+00 -2.195307E+01
  3.400000E+00  0.000000E+00     6  1.288177E-12 -1.183373E+01  1.260800E-12 -2.641694E-13
  3.500000E+00  0.000000E+00     1  5.547094E+00  1.307317E+02 -3.619579E+00  4.203439E+00
  3.500000E+00  0.000000E+00     2  9.832371E-14  1.939922E+00  9.826736E-14  3.328411E-15
  3.500000E+00  0.000000E+00     3  8.330234E-01 -1.366485E+01  8.094441E-01 -1.967952E-01
  3.500000E+00  0.000000E+00     4  3.583908E-13  4.782421E+01  2.406262E-13  2.655992E-13
  3.500000E+00  0.000000E+00     5  4.797937E+00 -1.389185E+02 -3.616565E+00 -3.152880E+00
  3.500000E+00  0.000000E+00     6  1.511911E-12 -1.139693E+02 -6.142106E-13 -1.381528E-12
  3.600000E+00  0.000000E+00     1  6.467772E+00 -1.303449E+02 -4.187157E+00 -4.929482E+00
  3.600000E+00  0.000000E+00     2  1.754675E-13  1.051337E+02 -4.580980E-14  1.693821E-13
  3.600000E+00  0.000000E+00     3  2.629443E-01 -7.498697E+01  6.811278E-02 -2.539692E-01
  3.600000E+00  0.000000E+00     4  5.459942E-13  1.019669E+02 -1.132101E-13  5.341284E-13
  3.600000E+00  0.000000E+00     5  2.206993E+01  6.936978E+01  7.776015E+00  2.065467E+01
  3.600000E+00  0.000000E+00     6  2.031481E-12 -9.396658E+01 -1.405269E-13 -2.026615E-12
  3.700000E+00  0.000000E+00     1  5.024386E+00 -4.476169E+01  3.567523E+00 -3.537970E+00
  3.700000E+00  0.000000E+00     2  5.399618E-14  6.246090E+01  2.496534E-14  4.787817E-14
  3.700000E+00  0.000000E+00     3  8.033155E-01  1.625252E+02 -7.662418E-01  2.412245E-01
  3.700000E+00  0.000000E+00     4  6.348001E-14  7.187291E+01  1.975027E-14  6.032942E-14
  3.700000E+00  0.000000E+00     5  4.320846E+00  5.885443E+01  2.234802E+00  3.698022E+00
  3.700000E+00  0.000000E+00     6  2.112869E-12 -1.345759E+02 -1.482925E-12 -1.505042E-12
  3.800000E+00  0.000000E+00     1  5.881406E+00  5.931253E+01  3.001604E+00  5.057797E+00
  3.800000E+00  0.000000E+00     2  1.775383E-14 -1.376516E+02 -1.312118E-14 -1.195964E-14
  3.800000E+00  0.000000E+00     3  1.726798E-01  1.042636E+02 -4.254529E-02  1.673565E-01
  3.800000E+00  0.000000E+00     4  1.299698E-13 -8.389595E+01  1.382026E-14 -1.292329E-13
  3.800000E+00  0.000000E+00     5  2.189849E+01 -1.118218E+02 -8.140137E+00 -2.032934E+01
  3.800000E+00  0.000000E+00     6  2.551595E-12  8.877983E+01  5.433460E-14  2.551016E-12
  3.900000E+00  0.000000E+00     1  4.375812E+00  1.527500E+02 -3.890173E+00  2.003569E+00
  3.900000E+00  0.000000E+00     2  5.343900E-14  8.288086E+01  6.622858E-15  5.302701E-14
  3.900000E+00  0.000000E+00     3  8.159108E-01 -2.159946E+01  7.586175E-01 -3.003496E-01
  3.900000E+00  0.000000E+00     4  2.203682E-13  1.111859E+02 -7.963986E-14  2.054742E-13
  3.900000E+00  0.000000E+00     5  1.270785E+00 -7.181146E+01  3.966692E-01 -1.207290E+00
  3.900000E+00  0.000000E+00     6  9.829946E-13 -1.921013E+01  9.282597E-13 -3.234383E-13
  4.000000E+00  0.000000E+00     1  5.550843E+00 -1.040461E+02 -1.347199E+00 -5.384878E+00
  4.000000E+00  0.000000E+00     2  4.924424E-14  6.971529E+01  1.707226E-14  4.619019E-14
  4.000000E+00  0.000000E+00     3  7.557525E-02 -1.678631E+02 -7.388599E-02 -1.588960E-02
  4.000000E+00  0.000000E+00     4  7.268058E-14  1.080201E+02 -2.248375E-14  6.911546E-14
  4.000000E+00  0.000000E+00     5  2.358736E+01  7.024113E+01  7.974001E+00  2.219863E+01
  4.000000E+00  0.000000E+00     6  1.767437E-12  9.131445E+00  1.745038E-12  2.804922E-13
