  2.000000E-01     1     1  2.494220E+01  2.478661E-03
  2.000000E-01     1     2  3.166594E-14  3.271932E-16
  2.000000E-01     1     3  2.756213E-13  1.920198E-14
  2.000000E-01     1     4  6.460740E-15 -1.518306E-17
  2.000000E-01     1     5  2.696411E+02  1.836331E-01
  2.000000E-01     1     6 -3.533720E-13 -2.670379E-16
  2.000000E-01     2     1  1.830081E-14 -1.053019E-16
  2.000000E-01     2     2  3.551249E+02  7.436521E-03
  2.000000E-01     2     3 -1.559451E-13  2.197483E-14
  2.000000E-01     2     4  2.451440E+02  3.836342E-03
  2.000000E-01     2     5  3.694767E-12  1.892253E-15
  2.000000E-01     2     6 -2.200534E-13 -1.020186E-15
  2.000000E-01     3     1  5.207412E-14  1.080437E-16
  2.000000E-01     3     2 -4.447651E-14 -1.512587E-14
  2.000000E-01     3     3  8.086312E+02  6.338280E+01
  2.000000E-01     3     4 -5.401511E-14 -1.722790E-15
  2.000000E-01     3     5  7.041707E-12  2.355839E-15
  2.000000E-01     3     6 -1.625555E-12  1.522108E-14
  2.000000E-01     4     1  5.108976E-15 -2.218204E-16
  2.000000E-01     4     2  2.322581E+02  3.042149E-03
  2.000000E-01     4     3  1.373115E-13  3.508088E-14
  2.000000E-01     4     4  3.501198E+02  1.533844E-03
  2.000000E-01     4     5  2.722273E-12  3.338793E-15
  2.000000E-01     4     6 -2.487135E-12 -3.270372E-15
  2.000000E-01     5     1  2.872742E+02  1.846808E-01
  2.000000E-01     5     2 -2.542755E-12 -3.412592E-14
  2.000000E-01     5     3 -8.089221E-12 -1.315358E-12
  2.000000E-01     5     4 -5.148688E-12 -2.375562E-14
  2.000000E-01     5     5  7.798756E+04  1.369098E+01
  2.000000E-01     5     6  2.109806E-12  1.797381E-14
  2.000000E-01     6     1 -8.092285E-13 -1.377607E-15
  2.000000E-01     6     2 -2.690330E-12  3.731175E-14
  2.000000E-01     6     3  2.114176E-11  7.317550E-13
  2.000000E-01     6     4  2.303586E-12  7.645901E-14
  2.000000E-01     6     5 -1.397978E-10 -2.953464E-14
  2.000000E-01     6     6  5.102033E+04  7.180088E-04
  3.000000E-01     1     1  2.529811E+01  2.749570E-02
  3.000000E-01     1     2  3.615796E-14 -1.895616E-16
  3.000000E-01     1     3  3.193768E-13  3.479926E-14
  3.000000E-01     1     4  3.826533E-15  1.374522E-16
  3.000000E-01     1     5  2.866690E+02  2.009428E+00
  3.000000E-01     1     6 -3.777730E-13  1.552726E-16
  3.000000E-01     2     1  1.938222E-14  2.893801E-16
  3.000000E-01     2     2  3.596996E+02  8.437731E-02
  3.000000E-01     2     3 -8.864246E-13 -1.927593E-13
  3.000000E-01     2     4  2.477864E+02  4.371433E-02
  3.000000E-01     2     5  8.791486E-12  1.239695E-14
  3.000000E-01     2     6 -4.294590E-13  3.920407E-15
  3.000000E-01     3     1  4.841396E-14 -1.144523E-16
  3.000000E-01     3     2 -1.531722E-13  4.889449E-15
  3.000000E-01     3     3  8.183057E+02  1.326344E+02
  3.000000E-01     3     4  6.410829E-14  1.373953E-14
  3.000000E-01     3     5  9.185453E-12 -6.712607E-15
  3.000000E-01     3     6 -1.302574E-12  4.072982E-14
  3.000000E-01     4     1 -2.833852E-14  4.377934E-16
  3.000000E-01     4     2  2.342527E+02  3.441048E-02
  3.000000E-01     4     3 -1.749114E-12 -4.728633E-13
  3.000000E-01     4     4  3.512744E+02  1.742655E-02
  3.000000E-01     4     5  1.521341E-11  5.575161E-14
  3.000000E-01     4     6 -2.322095E-12  1.048794E-14
  3.000000E-01     5     1  3.047482E+02  2.024222E+00
  3.000000E-01     5     2 -5.219959E-13  5.101574E-15
  3.000000E-01     5     3 -6.804102E-12 -1.197392E-12
  3.000000E-01     5     4 -6.347056E-12  5.022590E-14
  3.000000E-01     5     5  7.934809E+04  1.480641E+02
  3.000000E-01     5     6 -3.903507E-12  9.911315E-14
  3.000000E-01     6     1 -6.090287E-13 -5.960995E-15
  3.000000E-01     6     2 -9.484810E-13 -2.222184E-15
  3.000000E-01     6     3  1.381034E-11  2.854233E-12
  3.000000E-01     6     4  2.376748E-12 -1.096838E-13
  3.000000E-01     6     5 -8.799295E-11 -4.118028E-13
  3.000000E-01     6     6  5.148490E+04  4.108739E-02
  4.000000E-01     1     1  2.587280E+01  1.467984E-01
  4.000000E-01     1     2  3.369012E-14  2.455353E-16
  4.000000E-01     1     3  2.368568E-13  4.370704E-14
  4.000000E-01     1     4  1.733031E-15  1.749041E-15
  4.000000E-01     1     5  3.152636E+02  1.054911E+01
  4.000000E-01     1     6 -3.704527E-14 -9.325704E-16
  4.000000E-01     2     1  1.635981E-15  1.463870E-15
  4.000000E-01     2     2  3.667742E+02  4.704769E-01
  4.000000E-01     2     3 -5.270633E-13 -6.495400E-14
  4.000000E-01     2     4  2.518581E+02  2.451699E-01
  4.000000E-01     2     5  7.307901E-12  3.590840E-14
  4.000000E-01     2     6  3.087845E-13  1.029552E-14
  4.000000E-01     3     1  2.112911E-14 -3.162782E-16
  4.000000E-01     3     2  5.212957E-15  2.506180E-14
  4.000000E-01     3     3  8.026606E+02  2.117563E+02
  4.000000E-01     3     4  5.656613E-14  2.936269E-15
  4.000000E-01     3     5  5.373561E-12 -1.239464E-13
  4.000000E-01     3     6 -6.512869E-13  5.340741E-14
  4.000000E-01     4     1 -6.982036E-14  3.142337E-15
  4.000000E-01     4     2  2.373004E+02  1.907738E-01
  4.000000E-01     4     3 -1.742181E-13  7.348052E-14
  4.000000E-01     4     4  3.530302E+02  9.719571E-02
  4.000000E-01     4     5  1.011181E-11  6.596783E-14
  4.000000E-01     4     6 -7.497786E-13  9.790432E-15
  4.000000E-01     5     1  3.341366E+02  1.065559E+01
  4.000000E-01     5     2 -8.869445E-13 -2.217156E-14
  4.000000E-01     5     3 -2.262812E-12  1.045962E-12
  4.000000E-01     5     4 -6.303710E-12  4.102864E-13
  4.000000E-01     5     5  8.160226E+04  7.666940E+02
  4.000000E-01     5     6  1.506212E-12  9.998520E-14
  4.000000E-01     6     1 -4.633986E-13 -9.275507E-15
  4.000000E-01     6     2  7.411827E-13  1.227660E-13
  4.000000E-01     6     3  1.090828E-11  2.609598E-12
  4.000000E-01     6     4  3.423845E-12  1.936752E-13
  4.000000E-01     6     5 -4.511804E-11 -5.746038E-13
  4.000000E-01     6     6  5.217640E+04  7.191986E-01
  5.000000E-01     1     1  2.667460E+01  5.112887E-01
  5.000000E-01     1     2  3.209574E-14 -1.593522E-15
  5.000000E-01     1     3  3.036825E-13  1.775178E-13
  5.000000E-01     1     4  1.264419E-14  1.143476E-15
  5.000000E-01     1     5  3.552557E+02  3.609520E+01
  5.000000E-01     1     6 -4.578529E-13 -1.133511E-15
  5.000000E-01     2     1  4.760983E-14  2.987746E-15
  5.000000E-01     2     2  3.769973E+02  1.770304E+00
  5.000000E-01     2     3  2.725157E-13 -3.596941E-13
  5.000000E-01     2     4  2.577331E+02  9.292521E-01
  5.000000E-01     2     5  3.281279E-12  5.717616E-13
  5.000000E-01     2     6 -4.968947E-14  7.572479E-15
  5.000000E-01     3     1  2.218280E-16  4.852487E-15
  5.000000E-01     3     2  4.769301E-14 -1.684506E-15
  5.000000E-01     3     3  7.598944E+02  2.869234E+02
  5.000000E-01     3     4 -1.295475E-13  4.916436E-14
  5.000000E-01     3     5 -2.448981E-12  9.183678E-13
  5.000000E-01     3     6  1.283053E-12  1.056672E-14
  5.000000E-01     4     1  3.326726E-14  4.483351E-15
  5.000000E-01     4     2  2.416363E+02  7.107417E-01
  5.000000E-01     4     3  3.756934E-13 -5.768637E-13
  5.000000E-01     4     4  3.555244E+02  3.648030E-01
  5.000000E-01     4     5  1.688998E-12  1.256988E-12
  5.000000E-01     4     6  1.233364E-13  2.593264E-14
  5.000000E-01     5     1  3.754828E+02  3.661358E+01
  5.000000E-01     5     2 -2.759897E-12  5.348128E-14
  5.000000E-01     5     3 -8.433456E-12 -6.370345E-12
  5.000000E-01     5     4 -7.485757E-12  5.625026E-14
  5.000000E-01     5     5  8.475335E+04  2.589625E+03
  5.000000E-01     5     6  2.194411E-11 -2.628461E-14
  5.000000E-01     6     1 -5.499116E-13  3.940913E-15
  5.000000E-01     6     2 -3.954416E-12  2.753006E-13
  5.000000E-01     6     3  7.846721E-12  4.204306E-12
  5.000000E-01     6     4  2.255907E-12  4.851750E-14
  5.000000E-01     6     5 -1.562343E-10 -2.792038E-12
  5.000000E-01     6     6  5.314845E+04  6.535629E+00
  6.000000E-01     1     1  2.757139E+01  1.312883E+00
  6.000000E-01     1     2  2.026953E-14 -3.827110E-16
  6.000000E-01     1     3  3.220942E-13  1.235767E-13
  6.000000E-01     1     4  5.628885E-15  3.465340E-15
  6.000000E-01     1     5  3.968268E+02  9.124124E+01
  6.000000E-01     1     6 -2.080746E-13 -1.987931E-15
  6.000000E-01     2     1  4.808121E-14  7.844854E-15
  6.000000E-01     2     2  3.909961E+02  5.164802E+00
  6.000000E-01     2     3 -3.285272E-13  5.545699E-15
  6.000000E-01     2     4  2.657928E+02  2.734364E+00
  6.000000E-01     2     5  1.111092E-11  1.007099E-12
  6.000000E-01     2     6  2.619345E-12 -2.631608E-14
  6.000000E-01     3     1  8.740022E-14  7.567569E-15
  6.000000E-01     3     2 -1.210072E-13  1.276377E-14
  6.000000E-01     3     3  6.948993E+02  3.468951E+02
  6.000000E-01     3     4 -5.307234E-14  5.707160E-14
  6.000000E-01     3     5  6.374449E-12  1.277729E-12
  6.000000E-01     3     6  3.478263E-13  1.318894E-13
  6.000000E-01     4     1  1.326809E-14  9.910049E-15
  6.000000E-01     4     2  2.474590E+02  2.039946E+00
  6.000000E-01     4     3 -4.855260E-13  9.559399E-14
  6.000000E-01     4     4  3.588798E+02  1.056077E+00
  6.000000E-01     4     5  1.607410E-11  1.975378E-12
  6.000000E-01     4     6  3.844722E-12 -9.530263E-14
  6.000000E-01     5     1  4.190953E+02  9.312491E+01
  6.000000E-01     5     2 -1.794481E-12  5.103446E-13
  6.000000E-01     5     3 -7.470002E-12  4.208042E-12
  6.000000E-01     5     4 -7.181230E-12  3.327239E-15
  6.000000E-01     5     5  8.818022E+04  6.490600E+03
  6.000000E-01     5     6  1.469255E-11 -1.906477E-13
  6.000000E-01     6     1 -5.944990E-13 -1.713159E-13
  6.000000E-01     6     2  1.120037E-12  3.218773E-13
  6.000000E-01     6     3  1.060837E-11  7.367739E-12
  6.000000E-01     6     4  2.827003E-12  2.026809E-13
  6.000000E-01     6     5 -2.708608E-11 -5.522038E-12
  6.000000E-01     6     6  5.449429E+04  3.892542E+01
  7.000000E-01     1     1  2.824168E+01  2.625755E+00
  7.000000E-01     1     2  3.604705E-14 -1.918713E-16
  7.000000E-01     1     3  2.433453E-13  1.223223E-13
  7.000000E-01     1     4  1.139641E-14  6.288427E-15
  7.000000E-01     1     5  4.179845E+02  1.806814E+02
  7.000000E-01     1     6 -2.582078E-13  2.103900E-14
  7.000000E-01     2     1  1.186780E-13  1.427027E-14
  7.000000E-01     2     2  4.089866E+02  1.253958E+01
  7.000000E-01     2     3  5.200202E-13 -9.384908E-13
  7.000000E-01     2     4  2.762116E+02  6.703156E+00
  7.000000E-01     2     5  1.490152E-11 -1.768920E-12
  7.000000E-01     2     6  2.924580E-12  3.033696E-13
  7.000000E-01     3     1  1.468501E-13  1.857809E-14
  7.000000E-01     3     2  3.009096E-13  3.077863E-14
  7.000000E-01     3     3  6.158804E+02  3.850704E+02
  7.000000E-01     3     4  1.169033E-13 -4.334063E-14
  7.000000E-01     3     5  1.372849E-11  3.954876E-13
  7.000000E-01     3     6 -5.217394E-13  1.881279E-13
  7.000000E-01     4     1  1.852610E-13  2.333650E-14
  7.000000E-01     4     2  2.547650E+02  4.828888E+00
  7.000000E-01     4     3  1.603678E-12 -1.793083E-12
  7.000000E-01     4     4  3.631126E+02  2.523779E+00
  7.000000E-01     4     5  2.571874E-11 -4.060561E-12
  7.000000E-01     4     6  4.785273E-12  4.062571E-13
  7.000000E-01     5     1  4.424548E+02  1.859308E+02
  7.000000E-01     5     2 -1.648376E-12  3.308229E-13
  7.000000E-01     5     3 -3.407520E-12 -1.004281E-11
  7.000000E-01     5     4 -5.694466E-12  7.221067E-13
  7.000000E-01     5     5  9.048844E+04  1.285693E+04
  7.000000E-01     5     6 -2.146019E-11 -3.815775E-13
  7.000000E-01     6     1  3.207633E-13  1.760462E-13
  7.000000E-01     6     2 -3.396186E-13  1.752391E-13
  7.000000E-01     6     3  1.698121E-11  5.823301E-12
  7.000000E-01     6     4  3.249724E-12  2.988092E-13
  7.000000E-01     6     5 -1.453932E-10 -1.960326E-12
  7.000000E-01     6     6  5.636312E+04  1.716387E+02
  8.000000E-01     1     1  2.832718E+01  4.214333E+00
  8.000000E-01     1     2  3.424469E-14  4.501548E-15
  8.000000E-01     1     3  1.950076E-13  1.072400E-13
  8.000000E-01     1     4  1.479315E-14  9.969261E-15
  8.000000E-01     1     5  3.938944E+02  2.900320E+02
  8.000000E-01     1     6 -4.662824E-13 -2.752053E-14
  8.000000E-01     2     1  9.022853E-14  1.660244E-14
  8.000000E-01     2     2  4.301725E+02  2.632152E+01
  8.000000E-01     2     3 -8.721167E-13  5.371010E-13
  8.000000E-01     2     4  2.886315E+02  1.421993E+01
  8.000000E-01     2     5  1.387933E-11 -3.117792E-12
  8.000000E-01     2     6  2.747118E-12  6.044812E-14
  8.000000E-01     3     1  6.782390E-14  2.706995E-14
  8.000000E-01     3     2 -1.124668E-13  3.939180E-14
  8.000000E-01     3     3  5.314748E+02  3.987708E+02
  8.000000E-01     3     4  1.852264E-14  3.597772E-14
  8.000000E-01     3     5  7.425026E-12  1.131323E-12
  8.000000E-01     3     6 -7.346943E-13  4.878829E-13
  8.000000E-01     4     1  1.307121E-13  3.365546E-14
  8.000000E-01     4     2  2.631723E+02  9.772643E+00
  8.000000E-01     4     3 -1.622533E-12  8.139007E-13
  8.000000E-01     4     4  3.680475E+02  5.159883E+00
  8.000000E-01     4     5  2.349291E-11 -9.488692E-12
  8.000000E-01     4     6  4.227154E-12 -2.855169E-13
  8.000000E-01     5     1  4.189018E+02  3.013078E+02
  8.000000E-01     5     2 -6.703919E-13  8.087244E-14
  8.000000E-01     5     3 -6.236587E-12 -1.315040E-11
  8.000000E-01     5     4 -5.886271E-12 -2.549313E-13
  8.000000E-01     5     5  9.009982E+04  2.093837E+04
  8.000000E-01     5     6  1.007376E-11 -1.402514E-12
  8.000000E-01     6     1 -1.074202E-12 -4.762716E-13
  8.000000E-01     6     2 -1.195653E-12 -4.296531E-13
  8.000000E-01     6     3  1.496607E-11  5.823262E-12
  8.000000E-01     6     4  2.974491E-12 -3.171230E-14
  8.000000E-01     6     5  1.849158E-12 -2.464398E-11
  8.000000E-01     6     6  5.894951E+04  6.009989E+02
  9.000000E-01     1     1  2.775544E+01  5.562311E+00
  9.000000E-01     1     2  3.499336E-14  2.811362E-15
  9.000000E-01     1     3  2.151385E-13  7.431237E-14
  9.000000E-01     1     4  1.785715E-14  6.331340E-15
  9.000000E-01     1     5  3.146134E+02  3.879569E+02
  9.000000E-01     1     6 -3.877553E-13  5.197553E-14
  9.000000E-01     2     1  4.785939E-14  3.700214E-14
  9.000000E-01     2     2  4.522404E+02  4.878225E+01
  9.000000E-01     2     3 -9.907392E-14 -1.189861E-12
  9.000000E-01     2     4  3.018664E+02  2.665468E+01
  9.000000E-01     2     5  1.449513E-11  1.691808E-12
  9.000000E-01     2     6  4.369124E-12  3.661394E-13
  9.000000E-01     3     1  7.697431E-14 -5.530295E-14
  9.000000E-01     3     2 -2.132876E-13 -2.064233E-14
  9.000000E-01     3     3  4.503920E+02  3.876607E+02
  9.000000E-01     3     4 -4.175912E-14 -7.936512E-14
  9.000000E-01     3     5  1.100267E-11 -3.517699E-12
  9.000000E-01     3     6 -1.096718E-12  4.495714E-13
  9.000000E-01     4     1  1.306012E-14  5.543004E-14
  9.000000E-01     4     2  2.719413E+02  1.726888E+01
  9.000000E-01     4     3  1.277244E-15 -2.338406E-12
  9.000000E-01     4     4  3.733300E+02  9.216717E+00
  9.000000E-01     4     5  2.326221E-11  9.647052E-13
  9.000000E-01     4     6  7.388646E-12  3.041200E-13
  9.000000E-01     5     1  3.359386E+02  4.067417E+02
  9.000000E-01     5     2 -3.658255E-12  9.147140E-13
  9.000000E-01     5     3 -2.527579E-12  2.641355E-12
  9.000000E-01     5     4 -6.526845E-12  9.769558E-13
  9.000000E-01     5     5  8.627862E+04  2.903700E+04
  9.000000E-01     5     6  1.925533E-11 -2.708150E-13
  9.000000E-01     6     1 -7.508877E-14  2.677032E-13
  9.000000E-01     6     2 -1.304959E-12 -4.829457E-13
  9.000000E-01     6     3  6.990146E-12  8.673967E-12
  9.000000E-01     6     4  3.388949E-12 -2.104092E-13
  9.000000E-01     6     5 -1.217303E-10 -5.485559E-12
  9.000000E-01     6     6  6.241077E+04  1.741665E+03
  1.000000E+00     1     1  2.692970E+01  6.206987E+00
  1.000000E+00     1     2  4.286826E-14  1.188859E-14
  1.000000E+00     1     3  1.805957E-13  1.099158E-13
  1.000000E+00     1     4  8.581970E-15  1.332701E-14
  1.000000E+00     1     5  1.931195E+02  4.422327E+02
  1.000000E+00     1     6 -3.083409E-13 -6.305460E-14
  1.000000E+00     2     1  5.548472E-14  4.630659E-14
  1.000000E+00     2     2  4.715687E+02  8.091487E+01
  1.000000E+00     2     3 -1.349893E-13 -6.186782E-13
  1.000000E+00     2     4  3.139485E+02  4.474559E+01
  1.000000E+00     2     5  8.805683E-12 -3.582965E-12
  1.000000E+00     2     6  3.595388E-12  7.666375E-13
  1.000000E+00     3     1  8.313003E-14  2.728484E-14
  1.000000E+00     3     2  7.763979E-15  2.044422E-13
  1.000000E+00     3     3  3.823976E+02  3.546544E+02
  1.000000E+00     3     4  9.094947E-15 -1.791261E-14
  1.000000E+00     3     5  1.211713E-11  2.534163E-12
  1.000000E+00     3     6 -1.499557E-12  5.266196E-13
  1.000000E+00     4     1  6.200092E-14  8.659610E-14
  1.000000E+00     4     2  2.804167E+02  2.717129E+01
  1.000000E+00     4     3 -2.697861E-13 -1.192935E-12
  1.000000E+00     4     4  3.786409E+02  1.467103E+01
  1.000000E+00     4     5  1.344477E-11 -9.764868E-12
  1.000000E+00     4     6  5.283055E-12  8.305794E-13
  1.000000E+00     5     1  2.051864E+02  4.664783E+02
  1.000000E+00     5     2 -3.196957E-13  5.748135E-13
  1.000000E+00     5     3 -4.939005E-12 -1.623573E-12
  1.000000E+00     5     4 -5.270678E-12  1.383092E-12
  1.000000E+00     5     5  7.945458E+04  3.548599E+04
  1.000000E+00     5     6 -8.277511E-13 -6.576506E-13
  1.000000E+00     6     1 -7.737360E-13 -6.327643E-14
  1.000000E+00     6     2 -2.444655E-12 -4.510595E-13
  1.000000E+00     6     3  8.666708E-12  1.063854E-11
  1.000000E+00     6     4  4.113523E-12  9.095640E-14
  1.000000E+00     6     5 -1.066549E-10  3.819700E-11
  1.000000E+00     6     6  6.665760E+04  4.270138E+03
  1.100000E+00     1     1  2.659425E+01  6.156236E+00
  1.100000E+00     1     2  3.685117E-14  1.821258E-14
  1.100000E+00     1     3  1.653173E-13  5.765007E-14
  1.100000E+00     1     4  1.168756E-14  2.632317E-14
  1.100000E+00     1     5  5.979008E+01  4.330706E+02
  1.100000E+00     1     6 -4.764865E-13 -6.533842E-14
  1.100000E+00     2     1 -2.417925E-14  1.699001E-14
  1.100000E+00     2     2  4.844346E+02  1.217811E+02
  1.100000E+00     2     3 -2.775900E-13 -8.428455E-13
  1.100000E+00     2     4  3.227280E+02  6.819279E+01
  1.100000E+00     2     5  6.216507E-12  1.525208E-11
  1.100000E+00     2     6  8.589179E-13 -3.041060E-13
  1.100000E+00     3     1  2.545476E-14  1.920829E-14
  1.100000E+00     3     2  1.064774E-14  8.585751E-14
  1.100000E+00     3     3  3.355984E+02  3.090098E+02
  1.100000E+00     3     4 -5.318326E-14  5.719633E-14
  1.100000E+00     3     5  6.317661E-12  6.140198E-12
  1.100000E+00     3     6 -3.407278E-13  2.226346E-13
  1.100000E+00     4     1 -6.916874E-14  4.689267E-14
  1.100000E+00     4     2  2.886399E+02  3.922508E+01
  1.100000E+00     4     3 -7.975829E-13 -1.219499E-12
  1.100000E+00     4     4  3.840107E+02  2.145816E+01
  1.100000E+00     4     5  1.085892E-11  2.338027E-11
  1.100000E+00     4     6  7.994680E-13 -3.974754E-13
  1.100000E+00     5     1  5.883572E+01  4.559272E+02
  1.100000E+00     5     2 -1.456966E-12  7.392906E-13
  1.100000E+00     5     3 -2.968674E-12 -1.965610E-12
  1.100000E+00     5     4 -6.430076E-12  1.666536E-12
  1.100000E+00     5     5  7.061164E+04  3.922648E+04
  1.100000E+00     5     6 -1.724546E-11 -7.725235E-12
  1.100000E+00     6     1  5.781946E-13 -6.486200E-13
  1.100000E+00     6     2 -2.425744E-12 -1.487861E-12
  1.100000E+00     6     3  7.491561E-12  9.945708E-12
  1.100000E+00     6     4  1.334573E-12 -5.009657E-13
  1.100000E+00     6     5 -2.173604E-11 -7.506659E-12
  1.100000E+00     6     6  7.105069E+04  8.928707E+03
  1.200000E+00     1     1  2.733245E+01  6.192043E+00
  1.200000E+00     1     2  3.782167E-14  2.090035E-14
  1.200000E+00     1     3  1.889281E-13  5.638128E-15
  1.200000E+00     1     4 -8.318549E-16  2.406025E-14
  1.200000E+00     1     5 -4.356269E+01  3.610336E+02
  1.200000E+00     1     6 -2.373559E-13 -1.351302E-13
  1.200000E+00     2     1 -8.568106E-14  4.757748E-14
  1.200000E+00     2     2  4.881960E+02  1.692900E+02
  1.200000E+00     2     3 -2.636356E-13 -1.538932E-13
  1.200000E+00     2     4  3.265342E+02  9.602300E+01
  1.200000E+00     2     5  7.141086E-12  1.197871E-12
  1.200000E+00     2     6  1.842060E-12 -1.094351E-13
  1.200000E+00     3     1  7.542151E-15 -7.856407E-15
  1.200000E+00     3     2  3.837624E-14 -1.717318E-13
  1.200000E+00     3     3  3.098199E+02  2.636272E+02
  1.200000E+00     3     4  2.667481E-14 -2.527915E-14
  1.200000E+00     3     5  5.536826E-12  1.981663E-13
  1.200000E+00     3     6 -2.157943E-12 -1.600119E-12
  1.200000E+00     4     1 -1.957355E-13  1.298733E-13
  1.200000E+00     4     2  2.970939E+02  5.419507E+01
  1.200000E+00     4     3 -3.866098E-13 -8.304685E-14
  1.200000E+00     4     4  3.896928E+02  3.010554E+01
  1.200000E+00     4     5  8.608700E-12 -4.063889E-12
  1.200000E+00     4     6  2.205857E-12 -1.104888E-12
  1.200000E+00     5     1 -5.446764E+01  3.726360E+02
  1.200000E+00     5     2 -2.028901E-12  1.623917E-12
  1.200000E+00     5     3 -4.431968E-12 -3.687549E-12
  1.200000E+00     5     4 -6.839424E-12  2.412599E-12
  1.200000E+00     5     5  6.089917E+04  3.950547E+04
  1.200000E+00     5     6  2.414553E-11  6.284525E-12
  1.200000E+00     6     1  2.312557E-13 -1.327409E-12
  1.200000E+00     6     2 -1.076975E-12 -1.426400E-13
  1.200000E+00     6     3  7.830964E-12  8.010023E-12
  1.200000E+00     6     4  1.341532E-12 -1.444990E-12
  1.200000E+00     6     5 -1.023958E-10 -1.998877E-10
  1.200000E+00     6     6  7.434140E+04  1.597041E+04
  1.300000E+00     1     1  2.860613E+01  7.535569E+00
  1.300000E+00     1     2  3.834851E-14  3.218639E-14
  1.300000E+00     1     3  1.669481E-13  9.965195E-14
  1.300000E+00     1     4 -5.892306E-15  2.493432E-14
  1.300000E+00     1     5 -7.802591E+01  2.627503E+02
  1.300000E+00     1     6 -1.845609E-13 -9.316775E-14
  1.300000E+00     2     1 -1.649846E-14 -7.806638E-15
  1.300000E+00     2     2  4.807928E+02  2.214949E+02
  1.300000E+00     2     3 -2.439484E-13 -5.816159E-13
  1.300000E+00     2     4  3.239422E+02  1.272732E+02
  1.300000E+00     2     5  8.332136E-13  1.583237E-11
  1.300000E+00     2     6  1.575866E-12  3.033242E-12
  1.300000E+00     3     1  6.133544E-14  8.711014E-14
  1.300000E+00     3     2  1.748004E-13  1.237118E-13
  1.300000E+00     3     3  2.971553E+02  2.262404E+02
  1.300000E+00     3     4 -1.740240E-13 -9.824420E-14
  1.300000E+00     3     5  4.365575E-12  2.266058E-12
  1.300000E+00     3     6 -1.861580E-12  1.452461E-12
  1.300000E+00     4     1 -4.587680E-14 -1.549063E-14
  1.300000E+00     4     2  3.049947E+02  7.415702E+01
  1.300000E+00     4     3 -4.006595E-13 -7.836287E-13
  1.300000E+00     4     4  3.952105E+02  4.191514E+01
  1.300000E+00     4     5  9.969507E-12  2.690023E-11
  1.300000E+00     4     6  1.877552E-12  4.271895E-12
  1.300000E+00     5     1 -8.637655E+01  2.593800E+02
  1.300000E+00     5     2  4.835295E-13  2.077142E-12
  1.300000E+00     5     3 -5.298877E-12 -4.973495E-12
  1.300000E+00     5     4 -6.339663E-12  2.020850E-12
  1.300000E+00     5     5  5.220049E+04  3.588946E+04
  1.300000E+00     5     6  8.331082E-12 -1.693691E-11
  1.300000E+00     6     1  8.454973E-13 -1.005179E-12
  1.300000E+00     6     2 -1.952585E-12 -7.737957E-13
  1.300000E+00     6     3  4.881893E-12  7.030966E-12
  1.300000E+00     6     4  2.665929E-12  9.630747E-13
  1.300000E+00     6     5 -1.119246E-10  2.450482E-11
  1.300000E+00     6     6  7.525073E+04  2.470481E+04
  1.400000E+00     1     1  2.869973E+01  1.006918E+01
  1.400000E+00     1     2  2.476155E-14  2.228183E-14
  1.400000E+00     1     3  1.943282E-13  4.975285E-14
  1.400000E+00     1     4 -5.947763E-15  2.845142E-14
  1.400000E+00     1     5 -5.419220E+01  2.021817E+02
  1.400000E+00     1     6 -3.580304E-13 -7.668910E-14
  1.400000E+00     2     1  3.050135E-16 -5.379328E-14
  1.400000E+00     2     2  4.592250E+02  2.758602E+02
  1.400000E+00     2     3 -9.758611E-14 -5.787333E-13
  1.400000E+00     2     4  3.129209E+02  1.605474E+02
  1.400000E+00     2     5  6.133710E-12  5.316266E-12
  1.400000E+00     2     6 -9.582969E-13 -1.370263E-12
  1.400000E+00     3     1  1.645964E-13  1.434356E-13
  1.400000E+00     3     2  8.862028E-14  2.086767E-13
  1.400000E+00     3     3  2.894614E+02  1.970961E+02
  1.400000E+00     3     4 -1.498448E-13 -2.063792E-14
  1.400000E+00     3     5  6.353153E-13  2.337433E-12
  1.400000E+00     3     6 -6.637093E-13 -6.921033E-13
  1.400000E+00     4     1 -6.356065E-14 -9.923831E-14
  1.400000E+00     4     2  3.090434E+02  1.004213E+02
  1.400000E+00     4     3 -3.761072E-13 -1.232393E-12
  1.400000E+00     4     4  3.985885E+02  5.777224E+01
  1.400000E+00     4     5  9.277387E-12  6.692233E-12
  1.400000E+00     4     6 -3.627331E-12 -1.902333E-12
  1.400000E+00     5     1 -5.068590E+01  1.950448E+02
  1.400000E+00     5     2 -2.603546E-12  2.375540E-12
  1.400000E+00     5     3 -6.756636E-12  9.369390E-12
  1.400000E+00     5     4 -8.418763E-12  2.703080E-12
  1.400000E+00     5     5  4.686032E+04  2.976417E+04
  1.400000E+00     5     6  8.769304E-11  1.402016E-11
  1.400000E+00     6     1  2.179238E-12  1.142969E-12
  1.400000E+00     6     2 -3.021408E-12 -5.225316E-12
  1.400000E+00     6     3  5.235320E-12  8.060516E-12
  1.400000E+00     6     4  2.171419E-12 -2.298752E-12
  1.400000E+00     6     5 -1.067463E-10  1.216720E-10
  1.400000E+00     6     6  7.320747E+04  3.378215E+04
  1.500000E+00     1     1  2.729879E+01  1.189104E+01
  1.500000E+00     1     2  3.807123E-14  3.918961E-14
  1.500000E+00     1     3  1.425938E-13  1.001923E-14
  1.500000E+00     1     4 -2.287601E-15  2.221977E-14
  1.500000E+00     1     5 -3.573088E+01  1.960115E+02
  1.500000E+00     1     6 -3.127774E-13  7.690037E-15
  1.500000E+00     2     1 -1.028173E-13 -9.453569E-14
  1.500000E+00     2     2  4.205503E+02  3.267337E+02
  1.500000E+00     2     3 -6.539073E-13 -2.099972E-14
  1.500000E+00     2     4  2.913941E+02  1.924992E+02
  1.500000E+00     2     5  5.009507E-12  2.253772E-12
  1.500000E+00     2     6 -3.939665E-13  9.299029E-13
  1.500000E+00     3     1  1.516749E-14 -9.834374E-15
  1.500000E+00     3     2 -4.137092E-14 -3.529283E-13
  1.500000E+00     3     3  2.820692E+02  1.723412E+02
  1.500000E+00     3     4 -4.591839E-14 -2.750667E-13
  1.500000E+00     3     5 -2.697428E-13 -3.645077E-12
  1.500000E+00     3     6 -3.554571E-12 -1.183083E-13
  1.500000E+00     4     1 -2.456398E-13 -1.614261E-13
  1.500000E+00     4     2  3.052511E+02  1.314183E+02
  1.500000E+00     4     3 -7.473281E-13  5.206857E-13
  1.500000E+00     4     4  3.973353E+02  7.685871E+01
  1.500000E+00     4     5  7.396105E-12  2.319433E-12
  1.500000E+00     4     6  5.661050E-13  1.759540E-12
  1.500000E+00     5     1 -2.827812E+01  1.971080E+02
  1.500000E+00     5     2  1.713652E-12  2.873379E-12
  1.500000E+00     5     3 -4.316783E-12  3.736323E-13
  1.500000E+00     5     4 -7.875583E-12  2.845147E-12
  1.500000E+00     5     5  4.503537E+04  2.408090E+04
  1.500000E+00     5     6  8.970757E-11  6.776608E-11
  1.500000E+00     6     1 -4.492017E-14  8.271596E-13
  1.500000E+00     6     2  4.469834E-13 -6.749486E-13
  1.500000E+00     6     3  4.451727E-12  3.055643E-12
  1.500000E+00     6     4  2.685228E-12  7.026401E-13
  1.500000E+00     6     5  1.270529E-10 -1.650601E-10
  1.500000E+00     6     6  6.857735E+04  4.188941E+04
  1.600000E+00     1     1  2.620728E+01  1.230172E+01
  1.600000E+00     1     2  1.434950E-14  2.994678E-14
  1.600000E+00     1     3  1.644161E-13  9.287313E-14
  1.600000E+00     1     4 -2.453972E-15  2.568352E-14
  1.600000E+00     1     5 -5.579616E+01  1.988671E+02
  1.600000E+00     1     6 -3.065663E-13 -1.952086E-13
  1.600000E+00     2     1  9.302911E-15  2.356922E-14
  1.600000E+00     2     2  3.656626E+02  3.652874E+02
  1.600000E+00     2     3 -1.974269E-14 -3.743347E-13
  1.600000E+00     2     4  2.595135E+02  2.176890E+02
  1.600000E+00     2     5  6.324343E-12  1.364242E-13
  1.600000E+00     2     6 -7.453420E-14  2.333630E-12
  1.600000E+00     3     1 -3.382877E-14  7.590676E-14
  1.600000E+00     3     2  4.375557E-14  1.192325E-14
  1.600000E+00     3     3  2.754855E+02  1.470582E+02
  1.600000E+00     3     4  1.355369E-13  3.743347E-14
  1.600000E+00     3     5  6.587404E-12  5.845167E-13
  1.600000E+00     3     6 -1.627330E-12 -8.229818E-13
  1.600000E+00     4     1  3.065732E-14  4.112483E-14
  1.600000E+00     4     2  2.907253E+02  1.634552E+02
  1.600000E+00     4     3  1.946333E-13 -6.863323E-13
  1.600000E+00     4     4  3.894946E+02  9.700701E+01
  1.600000E+00     4     5  7.515282E-12 -3.664598E-12
  1.600000E+00     4     6  1.061225E-12  3.190441E-12
  1.600000E+00     5     1 -5.845493E+01  2.036613E+02
  1.600000E+00     5     2 -1.660161E-12  4.768868E-14
  1.600000E+00     5     3 -1.044765E-11  1.335547E-12
  1.600000E+00     5     4 -7.310422E-12  1.085744E-12
  1.600000E+00     5     5  4.472603E+04  2.025796E+04
  1.600000E+00     5     6  2.518313E-11 -4.634680E-12
  1.600000E+00     6     1 -3.188555E-12  1.797777E-12
  1.600000E+00     6     2 -8.010208E-13 -4.824551E-12
  1.600000E+00     6     3  4.956774E-12  5.378358E-12
  1.600000E+00     6     4  3.103055E-12 -1.649880E-12
  1.600000E+00     6     5 -4.909142E-11 -3.564110E-11
  1.600000E+00     6     6  6.227476E+04  4.846836E+04
  1.700000E+00     1     1  2.653461E+01  1.298989E+01
  1.700000E+00     1     2 -4.020632E-15 -3.588394E-15
  1.700000E+00     1     3  1.591338E-13  4.617610E-14
  1.700000E+00     1     4 -7.854097E-15  1.640875E-14
  1.700000E+00     1     5 -9.023526E+01  1.695092E+02
  1.700000E+00     1     6 -1.998670E-13 -6.190305E-13
  1.700000E+00     2     1  6.008765E-14  2.537973E-14
  1.700000E+00     2     2  3.026125E+02  3.835846E+02
  1.700000E+00     2     3  4.752664E-14 -6.421267E-13
  1.700000E+00     2     4  2.218515E+02  2.309542E+02
  1.700000E+00     2     5  3.843392E-12  2.532493E-12
  1.700000E+00     2     6  9.476491E-13  5.939770E-12
  1.700000E+00     3     1  2.185144E-13  8.677388E-15
  1.700000E+00     3     2  1.870010E-13  1.364894E-13
  1.700000E+00     3     3  2.739464E+02  1.213664E+02
  1.700000E+00     3     4 -7.974716E-14  1.524741E-13
  1.700000E+00     3     5  9.121566E-12  1.000783E-11
  1.700000E+00     3     6 -2.927242E-12 -1.177515E-12
  1.700000E+00     4     1  1.372717E-13 -1.389687E-14
  1.700000E+00     4     2  2.647235E+02  1.902959E+02
  1.700000E+00     4     3 -5.545318E-13 -1.138483E-12
  1.700000E+00     4     4  3.743687E+02  1.143775E+02
  1.700000E+00     4     5  6.673196E-12  4.817582E-12
  1.700000E+00     4     6  3.314997E-12  8.770295E-12
  1.700000E+00     5     1 -1.010375E+02  1.596761E+02
  1.700000E+00     5     2 -2.496393E-12 -1.947046E-12
  1.700000E+00     5     3 -2.144921E-13  4.716740E-13
  1.700000E+00     5     4 -6.319110E-12  6.063448E-13
  1.700000E+00     5     5  4.418557E+04  1.774240E+04
  1.700000E+00     5     6  2.417869E-12 -3.619097E-11
  1.700000E+00     6     1  3.543924E-12  2.679551E-13
  1.700000E+00     6     2 -1.978373E-12 -2.843639E-12
  1.700000E+00     6     3  4.928519E-12  4.243080E-12
  1.700000E+00     6     4  1.334739E-12 -1.029217E-12
  1.700000E+00     6     5  1.290245E-10 -3.584844E-11
  1.700000E+00     6     6  5.468863E+04  5.372760E+04
  1.800000E+00     1     1  2.640834E+01  1.550999E+01
  1.800000E+00     1     2 -6.377554E-15  2.754364E-14
  1.800000E+00     1     3  1.563610E-13  3.181075E-14
  1.800000E+00     1     4 -1.952086E-14  1.360237E-14
  1.800000E+00     1     5 -9.027601E+01  1.186580E+02
  1.800000E+00     1     6 -2.648626E-13 -4.012622E-13
  1.800000E+00     2     1  8.434316E-14  9.107271E-14
  1.800000E+00     2     2  2.437149E+02  3.824884E+02
  1.800000E+00     2     3 -1.983419E-13 -6.285126E-15
  1.800000E+00     2     4  1.858922E+02  2.323667E+02
  1.800000E+00     2     5  9.906837E-13  5.205563E-13
  1.800000E+00     2     6  1.118013E-12  1.167308E-12
  1.800000E+00     3     1  1.867930E-13  2.014937E-14
  1.800000E+00     3     2 -1.584129E-13 -5.360843E-14
  1.800000E+00     3     3  2.772728E+02  9.928167E+01
  1.800000E+00     3     4 -1.215617E-13 -1.048753E-13
  1.800000E+00     3     5  8.599827E-12  4.569656E-12
  1.800000E+00     3     6 -1.121562E-12  5.402744E-13
  1.800000E+00     4     1  2.340718E-13  8.407896E-14
  1.800000E+00     4     2  2.323650E+02  2.059678E+02
  1.800000E+00     4     3 -4.703446E-15  5.108205E-14
  1.800000E+00     4     4  3.549091E+02  1.251388E+02
  1.800000E+00     4     5  2.871119E-12  4.946764E-13
  1.800000E+00     4     6  5.001777E-12  3.381644E-13
  1.800000E+00     5     1 -8.560890E+01  9.649868E+01
  1.800000E+00     5     2 -4.019346E-12 -7.126917E-13
  1.800000E+00     5     3 -6.481519E-13 -4.725475E-13
  1.800000E+00     5     4 -6.723705E-12  2.837188E-12
  1.800000E+00     5     5  4.314196E+04  1.497495E+04
  1.800000E+00     5     6 -2.855658E-11  2.305963E-11
  1.800000E+00     6     1  8.357369E-13  3.764914E-14
  1.800000E+00     6     2  1.590354E-12  8.115207E-13
  1.800000E+00     6     3  1.072164E-12  2.961403E-12
  1.800000E+00     6     4  3.633667E-12  2.709074E-13
  1.800000E+00     6     5 -9.157103E-11  1.611703E-11
  1.800000E+00     6     6  4.527010E+04  5.697863E+04
  1.900000E+00     1     1  2.417834E+01  1.744559E+01
  1.900000E+00     1     2  4.058066E-14  5.782121E-14
  1.900000E+00     1     3  1.489714E-13  4.967779E-14
  1.900000E+00     1     4  5.476378E-16  2.194929E-14
  1.900000E+00     1     5 -6.653104E+01  1.011043E+02
  1.900000E+00     1     6  6.488468E-14 -4.170366E-13
  1.900000E+00     2     1 -1.961445E-14 -2.241630E-14
  1.900000E+00     2     2  1.942688E+02  3.710573E+02
  1.900000E+00     2     3 -1.062279E-13 -4.416712E-13
  1.900000E+00     2     4  1.550886E+02  2.271857E+02
  1.900000E+00     2     5 -2.239575E-12 -1.238501E-12
  1.900000E+00     2     6 -1.664597E-12  1.128287E-12
  1.900000E+00     3     1 -3.940913E-14 -9.772106E-14
  1.900000E+00     3     2  2.486830E-13 -1.631019E-13
  1.900000E+00     3     3  2.820786E+02  8.168328E+01
  1.900000E+00     3     4 -1.313222E-13  8.347737E-14
  1.900000E+00     3     5 -3.300800E-13  1.543923E-12
  1.900000E+00     3     6 -2.005769E-12  1.686827E-12
  1.900000E+00     4     1 -1.536915E-13 -2.872089E-14
  1.900000E+00     4     2  2.014136E+02  2.116072E+02
  1.900000E+00     4     3 -5.091507E-13 -1.077777E-12
  1.900000E+00     4     4  3.358721E+02  1.297528E+02
  1.900000E+00     4     5 -8.649239E-12 -4.094010E-12
  1.900000E+00     4     6 -3.041262E-12  4.471118E-12
  1.900000E+00     5     1 -5.212057E+01  9.057279E+01
  1.900000E+00     5     2  2.137014E-12  2.360957E-12
  1.900000E+00     5     3  1.269348E-12  2.042353E-12
  1.900000E+00     5     4 -8.145992E-12 -3.279479E-13
  1.900000E+00     5     5  4.304466E+04  1.171331E+04
  1.900000E+00     5     6 -1.104204E-11 -6.135528E-12
  1.900000E+00     6     1  4.353374E-13  1.225308E-13
  1.900000E+00     6     2 -4.685284E-13 -5.659941E-12
  1.900000E+00     6     3  2.940718E-12  4.459005E-12
  1.900000E+00     6     4  3.918356E-12  1.625474E-13
  1.900000E+00     6     5 -1.032041E-10 -3.291880E-11
  1.900000E+00     6     6  3.566820E+04  5.627436E+04
  2.000000E+00     1     1  2.257965E+01  1.771781E+01
  2.000000E+00     1     2 -5.436865E-14  3.427242E-14
  2.000000E+00     1     3  2.384096E-13  1.166399E-13
  2.000000E+00     1     4 -3.199175E-14  1.308785E-14
  2.000000E+00     1     5 -6.817440E+01  1.006887E+02
  2.000000E+00     1     6  6.033721E-14  2.937002E-13
  2.000000E+00     2     1  7.422919E-14  6.216729E-14
  2.000000E+00     2     2  1.507259E+02  3.534746E+02
  2.000000E+00     2     3 -2.551299E-13 -1.375888E-13
  2.000000E+00     2     4  1.274445E+02  2.178563E+02
  2.000000E+00     2     5  4.324758E-12  4.543037E-13
  2.000000E+00     2     6  1.884650E-12  3.173027E-12
  2.000000E+00     3     1  3.798804E-15 -2.559895E-13
  2.000000E+00     3     2  4.080474E-13 -7.331415E-14
  2.000000E+00     3     3  2.867892E+02  6.607929E+01
  2.000000E+00     3     4  6.222275E-14  1.167370E-13
  2.000000E+00     3     5 -2.480924E-12 -4.002664E-12
  2.000000E+00     3     6 -9.587405E-13  5.288379E-13
  2.000000E+00     4     1  2.385552E-13  7.784776E-14
  2.000000E+00     4     2  1.724948E+02  2.122957E+02
  2.000000E+00     4     3 -2.526413E-13  1.596884E-13
  2.000000E+00     4     4  3.177427E+02  1.311939E+02
  2.000000E+00     4     5  6.064943E-12 -5.653286E-12
  2.000000E+00     4     6  5.858477E-12  2.459629E-12
  2.000000E+00     5     1 -6.471877E+01  9.345216E+01
  2.000000E+00     5     2 -3.867474E-12  7.025708E-13
  2.000000E+00     5     3 -4.990298E-12  1.450110E-12
  2.000000E+00     5     4 -8.497906E-12  2.882585E-13
  2.000000E+00     5     5  4.387895E+04  9.259432E+03
  2.000000E+00     5     6 -4.426788E-11  2.232957E-10
  2.000000E+00     6     1  1.003993E-12  2.823981E-12
  2.000000E+00     6     2 -8.429428E-13 -2.054016E-12
  2.000000E+00     6     3  5.231258E-13  9.332858E-13
  2.000000E+00     6     4  3.918719E-12  2.332688E-12
  2.000000E+00     6     5 -8.085896E-11 -4.496276E-11
  2.000000E+00     6     6  2.894429E+04  5.331311E+04
  2.100000E+00     1     1  2.204142E+01  1.908857E+01
  2.100000E+00     1     2  2.578794E-14 -3.271963E-14
  2.100000E+00     1     3  2.227430E-13  7.132826E-14
  2.100000E+00     1     4 -3.613955E-14  1.810275E-14
  2.100000E+00     1     5 -7.886430E+01  7.677334E+01
  2.100000E+00     1     6 -2.832743E-13 -1.024211E-12
  2.100000E+00     2     1 -8.055128E-14  3.966495E-14
  2.100000E+00     2     2  1.154647E+02  3.281760E+02
  2.100000E+00     2     3 -7.037493E-14 -2.909115E-13
  2.100000E+00     2     4  1.046284E+02  2.032952E+02
  2.100000E+00     2     5  3.747118E-12  8.357633E-13
  2.100000E+00     2     6 -8.766642E-13  8.788613E-13
  2.100000E+00     3     1  1.231145E-14  1.737388E-13
  2.100000E+00     3     2  4.223778E-13  9.744586E-14
  2.100000E+00     3     3  2.933464E+02  5.193574E+01
  2.100000E+00     3     4 -2.831634E-13  1.736068E-13
  2.100000E+00     3     5  2.945876E-12 -1.127309E-11
  2.100000E+00     3     6 -9.152137E-13 -6.255126E-12
  2.100000E+00     4     1 -2.318449E-13  8.681660E-15
  2.100000E+00     4     2  1.448919E+02  2.064005E+02
  2.100000E+00     4     3 -2.568005E-13 -2.909446E-13
  2.100000E+00     4     4  3.001769E+02  1.283504E+02
  2.100000E+00     4     5  1.142769E-11  8.813120E-12
  2.100000E+00     4     6  3.137535E-12  3.605867E-12
  2.100000E+00     5     1 -7.154077E+01  5.278952E+01
  2.100000E+00     5     2  8.001920E-13  5.757327E-12
  2.100000E+00     5     3 -2.658711E-12 -9.512261E-13
  2.100000E+00     5     4 -9.370287E-12  1.075116E-12
  2.100000E+00     5     5  4.454502E+04  7.659683E+03
  2.100000E+00     5     6  2.882850E-11 -2.075570E-12
  2.100000E+00     6     1 -5.920589E-13 -2.313349E-14
  2.100000E+00     6     2  3.396285E-12  2.746442E-14
  2.100000E+00     6     3  1.013172E-12  1.905555E-12
  2.100000E+00     6     4  3.768827E-12 -6.034249E-14
  2.100000E+00     6     5 -3.602575E-11 -4.810287E-11
  2.100000E+00     6     6  2.377163E+04  5.121207E+04
  2.200000E+00     1     1  1.929638E+01  2.095191E+01
  2.200000E+00     1     2  9.292513E-15  3.425730E-14
  2.200000E+00     1     3  1.323065E-13  8.890764E-14
  2.200000E+00     1     4  3.128121E-15  4.159275E-15
  2.200000E+00     1     5 -6.031290E+01  5.465765E+01
  2.200000E+00     1     6 -1.655946E-13 -2.359443E-13
  2.200000E+00     2     1  6.236139E-14 -4.925589E-14
  2.200000E+00     2     2  9.165804E+01  3.021544E+02
  2.200000E+00     2     3 -2.602319E-13 -1.511455E-13
  2.200000E+00     2     4  8.884189E+01  1.878778E+02
  2.200000E+00     2     5  2.542149E-13  4.250224E-12
  2.200000E+00     2     6  1.210293E-12 -2.452207E-13
  2.200000E+00     3     1  3.403049E-13  1.526076E-13
  2.200000E+00     3     2  3.413551E-14 -7.390401E-13
  2.200000E+00     3     3  3.009854E+02  4.094216E+01
  2.200000E+00     3     4  4.200313E-13 -1.783194E-13
  2.200000E+00     3     5  5.774626E-12  2.312738E-11
  2.200000E+00     3     6 -5.006990E-12 -1.045576E-11
  2.200000E+00     4     1 -1.696464E-13 -2.560601E-13
  2.200000E+00     4     2  1.234522E+02  1.952715E+02
  2.200000E+00     4     3 -4.402038E-13  1.146132E-13
  2.200000E+00     4     4  2.863064E+02  1.220107E+02
  2.200000E+00     4     5  5.843393E-12 -8.310281E-12
  2.200000E+00     4     6  1.012955E-11  1.156732E-12
  2.200000E+00     5     1 -3.653399E+01  3.989593E+01
  2.200000E+00     5     2  2.896867E-12 -2.392994E-12
  2.200000E+00     5     3 -5.766415E-12 -3.966577E-12
  2.200000E+00     5     4 -7.823757E-12 -1.502960E-12
  2.200000E+00     5     5  4.504480E+04  5.930177E+03
  2.200000E+00     5     6 -1.263256E-10 -1.647597E-11
  2.200000E+00     6     1  4.108809E-13  1.545133E-12
  2.200000E+00     6     2 -5.456483E-13 -4.318587E-13
  2.200000E+00     6     3  6.296726E-12  2.171368E-12
  2.200000E+00     6     4  3.917489E-12  2.068798E-13
  2.200000E+00     6     5 -5.099736E-11 -1.805599E-11
  2.200000E+00     6     6  1.800672E+04  4.814199E+04
  2.300000E+00     1     1  1.684064E+01  2.052884E+01
  2.300000E+00     1     2 -2.460904E-14  1.813203E-14
  2.300000E+00     1     3  1.265806E-13 -4.737956E-15
  2.300000E+00     1     4 -2.779782E-15  1.455143E-14
  2.300000E+00     1     5 -5.326307E+01  5.575068E+01
  2.300000E+00     1     6 -1.452973E-12 -9.505811E-13
  2.300000E+00     2     1  8.584743E-14  1.716756E-14
  2.300000E+00     2     2  7.212371E+01  2.796759E+02
  2.300000E+00     2     3  2.806124E-14  2.025386E-14
  2.300000E+00     2     4  7.565923E+01  1.743588E+02
  2.300000E+00     2     5  1.584739E-12  2.033102E-12
  2.300000E+00     2     6  5.749781E-13  8.826825E-13
  2.300000E+00     3     1 -9.839457E-14 -3.399755E-15
  2.300000E+00     3     2  8.080084E-14  1.093757E-12
  2.300000E+00     3     3  3.079610E+02  3.228796E+01
  2.300000E+00     3     4 -7.421255E-13 -3.077863E-13
  2.300000E+00     3     5  1.499202E-11 -7.468080E-12
  2.300000E+00     3     6  7.029396E-12  4.794571E-12
  2.300000E+00     4     1  4.386094E-13 -1.363097E-13
  2.300000E+00     4     2  1.067384E+02  1.850460E+02
  2.300000E+00     4     3 -2.842102E-13  3.853658E-14
  2.300000E+00     4     4  2.753040E+02  1.160258E+02
  2.300000E+00     4     5  6.917373E-12  7.623167E-12
  2.300000E+00     4     6 -8.496011E-13 -8.001239E-13
  2.300000E+00     5     1 -3.864873E+01  4.881534E+01
  2.300000E+00     5     2 -4.617025E-12 -6.423029E-12
  2.300000E+00     5     3 -1.120767E-11  2.433170E-12
  2.300000E+00     5     4 -5.637644E-12  3.838754E-12
  2.300000E+00     5     5  4.603434E+04  4.474151E+03
  2.300000E+00     5     6  9.927179E-11 -2.189963E-11
  2.300000E+00     6     1  1.702474E-12  7.519004E-13
  2.300000E+00     6     2 -1.057995E-12 -8.829718E-14
  2.300000E+00     6     3  4.895993E-12  2.484980E-12
  2.300000E+00     6     4  3.271242E-12  2.175602E-12
  2.300000E+00     6     5 -1.666594E-11  6.261722E-12
  2.300000E+00     6     6  1.447253E+04  4.354849E+04
  2.400000E+00     1     1  1.557988E+01  2.106981E+01
  2.400000E+00     1     2 -2.320182E-14 -3.609326E-14
  2.400000E+00     1     3  1.506489E-13  4.860574E-14
  2.400000E+00     1     4 -2.528492E-14 -9.739635E-15
  2.400000E+00     1     5 -5.747142E+01  4.178498E+01
  2.400000E+00     1     6 -6.590509E-13  4.015086E-13
  2.400000E+00     2     1  1.422749E-13  2.100434E-14
  2.400000E+00     2     2  5.588172E+01  2.551363E+02
  2.400000E+00     2     3 -3.843170E-14 -6.183455E-14
  2.400000E+00     2     4  6.453982E+01  1.591899E+02
  2.400000E+00     2     5  2.712069E-12  1.552796E-12
  2.400000E+00     2     6 -2.248448E-12  6.506954E-14
  2.400000E+00     3     1 -1.460321E-13  1.220400E-13
  2.400000E+00     3     2  1.162067E-13  5.919572E-13
  2.400000E+00     3     3  3.150090E+02  2.485738E+01
  2.400000E+00     3     4 -1.988688E-13  4.695128E-13
  2.400000E+00     3     5  1.038510E-11  3.151066E-12
  2.400000E+00     3     6  6.263091E-12 -4.406982E-12
  2.400000E+00     4     1  3.263783E-13 -2.371480E-13
  2.400000E+00     4     2  9.077943E+01  1.731636E+02
  2.400000E+00     4     3  2.176410E-13 -2.571183E-13
  2.400000E+00     4     4  2.647220E+02  1.087724E+02
  2.400000E+00     4     5  4.333742E-12  3.541484E-12
  2.400000E+00     4     6 -1.363222E-11  9.054279E-12
  2.400000E+00     5     1 -3.908369E+01  2.284143E+01
  2.400000E+00     5     2 -4.835493E-12  2.039402E-12
  2.400000E+00     5     3 -1.125581E-11  6.513539E-13
  2.400000E+00     5     4 -8.917302E-12  2.344433E-12
  2.400000E+00     5     5  4.693831E+04  3.603523E+03
  2.400000E+00     5     6 -5.753563E-11  1.231841E-10
  2.400000E+00     6     1  1.417536E-12  1.402415E-12
  2.400000E+00     6     2  2.026967E-12 -2.091191E-12
  2.400000E+00     6     3  4.313431E-12  9.291588E-13
  2.400000E+00     6     4  3.275761E-12 -2.483087E-13
  2.400000E+00     6     5 -4.333454E-11  1.336846E-11
  2.400000E+00     6     6  1.250037E+04  4.060332E+04
  2.500000E+00     1     1  1.236193E+01  2.116374E+01
  2.500000E+00     1     2 -2.035965E-14  3.083409E-15
  2.500000E+00     1     3  1.288543E-13  6.063668E-14
  2.500000E+00     1     4 -1.705303E-14 -2.917038E-14
  2.500000E+00     1     5 -4.267995E+01  3.073453E+01
  2.500000E+00     1     6  9.472055E-14  4.280393E-13
  2.500000E+00     2     1 -9.710520E-14  3.926355E-15
  2.500000E+00     2     2  4.673901E+01  2.325398E+02
  2.500000E+00     2     3 -2.467836E-14 -1.042591E-14
  2.500000E+00     2     4  5.801367E+01  1.449954E+02
  2.500000E+00     2     5  2.076754E-12  1.673825E-12
  2.500000E+00     2     6  7.187226E-13  7.609587E-13
  2.500000E+00     3     1  2.051909E-15 -5.035495E-14
  2.500000E+00     3     2 -2.896761E-13  7.595390E-14
  2.500000E+00     3     3  3.220089E+02  1.937078E+01
  2.500000E+00     3     4 -7.996899E-14  1.255546E-14
  2.500000E+00     3     5  7.063003E-12  3.612602E-12
  2.500000E+00     3     6  6.305238E-12  3.145343E-12
  2.500000E+00     4     1 -3.672154E-13  1.975655E-13
  2.500000E+00     4     2  7.968167E+01  1.594332E+02
  2.500000E+00     4     3  1.765404E-13 -4.711626E-14
  2.500000E+00     4     4  2.572331E+02  1.001652E+02
  2.500000E+00     4     5  5.675469E-12  2.824136E-12
  2.500000E+00     4     6  3.618902E-12  2.008874E-13
  2.500000E+00     5     1 -1.536160E+01  2.402020E+01
  2.500000E+00     5     2  4.619011E-12 -7.415155E-13
  2.500000E+00     5     3 -4.234561E-12  5.521562E-13
  2.500000E+00     5     4 -4.720515E-12  1.118044E-12
  2.500000E+00     5     5  4.764877E+04  2.739498E+03
  2.500000E+00     5     6  1.028712E-10  7.105239E-12
  2.500000E+00     6     1 -4.948428E-13 -2.192548E-13
  2.500000E+00     6     2  1.556872E-12 -6.212071E-13
  2.500000E+00     6     3  2.520465E-12 -5.615242E-13
  2.500000E+00     6     4  4.277745E-12  8.600492E-13
  2.500000E+00     6     5 -3.356035E-11  8.952977E-13
  2.500000E+00     6     6  9.538884E+03  3.753674E+04
  2.600000E+00     1     1  1.067246E+01  1.980446E+01
  2.600000E+00     1     2 -6.918260E-15 -2.156424E-14
  2.600000E+00     1     3  1.295891E-13  3.507655E-14
  2.600000E+00     1     4  5.171365E-15  3.493791E-14
  2.600000E+00     1     5 -3.980862E+01  3.043212E+01
  2.600000E+00     1     6 -1.936558E-13 -2.982733E-13
  2.600000E+00     2     1 -4.250779E-14 -3.879857E-14
  2.600000E+00     2     2  3.830268E+01  2.139349E+02
  2.600000E+00     2     3 -2.972495E-14  2.487033E-14
  2.600000E+00     2     4  5.199255E+01  1.331516E+02
  2.600000E+00     2     5  3.790596E-12  1.945261E-14
  2.600000E+00     2     6  1.231589E-12 -1.990309E-12
  2.600000E+00     3     1  5.046586E-15  1.336620E-13
  2.600000E+00     3     2  4.767360E-13 -2.720805E-13
  2.600000E+00     3     3  3.282122E+02  1.520811E+01
  2.600000E+00     3     4  1.437445E-13 -2.179247E-13
  2.600000E+00     3     5  9.004441E-12  2.499489E-12
  2.600000E+00     3     6 -5.613317E-12 -3.680297E-12
  2.600000E+00     4     1 -2.483156E-13  4.283520E-14
  2.600000E+00     4     2  7.101564E+01  1.483849E+02
  2.600000E+00     4     3  6.741491E-14 -1.269272E-13
  2.600000E+00     4     4  2.513008E+02  9.312396E+01
  2.600000E+00     4     5  1.187933E-11 -6.275002E-12
  2.600000E+00     4     6  5.038157E-12 -7.183814E-12
  2.600000E+00     5     1 -2.138351E+01  2.505363E+01
  2.600000E+00     5     2 -4.098923E-12 -5.170085E-13
  2.600000E+00     5     3 -9.516238E-12 -2.752107E-12
  2.600000E+00     5     4 -6.357479E-12  3.303453E-12
  2.600000E+00     5     5  4.851783E+04  2.084837E+03
  2.600000E+00     5     6 -6.198256E-11  1.655867E-10
  2.600000E+00     6     1  6.418592E-13  1.000785E-13
  2.600000E+00     6     2  1.465396E-12 -2.154291E-13
  2.600000E+00     6     3  4.150803E-12 -2.987426E-13
  2.600000E+00     6     4  1.217212E-12 -4.908584E-13
  2.600000E+00     6     5 -3.300578E-11 -5.513790E-12
  2.600000E+00     6     6  8.274748E+03  3.365778E+04
  2.700000E+00     1     1  8.859588E+00  1.961904E+01
  2.700000E+00     1     2  5.126999E-14  1.164597E-14
  2.700000E+00     1     3  1.447012E-13  2.906357E-14
  2.700000E+00     1     4 -6.460740E-15 -4.662495E-15
  2.700000E+00     1     5 -3.608985E+01  1.904359E+01
  2.700000E+00     1     6 -1.539042E-12 -1.161393E-12
  2.700000E+00     2     1 -2.905946E-14  4.174647E-14
  2.700000E+00     2     2  3.203515E+01  1.940188E+02
  2.700000E+00     2     3 -1.126332E-13  2.842684E-14
  2.700000E+00     2     4  4.746945E+01  1.202681E+02
  2.700000E+00     2     5  3.475601E-12  8.656221E-13
  2.700000E+00     2     6  7.222719E-13  1.130501E-13
  2.700000E+00     3     1  6.693659E-14  3.752590E-14
  2.700000E+00     3     2 -2.102011E-13 -4.551581E-13
  2.700000E+00     3     3  3.341842E+02  1.188348E+01
  2.700000E+00     3     4  1.763532E-14  2.221155E-13
  2.700000E+00     3     5  9.370014E-12  2.484473E-13
  2.700000E+00     3     6 -1.268856E-13 -1.273786E-12
  2.700000E+00     4     1 -1.344555E-13  2.018357E-13
  2.700000E+00     4     2  6.268525E+01  1.360706E+02
  2.700000E+00     4     3  1.769078E-14  2.041588E-13
  2.700000E+00     4     4  2.456376E+02  8.512999E+01
  2.700000E+00     4     5  1.071318E-11 -1.481318E-13
  2.700000E+00     4     6  4.377997E-12 -5.790532E-13
  2.700000E+00     5     1 -9.452919E+00  1.120398E+01
  2.700000E+00     5     2  4.321426E-12  1.650462E-13
  2.700000E+00     5     3 -8.098196E-12 -2.012130E-12
  2.700000E+00     5     4 -7.415146E-12  5.328955E-13
  2.700000E+00     5     5  4.922703E+04  1.694965E+03
  2.700000E+00     5     6  1.390873E-11  3.198004E-11
  2.700000E+00     6     1 -5.811338E-13  9.346352E-13
  2.700000E+00     6     2  6.411799E-13  7.928296E-15
  2.700000E+00     6     3  2.770215E-12  6.544028E-13
  2.700000E+00     6     4  2.028645E-12 -6.740695E-13
  2.700000E+00     6     5 -2.526887E-11  1.468994E-11
  2.700000E+00     6     6  7.447869E+03  3.147501E+04
  2.800000E+00     1     1  6.966902E+00  1.785703E+01
  2.800000E+00     1     2 -3.854261E-15 -1.812255E-14
  2.800000E+00     1     3  1.278145E-13  3.588365E-14
  2.800000E+00     1     4 -1.276897E-14  1.636972E-14
  2.800000E+00     1     5 -2.751739E+01  1.729781E+01
  2.800000E+00     1     6 -1.588288E-13 -4.499939E-13
  2.800000E+00     2     1  8.252001E-14  5.294657E-14
  2.800000E+00     2     2  2.941156E+01  1.776510E+02
  2.800000E+00     2     3 -1.038709E-13 -7.308440E-15
  2.800000E+00     2     4  4.540751E+01  1.095576E+02
  2.800000E+00     2     5  2.926798E-12  1.232730E-13
  2.800000E+00     2     6 -7.808345E-13  4.309801E-13
  2.800000E+00     3     1 -1.504271E-14 -3.450217E-14
  2.800000E+00     3     2  4.731244E-13  5.537777E-14
  2.800000E+00     3     3  3.397876E+02  9.551214E+00
  2.800000E+00     3     4 -5.937226E-13  1.250951E-13
  2.800000E+00     3     5  7.425026E-12  2.340285E-13
  2.800000E+00     3     6  8.330195E-13 -3.492523E-12
  2.800000E+00     4     1  4.319476E-13 -5.230659E-14
  2.800000E+00     4     2  5.815072E+01  1.244185E+02
  2.800000E+00     4     3 -9.455417E-14  1.324679E-13
  2.800000E+00     4     4  2.424796E+02  7.748769E+01
  2.800000E+00     4     5  6.876113E-12  8.988786E-13
  2.800000E+00     4     6 -6.378220E-12 -1.215617E-12
  2.800000E+00     5     1 -4.340247E+00  1.798328E+01
  2.800000E+00     5     2 -1.949234E-12  2.585568E-12
  2.800000E+00     5     3 -9.382417E-12  1.462871E-12
  2.800000E+00     5     4 -7.445209E-12  6.758425E-13
  2.800000E+00     5     5  4.989675E+04  1.298706E+03
  2.800000E+00     5     6  8.375947E-12  1.985857E-10
  2.800000E+00     6     1  6.268599E-13  1.505261E-13
  2.800000E+00     6     2  7.786162E-14 -1.925784E-12
  2.800000E+00     6     3  2.766167E-12  2.596774E-13
  2.800000E+00     6     4  1.447317E-12 -1.633248E-12
  2.800000E+00     6     5 -2.776310E-11 -9.253554E-12
  2.800000E+00     6     6  5.981714E+03  2.850841E+04
  2.900000E+00     1     1  6.134050E+00  1.677081E+01
  2.900000E+00     1     2  3.632433E-14 -1.586261E-14
  2.900000E+00     1     3  1.316965E-13 -5.818204E-15
  2.900000E+00     1     4 -6.738025E-15  9.088254E-15
  2.900000E+00     1     5 -2.583323E+01  1.293457E+01
  2.900000E+00     1     6 -5.332745E-13  7.955210E-15
  2.900000E+00     2     1 -7.181681E-15  1.362521E-14
  2.900000E+00     2     2  2.552734E+01  1.624407E+02
  2.900000E+00     2     3 -6.474604E-14 -2.086330E-14
  2.900000E+00     2     4  4.264036E+01  9.947722E+01
  2.900000E+00     2     5  3.081191E-12  7.480957E-13
  2.900000E+00     2     6 -9.795923E-13  4.895514E-13
  2.900000E+00     3     1  1.055589E-14  2.671856E-14
  2.900000E+00     3     2 -3.672709E-13 -5.478769E-14
  2.900000E+00     3     3  3.449787E+02  7.676761E+00
  2.900000E+00     3     4  1.340950E-13  1.070798E-13
  2.900000E+00     3     5  1.012245E-11 -5.407248E-13
  2.900000E+00     3     6 -7.932014E-13  4.043695E-12
  2.900000E+00     4     1  8.828060E-14  2.564683E-13
  2.900000E+00     4     2  5.324400E+01  1.145382E+02
  2.900000E+00     4     3 -7.883905E-14  1.378106E-13
  2.900000E+00     4     4  2.391477E+02  7.089621E+01
  2.900000E+00     4     5  8.297586E-12 -8.414165E-14
  2.900000E+00     4     6 -7.497786E-13  3.742620E-12
  2.900000E+00     5     1 -4.193642E+00  9.717709E+00
  2.900000E+00     5     2  3.216454E-12 -1.500482E-12
  2.900000E+00     5     3 -4.330673E-12 -1.147468E-12
  2.900000E+00     5     4 -6.217206E-12  2.388296E-12
  2.900000E+00     5     5  5.057270E+04  1.059772E+03
  2.900000E+00     5     6 -3.926610E-11  3.536519E-11
  2.900000E+00     6     1  4.065483E-13 -1.421229E-13
  2.900000E+00     6     2  1.207410E-12  6.946849E-13
  2.900000E+00     6     3  3.179363E-12  1.932437E-13
  2.900000E+00     6     4  1.060407E-12  1.506709E-13
  2.900000E+00     6     5 -3.185805E-11  1.034177E-12
  2.900000E+00     6     6  6.026954E+03  2.597280E+04
  3.000000E+00     1     1  4.771192E+00  1.527245E+01
  3.000000E+00     1     2  5.224049E-14  1.811595E-15
  3.000000E+00     1     3  1.236414E-13  1.236229E-14
  3.000000E+00     1     4  8.360142E-15  7.264866E-15
  3.000000E+00     1     5 -1.856730E+01  8.865837E+00
  3.000000E+00     1     6 -2.431235E-13 -4.821061E-14
  3.000000E+00     2     1 -2.534385E-14  4.159275E-17
  3.000000E+00     2     2  2.485036E+01  1.476654E+02
  3.000000E+00     2     3 -1.005158E-13  3.521519E-14
  3.000000E+00     2     4  4.207423E+01  8.962757E+01
  3.000000E+00     2     5  2.185893E-12 -2.922214E-13
  3.000000E+00     2     6  6.326534E-13 -1.102633E-12
  3.000000E+00     3     1 -4.449817E-14  4.994827E-14
  3.000000E+00     3     2 -8.719304E-13  2.246933E-13
  3.000000E+00     3     3  3.500256E+02  6.224412E+00
  3.000000E+00     3     4 -5.578974E-14  2.307011E-13
  3.000000E+00     3     5  1.007986E-11  2.602190E-12
  3.000000E+00     3     6 -1.551687E-13 -3.759836E-12
  3.000000E+00     4     1 -3.945072E-14  2.739518E-14
  3.000000E+00     4     2  5.031233E+01  1.036399E+02
  3.000000E+00     4     3 -1.634838E-13  8.019543E-14
  3.000000E+00     4     4  2.371952E+02  6.362138E+01
  3.000000E+00     4     5  4.752110E-12 -5.070248E-13
  3.000000E+00     4     6  3.483808E-12 -4.752443E-12
  3.000000E+00     5     1  4.440609E+00  1.125840E+01
  3.000000E+00     5     2  6.003140E-12  4.024105E-12
  3.000000E+00     5     3 -1.001056E-11 -1.420550E-12
  3.000000E+00     5     4 -5.758205E-12  1.801363E-12
  3.000000E+00     5     5  5.115020E+04  8.553440E+02
  3.000000E+00     5     6 -7.604818E-11 -9.523075E-12
  3.000000E+00     6     1 -2.767443E-13 -6.023369E-13
  3.000000E+00     6     2 -2.603983E-13 -9.952682E-13
  3.000000E+00     6     3  3.216145E-12 -3.604104E-13
  3.000000E+00     6     4  1.753398E-12  5.995825E-13
  3.000000E+00     6     5 -2.466062E-11  6.732553E-12
  3.000000E+00     6     6  5.143291E+03  2.416882E+04
  3.100000E+00     1     1  4.376477E+00  1.384321E+01
  3.100000E+00     1     2 -7.445101E-15  2.083215E-14
  3.100000E+00     1     3  1.257834E-13  2.446145E-14
  3.100000E+00     1     4 -7.611472E-15  1.617868E-14
  3.100000E+00     1     5 -1.541504E+01  7.369030E+00
  3.100000E+00     1     6 -2.573205E-14 -2.501647E-13
  3.100000E+00     2     1 -4.600158E-14 -2.034467E-14
  3.100000E+00     2     2  2.354822E+01  1.359823E+02
  3.100000E+00     2     3 -1.540873E-13  9.517136E-15
  3.100000E+00     2     4  4.120109E+01  8.171221E+01
  3.100000E+00     2     5  2.850046E-12  8.681345E-13
  3.100000E+00     2     6 -5.989355E-13  1.165527E-12
  3.100000E+00     3     1  2.031966E-13  2.265910E-14
  3.100000E+00     3     2  1.985534E-13 -3.661951E-14
  3.100000E+00     3     3  3.547580E+02  5.054878E+00
  3.100000E+00     3     4  8.218727E-14 -4.439690E-14
  3.100000E+00     3     5  6.250225E-12 -1.849759E-14
  3.100000E+00     3     6 -8.020967E-12  1.330968E-13
  3.100000E+00     4     1 -2.873573E-13  2.993112E-14
  3.100000E+00     4     2  4.832668E+01  9.523852E+01
  3.100000E+00     4     3 -4.224471E-13  1.167370E-13
  3.100000E+00     4     4  2.359084E+02  5.791903E+01
  3.100000E+00     4     5  1.016904E-11  4.365253E-12
  3.100000E+00     4     6 -7.522187E-13  1.987579E-12
  3.100000E+00     5     1  3.419401E+00  9.045061E+00
  3.100000E+00     5     2  2.233284E-12  4.419307E-13
  3.100000E+00     5     3 -1.270020E-11 -1.213320E-12
  3.100000E+00     5     4 -6.882464E-12  3.019918E-12
  3.100000E+00     5     5  5.174657E+04  6.836600E+02
  3.100000E+00     5     6 -1.247117E-12  1.425643E-10
  3.100000E+00     6     1  5.177742E-13  7.463438E-13
  3.100000E+00     6     2 -1.955691E-13 -8.275078E-13
  3.100000E+00     6     3  3.375293E-12 -3.559579E-13
  3.100000E+00     6     4  2.875889E-12  6.930738E-13
  3.100000E+00     6     5 -1.610271E-11  1.383298E-11
  3.100000E+00     6     6  5.118672E+03  2.166806E+04
  3.200000E+00     1     1  3.715191E+00  1.258609E+01
  3.200000E+00     1     2 -3.992904E-15 -1.091810E-15
  3.200000E+00     1     3  1.307191E-13  1.206840E-14
  3.200000E+00     1     4 -8.720612E-15 -2.166289E-17
  3.200000E+00     1     5 -1.057400E+01  3.983173E+00
  3.200000E+00     1     6 -3.997340E-13  1.771851E-13
  3.200000E+00     2     1  1.143801E-14  2.282402E-14
  3.200000E+00     2     2  2.341419E+01  1.235078E+02
  3.200000E+00     2     3 -6.299915E-14  3.210440E-14
  3.200000E+00     2     4  4.121195E+01  7.328426E+01
  3.200000E+00     2     5  2.582078E-12 -7.209409E-15
  3.200000E+00     2     6 -3.939665E-13 -2.153950E-12
  3.200000E+00     3     1  8.154604E-14 -1.809198E-13
  3.200000E+00     3     2  1.262478E-13 -1.043458E-13
  3.200000E+00     3     3  3.592893E+02  4.013447E+00
  3.200000E+00     3     4  2.345831E-13 -1.820073E-13
  3.200000E+00     3     5  1.126176E-11  1.567765E-12
  3.200000E+00     3     6  3.422307E-12  2.049413E-12
  3.200000E+00     4     1  1.501498E-14  8.572763E-14
  3.200000E+00     4     2  4.653006E+01  8.601556E+01
  3.200000E+00     4     3 -8.182679E-14  9.310926E-14
  3.200000E+00     4     4  2.348610E+02  5.168525E+01
  3.200000E+00     4     5  6.729041E-12 -1.778436E-13
  3.200000E+00     4     6 -2.984252E-12 -3.159385E-12
  3.200000E+00     5     1  9.621178E+00  7.275435E+00
  3.200000E+00     5     2 -5.668183E-12  1.006648E-12
  3.200000E+00     5     3 -1.034823E-11 -1.474178E-12
  3.200000E+00     5     4 -4.268643E-12  3.040645E-12
  3.200000E+00     5     5  5.228268E+04  5.580811E+02
  3.200000E+00     5     6 -3.845443E-11 -2.639748E-11
  3.200000E+00     6     1 -6.415820E-13  2.377719E-13
  3.200000E+00     6     2 -5.667428E-13 -1.641752E-12
  3.200000E+00     6     3  3.532818E-12 -5.964140E-13
  3.200000E+00     6     4  1.686017E-12  1.802352E-14
  3.200000E+00     6     5 -1.981257E-11  1.055173E-12
  3.200000E+00     6     6  4.897988E+03  2.040370E+04
  3.300000E+00     1     1  3.584644E+00  1.124757E+01
  3.300000E+00     1     2  2.592614E-15 -4.936513E-15
  3.300000E+00     1     3  1.297139E-13  1.579789E-14
  3.300000E+00     1     4 -1.091116E-14  5.427538E-15
  3.300000E+00     1     5 -6.926626E+00  3.150704E+00
  3.300000E+00     1     6 -3.868680E-13 -3.767042E-13
  3.300000E+00     2     1  9.649517E-15  9.041171E-15
  3.300000E+00     2     2  2.367888E+01  1.141987E+02
  3.300000E+00     2     3 -3.075090E-14  6.396880E-14
  3.300000E+00     2     4  4.154620E+01  6.686053E+01
  3.300000E+00     2     5  2.757765E-12 -1.086285E-13
  3.300000E+00     2     6 -6.282168E-13  6.238072E-14
  3.300000E+00     3     1  2.975545E-13  1.417378E-13
  3.300000E+00     3     2  4.219307E-13  1.180142E-13
  3.300000E+00     3     3  3.635145E+02  3.149547E+00
  3.300000E+00     3     4  2.929238E-13 -7.998831E-14
  3.300000E+00     3     5  1.333807E-11  3.066487E-12
  3.300000E+00     3     6  4.034829E-12 -1.831224E-12
  3.300000E+00     4     1 -6.116906E-14 -3.122502E-14
  3.300000E+00     4     2  4.623402E+01  7.881596E+01
  3.300000E+00     4     3  5.731134E-14  1.355251E-13
  3.300000E+00     4     4  2.348110E+02  4.675391E+01
  3.300000E+00     4     5  7.943715E-12  1.285527E-12
  3.300000E+00     4     6 -2.443657E-12 -3.265308E-12
  3.300000E+00     5     1  9.970674E+00  6.959776E+00
  3.300000E+00     5     2  3.021793E-12 -3.142589E-12
  3.300000E+00     5     3 -7.509071E-12  6.631165E-13
  3.300000E+00     5     4 -7.247136E-12  1.831131E-12
  3.300000E+00     5     5  5.280239E+04  4.298279E+02
  3.300000E+00     5     6 -3.614349E-11  4.189420E-11
  3.300000E+00     6     1  6.539350E-13 -4.879543E-13
  3.300000E+00     6     2  5.742572E-13 -1.114866E-12
  3.300000E+00     6     3  4.235930E-12 -7.973602E-13
  3.300000E+00     6     4  1.423137E-12 -1.869352E-13
  3.300000E+00     6     5 -1.633208E-11 -1.108098E-12
  3.300000E+00     6     6  4.740138E+03  1.829066E+04
  3.400000E+00     1     1  3.401344E+00  1.017621E+01
  3.400000E+00     1     2 -4.769301E-15 -2.344689E-15
  3.400000E+00     1     3  1.441674E-13  6.315369E-15
  3.400000E+00     1     4 -1.087650E-14  5.178705E-15
  3.400000E+00     1     5 -3.396652E+00  1.086243E+00
  3.400000E+00     1     6 -2.626443E-13  1.026281E-13
  3.400000E+00     2     1 -3.417537E-15  1.501824E-14
  3.400000E+00     2     2  2.383206E+01  1.042446E+02
  3.400000E+00     2     3 -1.933231E-13  3.121903E-14
  3.400000E+00     2     4  4.193502E+01  6.004727E+01
  3.400000E+00     2     5  3.660162E-12 -2.415315E-13
  3.400000E+00     2     6  5.306125E-13  2.373820E-12
  3.400000E+00     3     1  1.981548E-14  1.223785E-13
  3.400000E+00     3     2 -3.009443E-13  2.567985E-13
  3.400000E+00     3     3  3.674265E+02  2.377236E+00
  3.400000E+00     3     4  2.360250E-13  1.731787E-13
  3.400000E+00     3     5  1.240107E-11  2.397699E-13
  3.400000E+00     3     6 -4.733157E-12 -4.935542E-12
  3.400000E+00     4     1  9.106732E-14  7.288415E-14
  3.400000E+00     4     2  4.540331E+01  7.142259E+01
  3.400000E+00     4     3 -4.965931E-13  1.178543E-13
  3.400000E+00     4     4  2.345263E+02  4.170685E+01
  3.400000E+00     4     5  1.063909E-11 -1.590083E-12
  3.400000E+00     4     6  2.879771E-12  4.473096E-12
  3.400000E+00     5     1  1.384111E+01  4.787038E+00
  3.400000E+00     5     2 -3.037615E-12  4.654964E-12
  3.400000E+00     5     3 -9.542376E-12 -7.733998E-13
  3.400000E+00     5     4 -9.259275E-12  3.048101E-12
  3.400000E+00     5     5  5.327889E+04  3.371126E+02
  3.400000E+00     5     6  7.505694E-11 -5.131862E-11
  3.400000E+00     6     1  8.605539E-14 -1.429159E-13
  3.400000E+00     6     2  2.871397E-12  1.551679E-12
  3.400000E+00     6     3  3.655725E-12 -1.789711E-13
  3.400000E+00     6     4  1.120744E-12 -1.674271E-13
  3.400000E+00     6     5 -1.429748E-11  1.159785E-11
  3.400000E+00     6     6  4.821583E+03  1.729425E+04
  3.500000E+00     1     1  3.454717E+00  9.070581E+00
  3.500000E+00     1     2  2.069932E-14 -9.353416E-16
  3.500000E+00     1     3  1.231423E-13  3.338313E-15
  3.500000E+00     1     4 -2.232144E-15  1.119043E-15
  3.500000E+00     1     5 -8.715961E-02  5.039680E-01
  3.500000E+00     1     6 -1.297694E-13 -8.714670E-14
  3.500000E+00     2     1 -5.670478E-15 -3.149165E-14
  3.500000E+00     2     2  2.464791E+01  9.710881E+01
  3.500000E+00     2     3 -9.376391E-14  4.577579E-14
  3.500000E+00     2     4  4.277817E+01  5.500583E+01
  3.500000E+00     2     5  2.809229E-12 -2.816582E-13
  3.500000E+00     2     6  2.314109E-12  1.135759E-13
  3.500000E+00     3     1  4.090993E-14 -1.953968E-14
  3.500000E+00     3     2  4.757552E-13 -3.411080E-13
  3.500000E+00     3     3  3.709972E+02  1.761487E+00
  3.500000E+00     3     4  3.483808E-13 -2.096987E-13
  3.500000E+00     3     5  1.096718E-11  2.096274E-14
  3.500000E+00     3     6 -4.720499E-12  4.436306E-12
  3.500000E+00     4     1 -1.011050E-13 -7.249120E-14
  3.500000E+00     4     2  4.590405E+01  6.574189E+01
  3.500000E+00     4     3 -1.143350E-13  2.755024E-14
  3.500000E+00     4     4  2.350932E+02  3.776586E+01
  3.500000E+00     4     5  7.038435E-12  1.515053E-12
  3.500000E+00     4     6  8.407280E-12  1.427812E-12
  3.500000E+00     5     1  1.517111E+01  4.571632E+00
  3.500000E+00     5     2 -5.980624E-12  1.154860E-11
  3.500000E+00     5     3 -8.422131E-12 -1.072223E-12
  3.500000E+00     5     4 -7.438393E-12  1.020034E-12
  3.500000E+00     5     5  5.371868E+04  2.466390E+02
  3.500000E+00     5     6  5.296304E-11 -1.238218E-11
  3.500000E+00     6     1  1.064428E-13 -6.481497E-13
  3.500000E+00     6     2 -1.009705E-12  3.585181E-13
  3.500000E+00     6     3  2.838719E-12 -7.355023E-13
  3.500000E+00     6     4  1.983766E-12 -5.849525E-14
  3.500000E+00     6     5 -3.512868E-11  4.770407E-12
  3.500000E+00     6     6  4.659985E+03  1.561689E+04
  3.600000E+00     1     1  3.537862E+00  8.185852E+00
  3.600000E+00     1     2  4.089953E-15  1.042129E-14
  3.600000E+00     1     3  1.440911E-13  1.309498E-14
  3.600000E+00     1     4 -4.949537E-15  7.221203E-15
  3.600000E+00     1     5  2.731007E+00 -6.465006E-01
  3.600000E+00     1     6 -5.989355E-14 -1.005004E-13
  3.600000E+00     2     1 -1.580524E-14 -1.877258E-14
  3.600000E+00     2     2  2.505206E+01  8.972690E+01
  3.600000E+00     2     3 -1.123836E-13  3.657851E-14
  3.600000E+00     2     4  4.346478E+01  4.984167E+01
  3.600000E+00     2     5  3.074536E-12 -9.060440E-13
  3.600000E+00     2     6 -1.305236E-12  2.206449E-12
  3.600000E+00     3     1 -1.388227E-13  1.232994E-13
  3.600000E+00     3     2 -1.336236E-13 -6.448031E-14
  3.600000E+00     3     3  3.742187E+02  1.252939E+00
  3.600000E+00     3     4  3.184341E-13  4.309567E-14
  3.600000E+00     3     5  1.303994E-11 -1.215379E-12
  3.600000E+00     3     6 -4.665042E-12  2.433330E-13
  3.600000E+00     4     1 -6.530754E-14 -2.331023E-14
  3.600000E+00     4     2  4.575720E+01  6.022286E+01
  3.600000E+00     4     3 -2.768309E-13  4.261138E-14
  3.600000E+00     4     4  2.353342E+02  3.393978E+01
  3.600000E+00     4     5  8.240854E-12 -2.074769E-12
  3.600000E+00     4     6 -9.186118E-12  1.121513E-11
  3.600000E+00     5     1  1.786557E+01  2.738080E+00
  3.600000E+00     5     2  3.533754E-13 -1.289664E-15
  3.600000E+00     5     3 -8.389376E-12 -1.279965E-12
  3.600000E+00     5     4 -5.688414E-12  2.138674E-12
  3.600000E+00     5     5  5.411736E+04  1.829949E+02
  3.600000E+00     5     6 -3.648427E-11 -8.728976E-11
  3.600000E+00     6     1 -6.772269E-13  5.985658E-13
  3.600000E+00     6     2  6.407778E-13 -4.701059E-13
  3.600000E+00     6     3  2.949258E-12 -8.677084E-13
  3.600000E+00     6     4  2.116877E-12 -1.670705E-12
  3.600000E+00     6     5 -1.921474E-11  1.226135E-12
  3.600000E+00     6     6  4.776119E+03  1.489727E+04
  3.700000E+00     1     1  3.709846E+00  7.315167E+00
  3.700000E+00     1     2  9.039490E-15 -2.300716E-15
  3.700000E+00     1     3  1.422611E-13  6.057178E-15
  3.700000E+00     1     4 -2.426243E-15  5.039842E-15
  3.700000E+00     1     5  5.488621E+00 -9.858758E-01
  3.700000E+00     1     6  5.368237E-14 -8.507403E-14
  3.700000E+00     2     1 -5.836155E-14 -7.280604E-15
  3.700000E+00     2     2  2.594910E+01  8.503681E+01
  3.700000E+00     2     3  2.868513E-14 -1.009842E-14
  3.700000E+00     2     4  4.445711E+01  4.632504E+01
  3.700000E+00     2     5  1.796141E-12 -5.226747E-13
  3.700000E+00     2     6 -1.331412E-12 -1.041752E-12
  3.700000E+00     3     1  1.008624E-14  1.142142E-13
  3.700000E+00     3     2 -2.539306E-13 -1.747457E-13
  3.700000E+00     3     3  3.770976E+02  8.754631E-01
  3.700000E+00     3     4  4.392194E-14 -1.463484E-13
  3.700000E+00     3     5  1.624136E-11  3.080111E-14
  3.700000E+00     3     6 -3.559230E-12 -2.372420E-12
  3.700000E+00     4     1 -2.296067E-13  2.179339E-14
  3.700000E+00     4     2  4.651512E+01  5.645837E+01
  3.700000E+00     4     3 -1.561877E-13  3.916557E-14
  3.700000E+00     4     4  2.361152E+02  3.121246E+01
  3.700000E+00     4     5  5.192438E-12 -5.108638E-13
  3.700000E+00     4     6 -4.890752E-12 -3.594812E-12
  3.700000E+00     5     1  1.969165E+01  2.376308E+00
  3.700000E+00     5     2  6.976576E-13  7.119371E-13
  3.700000E+00     5     3 -5.328915E-12 -7.921829E-13
  3.700000E+00     5     4 -7.789538E-12  1.733307E-12
  3.700000E+00     5     5  5.447530E+04  1.269410E+02
  3.700000E+00     5     6 -1.081345E-11  4.956668E-11
  3.700000E+00     6     1  5.706906E-13  3.000673E-13
  3.700000E+00     6     2  2.671363E-13 -8.595160E-13
  3.700000E+00     6     3  3.720138E-12 -4.802585E-13
  3.700000E+00     6     4  1.852610E-12 -1.582552E-12
  3.700000E+00     6     5 -1.921873E-11  5.720749E-12
  3.700000E+00     6     6  4.722347E+03  1.364856E+04
  3.800000E+00     1     1  3.927692E+00  6.620966E+00
  3.800000E+00     1     2  1.462678E-15  1.474901E-15
  3.800000E+00     1     3  1.420635E-13 -1.397142E-15
  3.800000E+00     1     4 -7.881825E-15  6.996087E-15
  3.800000E+00     1     5  7.827993E+00 -1.627262E+00
  3.800000E+00     1     6 -2.036381E-13 -1.405689E-13
  3.800000E+00     2     1 -4.055293E-15 -2.225577E-16
  3.800000E+00     2     2  2.694614E+01  8.046383E+01
  3.800000E+00     2     3 -8.113358E-14  1.658967E-14
  3.800000E+00     2     4  4.555493E+01  4.292061E+01
  3.800000E+00     2     5  2.166594E-12 -7.429486E-13
  3.800000E+00     2     6  1.348714E-13 -1.660674E-12
  3.800000E+00     3     1  3.966561E-14 -1.669183E-14
  3.800000E+00     3     2  4.888534E-14  6.191482E-15
  3.800000E+00     3     3  3.796424E+02  5.873813E-01
  3.800000E+00     3     4  1.521740E-13 -4.535297E-14
  3.800000E+00     3     5  8.351380E-12  3.282397E-13
  3.800000E+00     3     6 -9.412161E-13 -6.780347E-13
  3.800000E+00     4     1 -5.580793E-14  7.710620E-15
  3.800000E+00     4     2  4.691768E+01  5.295443E+01
  3.800000E+00     4     3 -1.750639E-13  3.754293E-15
  3.800000E+00     4     4  2.367186E+02  2.866638E+01
  3.800000E+00     4     5  5.657944E-12 -9.352968E-13
  3.800000E+00     4     6 -7.439556E-13 -4.319341E-12
  3.800000E+00     5     1  2.193305E+01  7.135297E-01
  3.800000E+00     5     2 -5.260027E-13  2.500278E-13
  3.800000E+00     5     3 -9.762623E-12  6.061616E-13
  3.800000E+00     5     4 -5.599234E-12 -6.221309E-13
  3.800000E+00     5     5  5.479267E+04  8.909107E+01
  3.800000E+00     5     6  1.640817E-11  2.903401E-11
  3.800000E+00     6     1 -4.173910E-13  2.705718E-14
  3.800000E+00     6     2 -5.819657E-13 -1.432046E-12
  3.800000E+00     6     3  3.480481E-12 -7.283259E-13
  3.800000E+00     6     4  1.086264E-13 -8.434842E-13
  3.800000E+00     6     5 -2.440862E-11  6.148502E-12
  3.800000E+00     6     6  4.794268E+03  1.326347E+04
  3.900000E+00     1     1  4.165471E+00  5.944287E+00
  3.900000E+00     1     2  3.306623E-15 -7.609339E-15
  3.900000E+00     1     3  1.413911E-13 -3.320976E-15
  3.900000E+00     1     4 -1.218667E-14 -3.035915E-15
  3.900000E+00     1     5  1.007302E+01 -1.737887E+00
  3.900000E+00     1     6 -3.491572E-13  8.590146E-14
  3.900000E+00     2     1 -3.692743E-14 -5.588359E-14
  3.900000E+00     2     2  2.850817E+01  7.833831E+01
  3.900000E+00     2     3  1.830081E-14  5.972292E-16
  3.900000E+00     2     4  4.695065E+01  4.097190E+01
  3.900000E+00     2     5  2.650844E-12 -3.329126E-13
  3.900000E+00     2     6 -9.840289E-13  6.807275E-13
  3.900000E+00     3     1 -4.871204E-14 -3.096260E-14
  3.900000E+00     3     2  4.260484E-14  1.339389E-13
  3.900000E+00     3     3  3.818651E+02  3.861629E-01
  3.900000E+00     3     4  2.839398E-14  6.282904E-14
  3.900000E+00     3     5  1.200710E-11  4.493438E-13
  3.900000E+00     3     6 -2.353817E-12  2.602127E-12
  3.900000E+00     4     1 -1.227610E-13 -5.000195E-14
  3.900000E+00     4     2  4.796530E+01  5.117512E+01
  3.900000E+00     4     3 -5.912409E-14  2.092080E-15
  3.900000E+00     4     4  2.376609E+02  2.715775E+01
  3.900000E+00     4     5  8.478265E-12  1.008891E-13
  3.900000E+00     4     6 -2.563000E-12  2.035357E-12
  3.900000E+00     5     1  2.392215E+01  4.208101E-01
  3.900000E+00     5     2 -2.154662E-12 -2.190711E-13
  3.900000E+00     5     3 -7.637503E-12  1.582068E-13
  3.900000E+00     5     4 -5.783702E-12  1.167272E-13
  3.900000E+00     5     5  5.507115E+04  5.889874E+01
  3.900000E+00     5     6  4.823064E-11 -1.900049E-11
  3.900000E+00     6     1 -2.360111E-13  3.455682E-13
  3.900000E+00     6     2 -1.966921E-13  4.632863E-13
  3.900000E+00     6     3  2.942049E-12 -7.849133E-13
  3.900000E+00     6     4  1.003196E-12 -2.292400E-13
  3.900000E+00     6     5 -2.764942E-11  7.038758E-12
  3.900000E+00     6     6  5.001514E+03  1.248861E+04
  4.000000E+00     1     1  4.419644E+00  5.437092E+00
  4.000000E+00     1     2  1.286602E-14 -5.485910E-15
  4.000000E+00     1     3  1.416372E-13  6.074166E-15
  4.000000E+00     1     4 -8.408667E-15 -4.170756E-15
  4.000000E+00     1     5  1.211931E+01 -2.124810E+00
  4.000000E+00     1     6 -2.393524E-13 -9.316775E-15
  4.000000E+00     2     1 -1.236691E-14 -6.818351E-14
  4.000000E+00     2     2  3.147529E+01  7.614835E+01
  4.000000E+00     2     3 -3.836238E-14  6.699898E-15
  4.000000E+00     2     4  4.914350E+01  3.907352E+01
  4.000000E+00     2     5  1.798138E-12 -4.425468E-13
  4.000000E+00     2     6  7.948928E-13 -6.033721E-13
  4.000000E+00     3     1  7.779230E-14 -1.007721E-13
  4.000000E+00     3     2  2.546585E-13  4.829091E-14
  4.000000E+00     3     3  3.837832E+02  2.434215E-01
  4.000000E+00     3     4  1.272183E-13 -3.518270E-14
  4.000000E+00     3     5  9.217396E-12 -4.412297E-14
  4.000000E+00     3     6 -5.765309E-13  6.000447E-14
  4.000000E+00     4     1 -6.349133E-14 -1.722951E-13
  4.000000E+00     4     2  4.948748E+01  4.929641E+01
  4.000000E+00     4     3 -2.374703E-13  1.242713E-14
  4.000000E+00     4     4  2.388747E+02  2.564874E+01
  4.000000E+00     4     5  5.458521E-12 -1.522572E-13
  4.000000E+00     4     6  1.723843E-12 -1.081633E-12
  4.000000E+00     5     1  2.639871E+01 -1.358171E+00
  4.000000E+00     5     2 -2.181981E-12  1.502040E-12
  4.000000E+00     5     3 -7.340240E-12 -3.462400E-13
  4.000000E+00     5     4 -7.017103E-12  4.577048E-13
  4.000000E+00     5     5  5.531176E+04  3.879089E+01
  4.000000E+00     5     6  1.953046E-11 -2.300861E-11
  4.000000E+00     6     1 -8.575038E-14 -1.174025E-13
  4.000000E+00     6     2  5.876223E-13 -1.665495E-13
  4.000000E+00     6     3  3.077946E-12 -5.888090E-13
  4.000000E+00     6     4  1.822220E-12 -9.158469E-13
  4.000000E+00     6     5 -1.417525E-11  7.608200E-12
  4.000000E+00     6     6  5.201678E+03  1.237415E+04
