  2.000000E-01  0.000000E+00     1  7.213425E-08  1.576396E-04  7.213425E-08  1.984652E-13
  2.000000E-01  0.000000E+00     2  4.594205E-21  8.892136E+01  8.648470E-23  4.593391E-21
  2.000000E-01  0.000000E+00     3  5.427599E-08  8.999511E+01  4.629307E-12  5.427599E-08
  2.000000E-01  0.000000E+00     4  2.465317E-24  8.982640E+01  7.469439E-27  2.465306E-24
  2.000000E-01  0.000000E+00     5  4.962760E-12 -1.799999E+02 -4.962760E-12 -1.047779E-17
  2.000000E-01  0.000000E+00     6  1.062881E-23 -9.668141E+01 -1.236645E-24 -1.055662E-23
  3.000000E-01  0.000000E+00     1  7.129494E-08  1.816034E-03  7.129494E-08  2.259748E-12
  3.000000E-01  0.000000E+00     2  5.918711E-22 -9.712541E+01 -7.341662E-23 -5.873001E-22
  3.000000E-01  0.000000E+00     3  5.397516E-08  8.997697E+01  2.169088E-11  5.397515E-08
  3.000000E-01  0.000000E+00     4  3.941997E-24 -9.407357E+01 -2.800289E-25 -3.932038E-24
  3.000000E-01  0.000000E+00     5  1.111697E-11 -1.799987E+02 -1.111697E-11 -2.482123E-16
  3.000000E-01  0.000000E+00     6  6.941688E-24 -9.114733E+01 -1.389964E-25 -6.940296E-24
  4.000000E-01  0.000000E+00     1  6.956602E-08  1.029042E-02  6.956602E-08  1.249417E-11
  4.000000E-01  0.000000E+00     2  3.624692E-22 -5.655286E+01  1.997812E-22 -3.024423E-22
  4.000000E-01  0.000000E+00     3  5.320326E-08  8.993434E+01  6.097423E-11  5.320322E-08
  4.000000E-01  0.000000E+00     4  6.664463E-25 -3.101356E+01  5.711748E-25 -3.433804E-25
  4.000000E-01  0.000000E+00     5  1.956878E-11 -1.799936E+02 -1.956878E-11 -2.188871E-15
  4.000000E-01  0.000000E+00     6  2.761965E-24 -9.405694E+01 -1.954032E-25 -2.755044E-24
  5.000000E-01  0.000000E+00     1  6.644974E-08  3.911447E-02  6.644972E-08  4.536366E-11
  5.000000E-01  0.000000E+00     2  3.666002E-22 -3.949206E+01  2.829100E-22 -2.331472E-22
  5.000000E-01  0.000000E+00     3  5.162113E-08  8.985809E+01  1.278570E-10  5.162097E-08
  5.000000E-01  0.000000E+00     4  2.719918E-24 -6.440398E+01  1.175067E-24 -2.452992E-24
  5.000000E-01  0.000000E+00     5  2.999961E-11 -1.799793E+02 -2.999961E-11 -1.082071E-14
  5.000000E-01  0.000000E+00     6  1.361314E-24 -9.105783E+01 -2.513209E-26 -1.361082E-24
  6.000000E-01  0.000000E+00     1  6.142399E-08  1.132845E-01  6.142387E-08  1.214466E-10
  6.000000E-01  0.000000E+00     2  1.530121E-22  1.797931E+01  1.455402E-22  4.723079E-23
  6.000000E-01  0.000000E+00     3  4.883105E-08  8.973979E+01  2.217625E-10  4.883055E-08
  6.000000E-01  0.000000E+00     4  2.354793E-24  6.850658E+01  8.627828E-25  2.191040E-24
  6.000000E-01  0.000000E+00     5  4.180454E-11 -1.799518E+02 -4.180453E-11 -3.519850E-14
  6.000000E-01  0.000000E+00     6  4.020392E-25 -1.459240E+02 -3.330071E-25 -2.252593E-25
  7.000000E-01  0.000000E+00     1  5.407463E-08  2.637720E-01  5.407406E-08  2.489420E-10
  7.000000E-01  0.000000E+00     2  3.740358E-22  5.236709E+01  2.283863E-22  2.962136E-22
  7.000000E-01  0.000000E+00     3  4.442096E-08  8.957825E+01  3.269769E-10  4.441975E-08
  7.000000E-01  0.000000E+00     4  1.859216E-24  3.544917E+01  1.514574E-24  1.078309E-24
  7.000000E-01  0.000000E+00     5  5.399879E-11 -1.799176E+02 -5.399873E-11 -7.762460E-14
  7.000000E-01  0.000000E+00     6  7.158406E-25 -1.460010E+02 -5.934660E-25 -4.002822E-25
  8.000000E-01  0.000000E+00     1  4.425701E-08  5.013224E-01  4.425532E-08  3.872318E-10
  8.000000E-01  0.000000E+00     2  2.347979E-22  1.707123E+01  2.244528E-22  6.892737E-23
  8.000000E-01  0.000000E+00     3  3.804711E-08  8.945116E+01  3.644487E-10  3.804537E-08
  8.000000E-01  0.000000E+00     4  2.670659E-24 -1.925847E+01  2.521210E-24 -8.808639E-25
  8.000000E-01  0.000000E+00     5  6.516379E-11 -1.799179E+02 -6.516373E-11 -9.342999E-14
  8.000000E-01  0.000000E+00     6  6.473818E-25 -7.729812E+01  1.423451E-25 -6.315386E-25
  9.000000E-01  0.000000E+00     1  3.224036E-08  7.739108E-01  3.223742E-08  4.354668E-10
  9.000000E-01  0.000000E+00     2  1.427723E-23  2.893630E+01  1.249483E-23  6.907851E-24
  9.000000E-01  0.000000E+00     3  2.963976E-08  8.976193E+01  1.231557E-10  2.963950E-08
  9.000000E-01  0.000000E+00     4  2.962578E-25 -1.313805E+02 -1.958433E-25 -2.222928E-25
  9.000000E-01  0.000000E+00     5  7.342822E-11  1.799346E+02 -7.342817E-11  8.376300E-14
  9.000000E-01  0.000000E+00     6  2.398725E-25 -1.082869E+02 -7.526598E-26 -2.277583E-25
  1.000000E+00  0.000000E+00     1  1.883776E-08  9.920476E-01  1.883494E-08  3.261501E-10
  1.000000E+00  0.000000E+00     2  7.630937E-23  6.472924E+00  7.582292E-23  8.602636E-24
  1.000000E+00  0.000000E+00     3  1.974913E-08  9.183825E+01 -6.335110E-10  1.973896E-08
  1.000000E+00  0.000000E+00     4  7.459217E-25 -6.164653E+01  3.542454E-25 -6.564369E-25
  1.000000E+00  0.000000E+00     5  7.644148E-11  1.794625E+02 -7.643811E-11  7.171404E-13
  1.000000E+00  0.000000E+00     6  2.614994E-25 -9.495436E+01 -2.258367E-26 -2.605224E-25
  1.100000E+00  0.000000E+00     1  5.608559E-09  1.611846E+00  5.606340E-09  1.577593E-10
  1.100000E+00  0.000000E+00     2  1.004641E-22 -3.793282E+01  7.923925E-23 -6.175900E-23
  1.100000E+00  0.000000E+00     3  9.701802E-09  1.005051E+02 -1.768866E-09  9.539186E-09
  1.100000E+00  0.000000E+00     4  1.437797E-24 -5.177973E+01  8.895452E-25 -1.129588E-24
  1.100000E+00  0.000000E+00     5  7.157400E-11  1.786842E+02 -7.155512E-11  1.643566E-12
  1.100000E+00  0.000000E+00     6  1.374908E-25 -4.593674E+01  9.561830E-26 -9.879712E-26
  1.200000E+00  0.000000E+00     1  5.078691E-09 -1.797110E+02 -5.078626E-09 -2.561568E-11
  1.200000E+00  0.000000E+00     2  1.202967E-22 -2.428156E+01  1.096547E-22 -4.946852E-23
  1.200000E+00  0.000000E+00     3  2.663046E-09  1.728338E+02 -2.642244E-09  3.322091E-10
  1.200000E+00  0.000000E+00     4  2.159893E-24 -3.696242E+01  1.725820E-24 -1.298724E-24
  1.200000E+00  0.000000E+00     5  5.731171E-11  1.785371E+02 -5.729303E-11  1.463120E-12
  1.200000E+00  0.000000E+00     6  3.382251E-25  1.310693E+02 -2.222041E-25  2.549933E-25
  1.300000E+00  0.000000E+00     1  1.098573E-08 -1.765131E+02 -1.096539E-08 -6.681545E-10
  1.300000E+00  0.000000E+00     2  1.922745E-23 -1.729271E+01  1.835835E-23 -5.715427E-24
  1.300000E+00  0.000000E+00     3  7.526315E-09 -1.114094E+02 -2.747333E-09 -7.006967E-09
  1.300000E+00  0.000000E+00     4  2.597777E-25 -1.993595E+00  2.596204E-25 -9.037088E-27
  1.300000E+00  0.000000E+00     5  3.568075E-11 -1.778694E+02 -3.565608E-11 -1.326529E-12
  1.300000E+00  0.000000E+00     6  6.596102E-26  1.197952E+01  6.452451E-26  1.369100E-26
  1.400000E+00  0.000000E+00     1  1.161749E-08 -1.698953E+02 -1.143729E-08 -2.038266E-09
  1.400000E+00  0.000000E+00     2  3.476305E-23 -6.127195E+01  1.670896E-23 -3.048410E-23
  1.400000E+00  0.000000E+00     3  1.198095E-08 -1.016116E+02 -2.411487E-09 -1.173576E-08
  1.400000E+00  0.000000E+00     4  5.208008E-25 -6.997593E+01  1.783299E-25 -4.893178E-25
  1.400000E+00  0.000000E+00     5  1.250036E-11 -1.530697E+02 -1.114480E-11 -5.661499E-12
  1.400000E+00  0.000000E+00     6  2.470718E-26  9.492895E+01 -2.122847E-27  2.461581E-26
  1.500000E+00  0.000000E+00     1  8.193225E-09 -1.567825E+02 -7.529696E-09 -3.229957E-09
  1.500000E+00  0.000000E+00     2  1.654556E-23 -1.719488E+01  1.580606E-23 -4.891245E-24
  1.500000E+00  0.000000E+00     3  1.269062E-08 -1.005001E+02 -2.312704E-09 -1.247811E-08
  1.500000E+00  0.000000E+00     4  3.741963E-25 -2.936202E+01  3.261267E-25 -1.834782E-25
  1.500000E+00  0.000000E+00     5  1.609385E-11 -3.656862E+01  1.292568E-11 -9.588477E-12
  1.500000E+00  0.000000E+00     6  2.568089E-26  6.304905E+00  2.552557E-26  2.820261E-27
  1.600000E+00  0.000000E+00     1  3.192774E-09 -1.082854E+02 -1.001736E-09 -3.031555E-09
  1.600000E+00  0.000000E+00     2  1.712030E-23  1.308376E+02 -1.119525E-23  1.295264E-23
  1.600000E+00  0.000000E+00     3  8.257224E-09 -1.003137E+02 -1.478351E-09 -8.123806E-09
  1.600000E+00  0.000000E+00     4  1.475448E-25 -9.276107E+01 -7.107396E-27 -1.473736E-25
  1.600000E+00  0.000000E+00     5  3.673650E-11 -2.506516E+01  3.327690E-11 -1.556337E-11
  1.600000E+00  0.000000E+00     6  1.124288E-25 -1.474265E+01  1.087275E-25 -2.861065E-26
  1.700000E+00  0.000000E+00     1  5.674900E-09 -1.813820E+01  5.392905E-09 -1.766654E-09
  1.700000E+00  0.000000E+00     2  3.463391E-23 -1.460282E+02 -2.872233E-23 -1.935292E-23
  1.700000E+00  0.000000E+00     3  2.271521E-09 -1.889018E+01  2.149179E-09 -7.354168E-10
  1.700000E+00  0.000000E+00     4  1.239956E-24 -1.284699E+02 -7.713807E-25 -9.708049E-25
  1.700000E+00  0.000000E+00     5  4.590933E-11 -3.616784E+01  3.706222E-11 -2.709351E-11
  1.700000E+00  0.000000E+00     6  1.298592E-25  1.759979E+02 -1.295425E-25  9.063362E-27
  1.800000E+00  0.000000E+00     1  7.562820E-09  4.133559E-01  7.562623E-09  5.456089E-11
  1.800000E+00  0.000000E+00     2  4.748649E-23  2.614437E+01  4.262798E-23  2.092418E-23
  1.800000E+00  0.000000E+00     3  1.015085E-08  1.934497E+01  9.577747E-09  3.362521E-09
  1.800000E+00  0.000000E+00     4  1.595400E-24  2.674009E+01  1.424783E-24  7.178405E-25
  1.800000E+00  0.000000E+00     5  2.774420E-11 -5.808009E+01  1.466928E-11 -2.354894E-11
  1.800000E+00  0.000000E+00     6  1.071453E-25  9.118262E+00  1.057913E-25  1.697961E-26
  1.900000E+00  0.000000E+00     1  5.553183E-09  2.677728E+01  4.957685E-09  2.501840E-09
  1.900000E+00  0.000000E+00     2  1.944141E-23 -6.235497E+01  9.020666E-24 -1.722197E-23
  1.900000E+00  0.000000E+00     3  1.037037E-08 -1.027492E+01  1.020407E-08 -1.849780E-09
  1.900000E+00  0.000000E+00     4  9.721465E-25 -9.193478E+01 -3.282145E-26 -9.715923E-25
  1.900000E+00  0.000000E+00     5  6.159351E-12  4.913312E+01  4.030087E-12  4.657897E-12
  1.900000E+00  0.000000E+00     6  2.316353E-26 -9.558913E-01  2.316030E-26 -3.864296E-28
  2.000000E+00  0.000000E+00     1  3.403358E-09  8.829506E+01  1.012579E-10  3.401852E-09
  2.000000E+00  0.000000E+00     2  2.560997E-23  1.635278E+02 -2.455888E-23  7.261700E-24
  2.000000E+00  0.000000E+00     3  3.247784E-09 -3.431977E+01  2.682357E-09 -1.831136E-09
  2.000000E+00  0.000000E+00     4  9.239621E-25  1.674605E+02 -9.019224E-25  2.006043E-25
  2.000000E+00  0.000000E+00     5  1.671098E-11  5.101193E+01  1.051386E-11  1.298906E-11
  2.000000E+00  0.000000E+00     6  1.586518E-25  1.384067E+02 -1.186518E-25  1.053192E-25
  2.100000E+00  0.000000E+00     1  4.514482E-09  1.563311E+02 -4.134726E-09  1.812343E-09
  2.100000E+00  0.000000E+00     2  3.991067E-24  5.611499E+00  3.971941E-24  3.902571E-25
  2.100000E+00  0.000000E+00     3  1.157745E-09  1.324409E+02 -7.812804E-10  8.543860E-10
  2.100000E+00  0.000000E+00     4  4.328518E-25 -1.212254E+02 -2.243927E-25 -3.701467E-25
  2.100000E+00  0.000000E+00     5  1.119927E-11  3.615138E+01  9.042972E-12  6.606678E-12
  2.100000E+00  0.000000E+00     6  9.656708E-26 -1.595360E+01  9.284776E-26 -2.654231E-26
  2.200000E+00  0.000000E+00     1  4.686071E-09 -1.712972E+02 -4.632118E-09 -7.090476E-10
  2.200000E+00  0.000000E+00     2  1.745750E-23  1.404906E+02 -1.346882E-23  1.110654E-23
  2.200000E+00  0.000000E+00     3  2.126922E-09  1.262596E+02 -1.257955E-09  1.715035E-09
  2.200000E+00  0.000000E+00     4  1.020731E-24  1.323101E+02 -6.870976E-25  7.548432E-25
  2.200000E+00  0.000000E+00     5  1.881903E-12  8.647974E+00  1.860508E-12  2.829690E-13
  2.200000E+00  0.000000E+00     6  7.896442E-26 -1.512321E+02 -6.921836E-26 -3.800262E-26
  2.300000E+00  0.000000E+00     1  2.773610E-09 -1.163184E+02 -1.229707E-09 -2.486108E-09
  2.300000E+00  0.000000E+00     2  5.282171E-24 -9.930819E+01 -8.543646E-25 -5.212619E-24
  2.300000E+00  0.000000E+00     3  9.916964E-10  1.064612E+02 -2.810124E-10  9.510487E-10
  2.300000E+00  0.000000E+00     4  4.084502E-25  4.168069E+01  3.050561E-25  2.716107E-25
  2.300000E+00  0.000000E+00     5  3.069010E-12 -1.467292E+02 -2.565960E-12 -1.683647E-12
  2.300000E+00  0.000000E+00     6  4.598895E-26  5.414079E+01  2.694012E-26  3.727216E-26
  2.400000E+00  0.000000E+00     1  3.417074E-09 -3.408529E+01  2.830035E-09 -1.915018E-09
  2.400000E+00  0.000000E+00     2  2.105570E-23 -1.172616E+02 -9.644656E-24 -1.871692E-23
  2.400000E+00  0.000000E+00     3  3.062573E-10 -3.147835E+01  2.611877E-10 -1.599203E-10
  2.400000E+00  0.000000E+00     4  7.143976E-25  1.009037E+02 -1.351341E-25  7.015003E-25
  2.400000E+00  0.000000E+00     5  3.304715E-12 -1.671290E+02 -3.221681E-12 -7.361467E-13
  2.400000E+00  0.000000E+00     6  6.712968E-26  8.621828E+01  4.427580E-27  6.698350E-26
  2.500000E+00  0.000000E+00     1  3.464536E-09  3.113744E+00  3.459421E-09  1.881878E-10
  2.500000E+00  0.000000E+00     2  3.166431E-23 -1.049600E+02 -8.173977E-24 -3.059108E-23
  2.500000E+00  0.000000E+00     3  6.726565E-10 -6.389434E+01  2.959876E-10 -6.040348E-10
  2.500000E+00  0.000000E+00     4  6.378314E-25 -1.662906E+02 -6.196598E-25 -1.511645E-25
  2.500000E+00  0.000000E+00     5  8.574581E-13  1.509064E+02 -7.492696E-13  4.169287E-13
  2.500000E+00  0.000000E+00     6  4.569251E-26  1.670054E+02 -4.452238E-26  1.027437E-26
  2.600000E+00  0.000000E+00     1  2.060806E-09  7.444218E+01  5.527302E-10  1.985299E-09
  2.600000E+00  0.000000E+00     2  8.407866E-24  1.534702E+02 -7.522534E-24  3.755489E-24
  2.600000E+00  0.000000E+00     3  2.819839E-10 -1.001264E+02 -4.957839E-11 -2.775913E-10
  2.600000E+00  0.000000E+00     4  4.094866E-25  9.043505E+01 -3.109227E-27  4.094748E-25
  2.600000E+00  0.000000E+00     5  1.183132E-12  2.739664E+01  1.050435E-12  5.444155E-13
  2.600000E+00  0.000000E+00     6  9.921881E-27  5.958256E+01  5.023412E-27  8.556230E-27
  2.700000E+00  0.000000E+00     1  2.914923E-09  1.483526E+02 -2.481453E-09  1.529433E-09
  2.700000E+00  0.000000E+00     2  1.923575E-23 -1.380888E+02 -1.431488E-23 -1.284905E-23
  2.700000E+00  0.000000E+00     3  1.985858E-10  1.423305E+02 -1.571904E-10  1.213570E-10
  2.700000E+00  0.000000E+00     4  8.680631E-25 -1.514578E+02 -7.625634E-25 -4.147656E-25
  2.700000E+00  0.000000E+00     5  1.184989E-12 -9.694987E+00  1.168065E-12 -1.995558E-13
  2.700000E+00  0.000000E+00     6  3.836335E-26 -1.256274E+02 -2.234712E-26 -3.118257E-26
  2.800000E+00  0.000000E+00     1  2.126964E-09 -1.618070E+02 -2.020637E-09 -6.640795E-10
  2.800000E+00  0.000000E+00     2  1.046986E-23 -1.159638E+02 -4.583738E-24 -9.413149E-24
  2.800000E+00  0.000000E+00     3  2.611515E-10  9.639047E+01 -2.906711E-11  2.595289E-10
  2.800000E+00  0.000000E+00     4  1.161916E-25 -1.508632E+02 -1.014886E-25 -5.657328E-26
  2.800000E+00  0.000000E+00     5  3.270661E-13 -7.080572E+01  1.075303E-13 -3.088842E-13
  2.800000E+00  0.000000E+00     6  4.192269E-26  8.260394E+01  5.396602E-27  4.157390E-26
  2.900000E+00  0.000000E+00     1  1.869059E-09 -6.661718E+01  7.417784E-10 -1.715560E-09
  2.900000E+00  0.000000E+00     2  4.311419E-24  6.468260E+01  1.843703E-24  3.897319E-24
  2.900000E+00  0.000000E+00     3  9.183990E-11  3.939240E+01  7.097551E-11  5.828417E-11
  2.900000E+00  0.000000E+00     4  1.865259E-25  1.599319E+02 -1.752011E-25  6.400399E-26
  2.900000E+00  0.000000E+00     5  6.981860E-13 -1.794098E+02 -6.981490E-13 -7.192072E-15
  2.900000E+00  0.000000E+00     6  1.728082E-26  1.519692E+02 -1.525369E-26  8.121051E-27
  3.000000E+00  0.000000E+00     1  1.975006E-09 -1.171724E+01  1.933851E-09 -4.010881E-10
  3.000000E+00  0.000000E+00     2  3.416354E-24  1.694463E+02 -3.358562E-24  6.257272E-25
  3.000000E+00  0.000000E+00     3  1.395507E-10 -6.722312E+01  5.402618E-11 -1.286685E-10
  3.000000E+00  0.000000E+00     4  1.276752E-25  4.952415E+01  8.287746E-26  9.711990E-26
  3.000000E+00  0.000000E+00     5  4.492389E-13  1.521660E+02 -3.972636E-13  2.097551E-13
  3.000000E+00  0.000000E+00     6  1.523036E-26 -1.411509E+02 -1.186141E-26 -9.553576E-27
  3.100000E+00  0.000000E+00     1  1.305399E-09  7.600967E+01  3.155908E-10  1.266676E-09
  3.100000E+00  0.000000E+00     2  1.617144E-23  4.728500E+00  1.611640E-23  1.333081E-24
  3.100000E+00  0.000000E+00     3  1.011304E-10 -1.103640E+02 -3.519161E-11 -9.480984E-11
  3.100000E+00  0.000000E+00     4  2.368140E-25 -7.908123E+01  4.485663E-26 -2.325269E-25
  3.100000E+00  0.000000E+00     5  2.542499E-13  1.654752E+01  2.437198E-13  7.241301E-14
  3.100000E+00  0.000000E+00     6  1.567250E-26 -6.808678E+01  5.849009E-27 -1.454017E-26
  3.200000E+00  0.000000E+00     1  1.607094E-09  1.505275E+02 -1.399122E-09  7.907000E-10
  3.200000E+00  0.000000E+00     2  8.278322E-24 -1.522132E+02 -7.323737E-24 -3.859209E-24
  3.200000E+00  0.000000E+00     3  5.900067E-11  1.363657E+02 -4.270229E-11  4.071355E-11
  3.200000E+00  0.000000E+00     4  3.455585E-25  1.708091E+02 -3.411221E-25  5.519431E-26
  3.200000E+00  0.000000E+00     5  4.124067E-13 -2.152855E+01  3.836351E-13 -1.513387E-13
  3.200000E+00  0.000000E+00     6  2.295559E-26  1.750296E+02 -2.286927E-26  1.988882E-27
  3.300000E+00  0.000000E+00     1  1.064405E-09 -1.284346E+02 -6.616568E-10 -8.337673E-10
  3.300000E+00  0.000000E+00     2  9.535136E-24 -2.771789E+01  8.440964E-24 -4.434968E-24
  3.300000E+00  0.000000E+00     3  8.792310E-11  7.645329E+01  2.059493E-11  8.547702E-11
  3.300000E+00  0.000000E+00     4  2.193876E-25 -1.009761E+02 -4.177118E-26 -2.153743E-25
  3.300000E+00  0.000000E+00     5  6.975372E-14 -1.113553E+02 -2.540078E-14 -6.496447E-14
  3.300000E+00  0.000000E+00     6  3.088703E-26 -1.408589E+02 -2.395580E-26 -1.949687E-26
  3.400000E+00  0.000000E+00     1  1.245234E-09 -3.848673E+01  9.747095E-10 -7.749503E-10
  3.400000E+00  0.000000E+00     2  1.394330E-23  4.013133E+01  1.066062E-23  8.987042E-24
  3.400000E+00  0.000000E+00     3  2.960878E-11 -7.921485E+00  2.932625E-11 -4.080562E-12
  3.400000E+00  0.000000E+00     4  4.240822E-25  8.433760E-01  4.240363E-25  6.242132E-27
  3.400000E+00  0.000000E+00     5  3.288952E-13  1.598049E+02 -3.086755E-13  1.135406E-13
  3.400000E+00  0.000000E+00     6  2.598683E-26 -8.183567E+01  3.690458E-27 -2.572344E-26
  3.500000E+00  0.000000E+00     1  8.842737E-10  4.275034E+01  6.493385E-10  6.002495E-10
  3.500000E+00  0.000000E+00     2  1.014255E-23 -6.946141E+01  3.558393E-24 -9.497846E-24
  3.500000E+00  0.000000E+00     3  7.072270E-11 -1.034566E+02 -1.645774E-11 -6.878112E-11
  3.500000E+00  0.000000E+00     4  3.336434E-25 -3.648352E+01  2.682586E-25 -1.983815E-25
  3.500000E+00  0.000000E+00     5  6.298584E-14  1.336030E+02 -4.343863E-14  4.561032E-14
  3.500000E+00  0.000000E+00     6  2.892712E-26  1.748571E+02 -2.881067E-26  2.593011E-27
  3.600000E+00  0.000000E+00     1  9.742121E-10  1.414712E+02 -7.621211E-10  6.068449E-10
  3.600000E+00  0.000000E+00     2  2.008021E-23  4.275790E+01  1.474347E-23  1.363250E-23
  3.600000E+00  0.000000E+00     3  2.063485E-11 -1.648421E+02 -1.991694E-11 -5.395607E-12
  3.600000E+00  0.000000E+00     4  4.468816E-25  1.567297E+01  4.302662E-25  1.207234E-25
  3.600000E+00  0.000000E+00     5  2.656716E-13 -2.088989E+01  2.482083E-13 -9.473134E-14
  3.600000E+00  0.000000E+00     6  3.729141E-26 -1.659949E+02 -3.618290E-26 -9.024812E-27
  3.700000E+00  0.000000E+00     1  7.161594E-10 -1.331380E+02 -4.896795E-10 -5.225881E-10
  3.700000E+00  0.000000E+00     2  6.318315E-24 -1.014998E+01  6.219432E-24 -1.113448E-24
  3.700000E+00  0.000000E+00     3  5.850121E-11  7.262445E+01  1.747043E-11  5.583167E-11
  3.700000E+00  0.000000E+00     4  4.338513E-26 -1.144161E+01  4.252296E-26 -8.606273E-27
  3.700000E+00  0.000000E+00     5  4.889312E-14 -2.781449E+01  4.324416E-14 -2.281404E-14
  3.700000E+00  0.000000E+00     6  3.658504E-26  1.517223E+02 -3.221904E-26  1.733201E-26
  3.800000E+00  0.000000E+00     1  7.942143E-10 -2.921423E+01  6.931909E-10 -3.876373E-10
  3.800000E+00  0.000000E+00     2  1.124362E-24  1.292340E+02 -7.111461E-25  8.708969E-25
  3.800000E+00  0.000000E+00     3  1.171153E-11  1.432896E+01  1.134719E-11  2.898471E-12
  3.800000E+00  0.000000E+00     4  1.023699E-25 -1.706790E+02 -1.010182E-25 -1.658044E-26
  3.800000E+00  0.000000E+00     5  2.288467E-13  1.580832E+02 -2.123072E-13  8.541924E-14
  3.800000E+00  0.000000E+00     6  4.212490E-26  1.472196E+01  4.074195E-26  1.070515E-26
  3.900000E+00  0.000000E+00     1  5.604767E-10  6.406654E+01  2.451116E-10  5.040381E-10
  3.900000E+00  0.000000E+00     2  4.510912E-24  1.086367E+01  4.430069E-24  8.501838E-25
  3.900000E+00  0.000000E+00     3  5.170413E-11 -1.115571E+02 -1.899759E-11 -4.808751E-11
  3.900000E+00  0.000000E+00     4  1.653814E-25  2.511816E+01  1.497420E-25  7.020217E-26
  3.900000E+00  0.000000E+00     5  1.442449E-14 -1.536503E+02 -1.292582E-14 -6.402279E-15
  3.900000E+00  0.000000E+00     6  1.526926E-26 -9.453393E+01 -1.207026E-27 -1.522148E-26
  4.000000E+00  0.000000E+00     1  6.754585E-10  1.671620E+02 -6.585736E-10  1.500837E-10
  4.000000E+00  0.000000E+00     2  4.652567E-24 -5.502255E+00  4.631130E-24 -4.461111E-25
  4.000000E+00  0.000000E+00     3  4.488163E-12  1.021632E+02 -9.456446E-13  4.387409E-12
  4.000000E+00  0.000000E+00     4  5.020984E-26  3.190718E+01  4.262341E-26  2.653814E-26
  4.000000E+00  0.000000E+00     5  2.162266E-13 -1.953652E+01  2.037782E-13 -7.230784E-14
  4.000000E+00  0.000000E+00     6  2.620700E-26 -6.585808E+01  1.071862E-26 -2.391481E-26
