  0.004   0.200    0.62361E+06  -0.13938E-09  -0.35034E-08  -0.11481E-07   0.37712E+08   0.35288E-09
  0.009   0.300    0.65535E+06  -0.97316E-10  -0.28813E-08   0.48749E-09   0.43002E+08   0.49113E-08
  0.016   0.400    0.69857E+06   0.74579E-10   0.21646E-08  -0.16327E-07   0.49488E+08   0.89422E-08
  0.025   0.500    0.72752E+06  -0.48067E-09   0.11678E-08  -0.58208E-08   0.50879E+08   0.14996E-07
  0.037   0.600    0.72495E+06  -0.14916E-09   0.22401E-08  -0.90804E-08   0.43173E+08  -0.24738E-08
  0.050   0.700    0.71248E+06  -0.28194E-10  -0.31189E-08  -0.21319E-08   0.29912E+08   0.22461E-07
  0.065   0.800    0.71873E+06  -0.12551E-09  -0.23992E-08  -0.15010E-07   0.16640E+08   0.31003E-07
  0.083   0.900    0.72386E+06  -0.43178E-09   0.14725E-08   0.91895E-08   0.75296E+07   0.48338E-07
  0.102   1.000    0.68089E+06  -0.21760E-09   0.58421E-08  -0.28012E-08   0.23318E+07   0.12013E-07
  0.123   1.100    0.59982E+06   0.43087E-09  -0.25485E-07  -0.49335E-07  -0.28144E+07   0.32336E-07
  0.147   1.200    0.48664E+06   0.12254E-08   0.36766E-08  -0.26235E-07  -0.74391E+07   0.54184E-07
  0.172   1.300    0.36048E+06   0.81265E-09  -0.27635E-08   0.11256E-06  -0.97893E+07   0.21202E-07
  0.200   1.400    0.25530E+06   0.26066E-08   0.33788E-09   0.27676E-08  -0.10688E+08   0.26936E-07
  0.229   1.500    0.18394E+06   0.99172E-09   0.15007E-09  -0.54370E-07  -0.10510E+08   0.18277E-07
  0.261   1.600    0.14380E+06  -0.60766E-10   0.25607E-08   0.33146E-07  -0.98178E+07  -0.49731E-08
  0.295   1.700    0.12159E+06  -0.21252E-09   0.31441E-08   0.26739E-09  -0.91295E+07   0.71017E-07
  0.330   1.800    0.99498E+05  -0.28706E-09   0.44606E-08   0.55807E-08  -0.83197E+07   0.26892E-07
  0.368   1.900    0.72508E+05  -0.63562E-09   0.16839E-08   0.19003E-07  -0.73024E+07   0.11176E-07
  0.408   2.000    0.49791E+05  -0.86618E-09   0.17462E-08   0.31359E-08  -0.61290E+07   0.14894E-07
  0.450   2.100    0.37769E+05   0.57867E-10   0.21769E-08  -0.64611E-08  -0.50375E+07   0.17026E-07
  0.494   2.200    0.35100E+05   0.92257E-10   0.15921E-08  -0.10174E-07  -0.41900E+07   0.20118E-08
  0.539   2.300    0.34503E+05  -0.30212E-09   0.14002E-08   0.44565E-09  -0.35054E+07   0.14788E-07
  0.587   2.400    0.31893E+05  -0.17349E-09   0.16348E-08  -0.39945E-08  -0.28125E+07   0.11394E-07
  0.637   2.500    0.30369E+05   0.18736E-09   0.91472E-09  -0.10685E-07  -0.21210E+07  -0.99608E-08
  0.689   2.600    0.32419E+05  -0.26387E-09   0.14948E-08  -0.41709E-08  -0.15395E+07   0.52387E-08
  0.743   2.700    0.36370E+05  -0.37437E-09   0.18349E-08  -0.11423E-08  -0.10925E+07   0.65702E-08
  0.799   2.800    0.39538E+05   0.17735E-10   0.43406E-09  -0.16371E-09  -0.67324E+06  -0.17535E-08
  0.858   2.900    0.42831E+05  -0.48874E-09   0.41291E-09   0.35507E-08  -0.25635E+06  -0.46566E-09
  0.918   3.000    0.47504E+05  -0.18383E-09  -0.16119E-08  -0.52569E-08   0.10605E+06   0.39512E-07
  0.980   3.100    0.52553E+05  -0.55984E-08  -0.21612E-07   0.12279E-06   0.43051E+06   0.36151E-07
  1.044   3.200    0.56809E+05  -0.94610E-09   0.43633E-09   0.14075E-07   0.80015E+06   0.22294E-07
  1.110   3.300    0.59615E+05  -0.80306E-09   0.12876E-08   0.81627E-08   0.10868E+07  -0.13650E-07
  1.179   3.400    0.63898E+05  -0.71336E-09   0.36996E-08   0.76921E-08   0.11960E+07  -0.90404E-08
  1.249   3.500    0.68629E+05  -0.36428E-09  -0.42354E-08   0.12118E-07   0.15086E+07   0.24866E-08
  1.322   3.600    0.71652E+05  -0.25648E-09   0.34890E-09  -0.11532E-08   0.20952E+07   0.14898E-07
  1.396   3.700    0.76622E+05  -0.23823E-09   0.34728E-08  -0.27876E-08   0.17525E+07  -0.84391E-08
  1.472   3.800    0.80889E+05  -0.63119E-09   0.16970E-08   0.92696E-08   0.21020E+07  -0.34561E-08
  1.551   3.900    0.86165E+05  -0.11637E-08   0.32765E-08   0.22483E-07   0.22400E+07   0.85493E-08
  1.632   4.000    0.87847E+05  -0.32550E-09  -0.54779E-09   0.32614E-08   0.22839E+07  -0.10614E-08
