  0.004   0.200    0.37124E+08  -0.75412E-07   0.77096E-06   0.67981E-06   0.22427E+11   0.13267E-05
  0.009   0.300    0.42150E+08  -0.66025E-07   0.46224E-06   0.70757E-06   0.23582E+11   0.97807E-06
  0.016   0.400    0.48293E+08  -0.67706E-07   0.13135E-06   0.17684E-05   0.24923E+11   0.14530E-06
  0.025   0.500    0.49556E+08  -0.29822E-07   0.28547E-06   0.12806E-05   0.25120E+11  -0.58990E-07
  0.037   0.600    0.42148E+08  -0.28810E-07   0.85066E-07   0.95508E-07   0.23549E+11   0.85010E-06
  0.050   0.700    0.29483E+08  -0.27561E-07   0.40546E-06   0.20908E-06   0.21092E+11  -0.37664E-06
  0.065   0.800    0.16895E+08  -0.50392E-08   0.17342E-07   0.64861E-06   0.18639E+11   0.23151E-06
  0.083   0.900    0.83984E+07   0.95421E-08   0.11846E-06  -0.39056E-06   0.16499E+11  -0.19156E-06
  0.102   1.000    0.36448E+07   0.45910E-07  -0.29550E-06   0.11315E-05   0.14873E+11  -0.10655E-05
  0.123   1.100   -0.10878E+07  -0.16375E-06  -0.34101E-05   0.74894E-06   0.13885E+11  -0.76004E-05
  0.147   1.200   -0.53558E+07  -0.31653E-06  -0.32568E-06   0.13566E-05   0.13349E+11  -0.27601E-05
  0.172   1.300   -0.76397E+07  -0.67039E-06  -0.10859E-05  -0.89895E-05   0.12980E+11  -0.41352E-05
  0.200   1.400   -0.86409E+07  -0.16617E-06  -0.17764E-06   0.44002E-05   0.12786E+11  -0.22873E-05
  0.229   1.500   -0.86311E+07   0.21520E-07  -0.33993E-05   0.16452E-04   0.12703E+11  -0.15972E-04
  0.261   1.600   -0.80925E+07   0.30861E-06  -0.74278E-06  -0.13858E-05   0.12658E+11   0.16034E-05
  0.295   1.700   -0.74507E+07   0.17380E-06  -0.11087E-05  -0.54290E-05   0.12657E+11  -0.24095E-04
  0.330   1.800   -0.66548E+07  -0.14211E-06  -0.81518E-06   0.28876E-05   0.12661E+11  -0.89669E-05
  0.368   1.900   -0.57156E+07   0.43852E-06  -0.80352E-06  -0.14165E-04   0.12675E+11   0.22760E-05
  0.408   2.000   -0.47250E+07   0.44610E-06  -0.10839E-05   0.23457E-05   0.12682E+11  -0.90838E-05
  0.450   2.100   -0.38315E+07   0.62615E-06  -0.14856E-05  -0.83583E-05   0.12687E+11  -0.77727E-05
  0.494   2.200   -0.31002E+07   0.13464E-06  -0.32372E-05  -0.73667E-05   0.12697E+11  -0.86162E-06
  0.539   2.300   -0.24377E+07   0.56611E-06  -0.14700E-05  -0.15839E-04   0.12716E+11  -0.54627E-05
  0.587   2.400   -0.17659E+07   0.86272E-06  -0.39029E-05  -0.13444E-04   0.12751E+11   0.52732E-05
  0.637   2.500   -0.11326E+07   0.15877E-06   0.31107E-06  -0.35743E-05   0.12806E+11   0.44759E-05
  0.689   2.600   -0.58373E+06   0.44535E-06  -0.12353E-05  -0.18789E-05   0.12883E+11  -0.83760E-05
  0.743   2.700   -0.86315E+05   0.49608E-07   0.60976E-06   0.72913E-05   0.12983E+11   0.90005E-05
  0.799   2.800    0.39425E+06  -0.29153E-06   0.11695E-05   0.13670E-05   0.13105E+11   0.50473E-04
  0.858   2.900    0.83214E+06  -0.10127E-05   0.98484E-06  -0.11255E-04   0.13232E+11   0.21277E-04
  0.918   3.000    0.12412E+07   0.14494E-05   0.23130E-05  -0.51081E-04   0.13350E+11  -0.24925E-04
  0.980   3.100    0.16784E+07   0.39648E-06  -0.88658E-08   0.97332E-05   0.13476E+11   0.17283E-03
  1.044   3.200    0.22159E+07   0.22853E-05   0.70585E-05  -0.45747E-04   0.13615E+11  -0.45254E-04
  1.110   3.300    0.23544E+07  -0.24775E-06   0.12708E-05   0.97101E-05   0.13690E+11  -0.40420E-04
  1.179   3.400    0.25703E+07   0.29255E-06   0.45079E-05  -0.72572E-05   0.13704E+11   0.17963E-04
  1.249   3.500    0.22308E+07   0.34397E-06   0.48424E-05   0.38551E-04   0.99735E+10   0.12014E-03
  1.322   3.600    0.33136E+07   0.68008E-06   0.18446E-05   0.21568E-04   0.14067E+11  -0.11336E-04
  1.396   3.700    0.32800E+07   0.76294E-06   0.57908E-05   0.10379E-04   0.13859E+11   0.14233E-04
  1.472   3.800    0.34859E+07  -0.10691E-05  -0.19139E-06  -0.13198E-04   0.14083E+11   0.87819E-04
  1.551   3.900    0.37099E+07  -0.16841E-05  -0.59806E-05   0.52879E-04   0.13862E+11   0.54956E-04
  1.632   4.000    0.34883E+07  -0.20747E-06   0.29613E-05  -0.22907E-04   0.12511E+11  -0.38595E-04
