  0.004   0.200    0.30122E-08  -0.39302E+08  -0.11729E-06   0.12642E+10  -0.31758E-06   0.29104E-06
  0.009   0.300    0.65083E-08  -0.40897E+08  -0.23865E-07   0.13084E+10  -0.74320E-06   0.35483E-06
  0.016   0.400    0.11096E-07  -0.43442E+08   0.30850E-07   0.13785E+10  -0.86986E-06   0.35716E-06
  0.025   0.500   -0.14625E-08  -0.46199E+08  -0.28114E-07   0.14531E+10   0.16950E-06   0.20023E-06
  0.037   0.600   -0.81163E-08  -0.47276E+08   0.54773E-07   0.14788E+10  -0.79535E-06   0.23236E-06
  0.050   0.700    0.36962E-08  -0.45255E+08   0.14834E-06   0.14175E+10   0.22352E-06   0.35996E-06
  0.065   0.800   -0.31869E-08  -0.40988E+08   0.24949E-07   0.12954E+10   0.48615E-06  -0.88476E-08
  0.083   0.900    0.39145E-08  -0.36360E+08  -0.57167E-07   0.11656E+10   0.27562E-05   0.34925E-07
  0.102   1.000    0.66522E-09  -0.32202E+08   0.31599E-07   0.10506E+10   0.24135E-05  -0.32177E-06
  0.123   1.100    0.14697E-08  -0.28510E+08  -0.24584E-06   0.95041E+09  -0.79395E-06  -0.20489E-07
  0.147   1.200   -0.31832E-08  -0.25400E+08   0.16382E-06   0.86759E+09   0.30976E-05   0.84774E-06
  0.172   1.300    0.87457E-08  -0.23017E+08  -0.72572E-06   0.80486E+09   0.54357E-05   0.69500E-06
  0.200   1.400    0.81254E-08  -0.21149E+08  -0.20548E-06   0.75667E+09   0.84590E-05   0.19276E-05
  0.229   1.500   -0.50377E-07  -0.19696E+08   0.10922E-06   0.72004E+09   0.63928E-05  -0.28939E-05
  0.261   1.600   -0.25154E-07  -0.18604E+08   0.15653E-06   0.69354E+09  -0.39190E-05   0.57858E-06
  0.295   1.700   -0.12302E-07  -0.17725E+08   0.11376E-07   0.67308E+09  -0.15527E-05  -0.22724E-06
  0.330   1.800    0.23887E-07  -0.17053E+08  -0.49040E-08   0.65810E+09   0.21160E-05   0.99535E-06
  0.368   1.900   -0.30494E-07  -0.16525E+08   0.17437E-06   0.64674E+09   0.17462E-06   0.63074E-06
  0.408   2.000    0.15342E-07  -0.16135E+08   0.57589E-07   0.63865E+09  -0.38603E-06   0.39954E-06
  0.450   2.100   -0.51477E-08  -0.15836E+08   0.99175E-07   0.63256E+09  -0.99069E-06  -0.17555E-06
  0.494   2.200   -0.12014E-07  -0.15594E+08   0.37819E-06   0.62764E+09   0.11695E-05  -0.25006E-06
  0.539   2.300   -0.11969E-08  -0.15397E+08  -0.15098E-06   0.62370E+09  -0.23497E-05   0.31129E-06
  0.587   2.400   -0.72605E-08  -0.15238E+08   0.30329E-06   0.62066E+09   0.88476E-08   0.59325E-06
  0.637   2.500   -0.61493E-07  -0.15121E+08  -0.11378E-06   0.61875E+09  -0.29034E-05   0.10353E-05
  0.689   2.600   -0.43349E-07  -0.15045E+08  -0.23114E-06   0.61804E+09  -0.19316E-05   0.20864E-05
  0.743   2.700    0.10847E-07  -0.14987E+08  -0.94107E-07   0.61809E+09  -0.36551E-05   0.91328E-06
  0.799   2.800   -0.43037E-08  -0.14922E+08  -0.80189E-06   0.61822E+09   0.13507E-04  -0.25589E-05
  0.858   2.900    0.42698E-07  -0.14887E+08  -0.37071E-08   0.61913E+09  -0.24915E-05   0.11245E-05
  0.918   3.000    0.16079E-06  -0.14937E+08  -0.22697E-06   0.62208E+09  -0.87187E-05   0.11012E-04
  0.980   3.100   -0.28994E-06  -0.14944E+08   0.50590E-06   0.62392E+09  -0.18812E-04  -0.35283E-05
  1.044   3.200    0.38551E-07  -0.14710E+08  -0.22057E-05   0.61984E+09  -0.16784E-04  -0.14157E-05
  1.110   3.300    0.49140E-08  -0.14862E+08  -0.47464E-06   0.62498E+09   0.15393E-04  -0.78563E-06
  1.179   3.400    0.78457E-07  -0.15153E+08   0.51514E-08   0.63282E+09   0.49542E-05  -0.31304E-06
  1.249   3.500    0.11196E-06  -0.14929E+08  -0.35548E-06   0.62798E+09   0.20626E-04  -0.35757E-05
  1.322   3.600   -0.22132E-07  -0.14920E+08  -0.18962E-06   0.62813E+09   0.10300E-04  -0.29970E-05
  1.396   3.700    0.12095E-07  -0.16387E+08   0.77037E-06   0.66393E+09   0.13912E-06  -0.30395E-05
  1.472   3.800    0.20916E-07  -0.14219E+08   0.18952E-05   0.61116E+09   0.11973E-04   0.60991E-05
  1.551   3.900    0.10786E-06  -0.95092E+07   0.19913E-05   0.49623E+09  -0.13716E-04   0.45142E-05
  1.632   4.000    0.25197E-06  -0.10531E+08  -0.57856E-06   0.52110E+09  -0.53435E-05   0.28253E-05
