  0.004   0.200   -0.64326E-12   0.21745E+03  -0.20191E-09  -0.62692E+04  -0.23533E-10  -0.33855E-11
  0.009   0.300   -0.11795E-11   0.34621E+04  -0.16175E-08  -0.99372E+05  -0.59299E-09  -0.42267E-10
  0.016   0.400   -0.49312E-11   0.22869E+05  -0.32423E-08  -0.65245E+06   0.28558E-08   0.52935E-10
  0.025   0.500   -0.47862E-10   0.87976E+05  -0.36289E-09  -0.24913E+07   0.36816E-08  -0.18781E-09
  0.037   0.600    0.35470E-10   0.22468E+06  -0.43246E-08  -0.63078E+07   0.61700E-08  -0.10687E-08
  0.050   0.700    0.15609E-09   0.41270E+06  -0.34233E-08  -0.11478E+08   0.78173E-07  -0.72760E-09
  0.065   0.800   -0.46043E-09   0.59449E+06  -0.42737E-08  -0.16379E+08   0.83906E-07   0.63301E-09
  0.083   0.900    0.93451E-10   0.73857E+06  -0.11323E-08  -0.20163E+08   0.44180E-07   0.11642E-08
  0.102   1.000   -0.60641E-09   0.85168E+06  -0.55788E-08  -0.23037E+08  -0.37049E-07  -0.37515E-07
  0.123   1.100    0.67917E-09   0.93803E+06  -0.10004E-08  -0.25131E+08   0.11767E-06  -0.24549E-07
  0.147   1.200    0.24329E-10   0.99263E+06  -0.32132E-08  -0.26360E+08  -0.21554E-06  -0.19092E-07
  0.172   1.300   -0.14680E-08   0.10254E+07  -0.10689E-07  -0.26993E+08   0.17678E-06   0.77060E-07
  0.200   1.400    0.15984E-09   0.10487E+07   0.10864E-07  -0.27350E+08  -0.37951E-06   0.78333E-07
  0.229   1.500   -0.20361E-09   0.10604E+07   0.11697E-07  -0.27410E+08   0.11854E-06   0.20285E-07
  0.261   1.600   -0.33469E-09   0.10698E+07  -0.16134E-08  -0.27410E+08  -0.58964E-07  -0.13024E-07
  0.295   1.700    0.34106E-12   0.10741E+07  -0.38453E-08  -0.27321E+08   0.16449E-06   0.37835E-09
  0.330   1.800   -0.80485E-09   0.10755E+07   0.22546E-08  -0.27191E+08  -0.12960E-06   0.31083E-07
  0.368   1.900   -0.38780E-09   0.10734E+07  -0.12830E-07  -0.27007E+08  -0.26397E-07   0.26615E-07
  0.408   2.000   -0.34800E-09   0.10708E+07   0.47567E-08  -0.26827E+08  -0.14665E-06   0.16997E-07
  0.450   2.100    0.51523E-09   0.10686E+07  -0.11222E-07  -0.26667E+08  -0.15131E-06   0.33237E-07
  0.494   2.200   -0.31361E-09   0.10684E+07  -0.17898E-07  -0.26563E+08   0.10154E-06   0.58091E-07
  0.539   2.300   -0.47081E-09   0.10694E+07   0.90577E-08  -0.26500E+08   0.10885E-06   0.76558E-07
  0.587   2.400   -0.12822E-08   0.10726E+07  -0.12758E-07  -0.26508E+08   0.11094E-06   0.25131E-07
  0.637   2.500   -0.29757E-08   0.10803E+07  -0.85511E-08  -0.26641E+08  -0.15093E-06  -0.53828E-07
  0.689   2.600    0.69440E-09   0.10910E+07  -0.25969E-07  -0.26865E+08  -0.42055E-07   0.13766E-07
  0.743   2.700    0.10444E-09   0.11007E+07  -0.64565E-08  -0.27076E+08   0.25355E-06  -0.60012E-07
  0.799   2.800   -0.22180E-09   0.11146E+07   0.24417E-07  -0.27400E+08  -0.28682E-06  -0.18976E-06
  0.858   2.900   -0.22465E-08   0.11434E+07   0.10805E-08  -0.28088E+08   0.20815E-06   0.59197E-07
  0.918   3.000    0.50873E-09   0.11718E+07   0.47904E-07  -0.28762E+08   0.18450E-05  -0.77661E-06
  0.980   3.100    0.10519E-07   0.11801E+07   0.23631E-07  -0.28950E+08   0.16824E-05  -0.45546E-06
  1.044   3.200    0.18080E-09   0.12137E+07   0.79270E-07  -0.29765E+08   0.64017E-06  -0.45689E-06
  1.110   3.300   -0.42221E-08   0.12917E+07   0.37305E-07  -0.31627E+08   0.51077E-07  -0.14011E-06
  1.179   3.400    0.20268E-08   0.13178E+07  -0.67865E-07  -0.32193E+08  -0.10687E-06  -0.46668E-07
  1.249   3.500    0.14259E-08   0.13517E+07   0.97766E-07  -0.33013E+08  -0.15347E-05  -0.22961E-06
  1.322   3.600    0.83809E-09   0.15606E+07  -0.73829E-07  -0.38015E+08   0.53106E-06   0.26613E-06
  1.396   3.700    0.14314E-07   0.14786E+07   0.86482E-07  -0.35923E+08   0.90883E-06   0.65369E-06
  1.472   3.800   -0.20201E-07   0.15021E+07  -0.13241E-07  -0.36770E+08   0.20378E-05  -0.88732E-06
  1.551   3.900   -0.14498E-07   0.21424E+07   0.17446E-07  -0.52299E+08  -0.16343E-05  -0.48714E-06
  1.632   4.000   -0.43743E-08   0.19923E+07  -0.18493E-06  -0.48621E+08  -0.92141E-06   0.69560E-06
