  0.004   0.200    0.19141E+03   0.14410E-11   0.23965E-09   0.18716E-10   0.48360E+05   0.49428E-11
  0.009   0.300    0.29240E+04  -0.49383E-12  -0.34470E-09  -0.31736E-09   0.71451E+06  -0.14339E-10
  0.016   0.400    0.17199E+05   0.21117E-10   0.14152E-08  -0.97316E-10   0.40380E+07   0.26009E-09
  0.025   0.500    0.53408E+05   0.10175E-10  -0.63483E-09  -0.13524E-08   0.12034E+08  -0.83833E-09
  0.037   0.600    0.10489E+06   0.46953E-10  -0.70941E-09  -0.39763E-08   0.22680E+08   0.19554E-09
  0.050   0.700    0.15644E+06   0.36698E-09  -0.25648E-09  -0.14516E-08   0.31612E+08  -0.16444E-08
  0.065   0.800    0.21714E+06   0.10027E-09   0.28194E-08  -0.82437E-08   0.36185E+08  -0.92186E-08
  0.083   0.900    0.32175E+06   0.36812E-09  -0.38017E-09  -0.10194E-07   0.36745E+08  -0.19820E-07
  0.102   1.000    0.46166E+06  -0.16280E-09   0.35088E-08  -0.19812E-07   0.36896E+08   0.12267E-07
  0.123   1.100    0.60236E+06   0.14325E-08  -0.56207E-09   0.23399E-07   0.37203E+08  -0.22032E-07
  0.147   1.200    0.72756E+06  -0.36607E-09  -0.47312E-08  -0.22061E-07   0.34835E+08  -0.39421E-07
  0.172   1.300    0.79807E+06   0.39131E-08   0.10358E-07   0.14580E-06   0.30876E+08  -0.31243E-07
  0.200   1.400    0.80941E+06  -0.28681E-08   0.40927E-09   0.81680E-07   0.26663E+08  -0.54213E-07
  0.229   1.500    0.78328E+06   0.25329E-08   0.51350E-08  -0.57364E-07   0.22588E+08   0.23072E-07
  0.261   1.600    0.74716E+06  -0.99635E-09   0.81745E-08   0.26230E-07   0.19277E+08   0.48749E-09
  0.295   1.700    0.72478E+06  -0.73214E-09   0.17008E-09  -0.31112E-07   0.16308E+08   0.27962E-07
  0.330   1.800    0.71683E+06  -0.36061E-09   0.32251E-08   0.21959E-07   0.13432E+08  -0.57422E-07
  0.368   1.900    0.70184E+06   0.81673E-09   0.15316E-08  -0.13293E-07   0.10614E+08  -0.22112E-07
  0.408   2.000    0.66646E+06   0.10241E-08   0.50295E-09  -0.71086E-08   0.83976E+07  -0.28012E-08
  0.450   2.100    0.62003E+06   0.93564E-09  -0.32906E-08  -0.31076E-07   0.68328E+07   0.17513E-07
  0.494   2.200    0.57831E+06  -0.38722E-09   0.43983E-08   0.48312E-08   0.56840E+07  -0.10121E-07
  0.539   2.300    0.54861E+06   0.77489E-09  -0.57071E-08  -0.32036E-07   0.45083E+07  -0.14908E-07
  0.587   2.400    0.52061E+06  -0.37744E-10   0.19077E-08   0.11394E-07   0.33229E+07   0.16473E-07
  0.637   2.500    0.48669E+06   0.39404E-09   0.50477E-10  -0.96043E-08   0.24631E+07  -0.14896E-07
  0.689   2.600    0.45161E+06   0.36130E-09   0.26375E-09   0.10186E-09   0.19531E+07   0.17584E-07
  0.743   2.700    0.42285E+06   0.55570E-09   0.21214E-08  -0.12911E-07   0.14943E+07  -0.67512E-08
  0.799   2.800    0.39762E+06  -0.89381E-09  -0.45338E-09   0.25597E-07   0.98416E+06  -0.48030E-07
  0.858   2.900    0.37098E+06  -0.52273E-09  -0.16084E-08   0.26055E-07   0.61176E+06  -0.22472E-07
  0.918   3.000    0.34522E+06   0.37525E-08   0.47712E-08  -0.98080E-07   0.38325E+06  -0.16519E-06
  0.980   3.100    0.32322E+06  -0.16291E-07  -0.53790E-07   0.39045E-06   0.10408E+06  -0.17826E-09
  1.044   3.200    0.29564E+06  -0.44702E-09   0.23522E-08   0.19219E-07  -0.37226E+06   0.76980E-08
  1.110   3.300    0.27526E+06  -0.13535E-08   0.57637E-08   0.37997E-07  -0.61818E+06  -0.62610E-07
  1.179   3.400    0.25844E+06   0.56619E-09  -0.74278E-08  -0.14694E-07  -0.92888E+06  -0.46624E-07
  1.249   3.500    0.23845E+06  -0.20596E-08   0.22171E-07   0.59739E-07   0.51095E+06   0.23399E-07
  1.322   3.600    0.22266E+06  -0.66884E-08   0.95315E-08   0.18024E-06  -0.79404E+06   0.23800E-07
  1.396   3.700    0.21422E+06   0.26655E-08  -0.88685E-08  -0.57640E-07  -0.39532E+06  -0.39312E-07
  1.472   3.800    0.19950E+06   0.19072E-08  -0.25525E-08  -0.50757E-07   0.78377E+05  -0.57538E-07
  1.551   3.900    0.18786E+06   0.18854E-08  -0.32660E-08  -0.63970E-07   0.86092E+06  -0.10725E-07
  1.632   4.000    0.17234E+06   0.97452E-09   0.61427E-08  -0.11525E-07   0.11275E+07   0.27474E-07
