  0.004   0.200  -0.214850E-10  0.165908E-08
  0.009   0.300  -0.251266E-09  0.143112E-09
  0.016   0.400  -0.440625E-09  0.329194E-09
  0.025   0.500   0.135101E-08  0.553513E-09
  0.037   0.600  -0.228324E-08 -0.184189E-08
  0.050   0.700   0.414224E-09 -0.176507E-08
  0.065   0.800  -0.109829E-08 -0.469758E-09
  0.083   0.900   0.946343E-09  0.160878E-08
  0.102   1.000  -0.316859E-08  0.254179E-08
  0.123   1.100   0.461655E-09 -0.867309E-09
  0.147   1.200   0.177661E-09  0.311897E-08
  0.172   1.300  -0.588198E-08 -0.324752E-08
  0.200   1.400  -0.348713E-08 -0.326640E-08
  0.229   1.500   0.146057E-08  0.328864E-08
  0.261   1.600  -0.204782E-08  0.463339E-09
  0.295   1.700  -0.202762E-08 -0.108336E-08
  0.330   1.800  -0.399430E-10  0.147410E-08
  0.368   1.900  -0.261248E-08  0.180411E-08
  0.408   2.000  -0.488557E-08  0.614312E-08
  0.450   2.100  -0.193424E-08  0.224470E-08
  0.494   2.200   0.528150E-08 -0.327884E-08
  0.539   2.300   0.805293E-08  0.222881E-08
  0.587   2.400  -0.321115E-09 -0.154173E-08
  0.637   2.500  -0.347795E-09 -0.494245E-08
  0.689   2.600  -0.262663E-08 -0.869486E-08
  0.743   2.700  -0.167953E-08 -0.492882E-08
  0.799   2.800   0.875417E-08 -0.156562E-07
  0.858   2.900   0.388880E-08  0.933716E-08
  0.918   3.000   0.231303E-07  0.278675E-07
  0.980   3.100   0.314584E-07  0.244227E-07
  1.044   3.200  -0.849387E-08 -0.687239E-08
  1.110   3.300  -0.153435E-07 -0.628304E-08
  1.179   3.400  -0.103449E-07 -0.149194E-07
  1.249   3.500   0.472373E-07 -0.517191E-07
  1.322   3.600   0.642858E-08  0.293485E-07
  1.396   3.700  -0.456917E-07 -0.271638E-07
  1.472   3.800   0.173014E-07 -0.742387E-07
  1.551   3.900  -0.700024E-07 -0.914108E-07
  1.632   4.000  -0.307517E-07 -0.414747E-07
