  0.004   0.200  -0.243196E-07  0.199498E-07
  0.009   0.300  -0.214209E-07  0.972202E-07
  0.016   0.400  -0.291323E-07 -0.154517E-07
  0.025   0.500   0.675868E-08  0.109537E-07
  0.037   0.600   0.343644E-07  0.481687E-07
  0.050   0.700   0.392659E-07  0.529646E-07
  0.065   0.800   0.529450E-07 -0.308569E-07
  0.083   0.900   0.412163E-07 -0.407968E-07
  0.102   1.000   0.848331E-07  0.959653E-07
  0.123   1.100   0.153682E-06 -0.288770E-07
  0.147   1.200  -0.121463E-06  0.311089E-07
  0.172   1.300   0.229741E-07  0.349141E-06
  0.200   1.400  -0.118226E-06 -0.157008E-06
  0.229   1.500   0.572667E-07  0.638652E-07
  0.261   1.600   0.246983E-07  0.252746E-06
  0.295   1.700  -0.917231E-07 -0.840374E-08
  0.330   1.800   0.113024E-06 -0.183337E-07
  0.368   1.900   0.161349E-07  0.174652E-06
  0.408   2.000  -0.586760E-07  0.109978E-06
  0.450   2.100   0.127670E-07 -0.824360E-07
  0.494   2.200  -0.159260E-06 -0.855094E-07
  0.539   2.300   0.646187E-07 -0.131500E-06
  0.587   2.400   0.886859E-08  0.132522E-06
  0.637   2.500   0.163985E-06  0.514059E-07
  0.689   2.600  -0.163814E-06 -0.199119E-06
  0.743   2.700   0.170554E-06  0.408292E-06
  0.799   2.800  -0.115385E-06  0.319487E-06
  0.858   2.900  -0.301846E-06  0.163754E-06
  0.918   3.000   0.450364E-06 -0.377281E-06
  0.980   3.100  -0.100771E-05  0.826216E-06
  1.044   3.200  -0.245827E-06  0.186929E-06
  1.110   3.300  -0.598705E-07  0.317899E-06
  1.179   3.400   0.275370E-06  0.229176E-06
  1.249   3.500   0.296036E-06 -0.425657E-06
  1.322   3.600  -0.932349E-07  0.525711E-06
  1.396   3.700  -0.804924E-06 -0.176911E-05
  1.472   3.800  -0.356275E-06 -0.239322E-06
  1.551   3.900  -0.239663E-05 -0.167272E-05
  1.632   4.000   0.396887E-06 -0.360952E-06
