  0.004   0.200  -0.307277E+06  0.236861E+00
  0.009   0.300  -0.649744E+06  0.105272E+04
  0.016   0.400  -0.100407E+07  0.184741E+05
  0.025   0.500  -0.119904E+07  0.112614E+06
  0.037   0.600  -0.108076E+07  0.339437E+06
  0.050   0.700  -0.575012E+06  0.608172E+06
  0.065   0.800   0.247041E+06  0.681861E+06
  0.083   0.900   0.100485E+07  0.339310E+06
  0.102   1.000   0.109281E+07 -0.421317E+06
  0.123   1.100   0.254666E+06 -0.109632E+07
  0.147   1.200  -0.917892E+06 -0.864807E+06
  0.172   1.300  -0.121083E+07  0.352329E+06
  0.200   1.400  -0.873366E+05  0.120209E+07
  0.229   1.500   0.111548E+07  0.391905E+06
  0.261   1.600   0.528453E+06 -0.971656E+06
  0.295   1.700  -0.939586E+06 -0.554239E+06
  0.330   1.800  -0.497922E+06  0.911471E+06
  0.368   1.900   0.943632E+06  0.374770E+06
  0.408   2.000   0.143135E+06 -0.942460E+06
  0.450   2.100  -0.890135E+06  0.154866E+06
  0.494   2.200   0.493717E+06  0.702423E+06
  0.539   2.300   0.349147E+06 -0.739445E+06
  0.587   2.400  -0.773000E+06  0.126811E+06
  0.637   2.500   0.568531E+06  0.477225E+06
  0.689   2.600  -0.768204E+05 -0.696861E+06
  0.743   2.700  -0.358610E+06  0.564890E+06
  0.799   2.800   0.584129E+06 -0.260156E+06
  0.858   2.900  -0.607154E+06 -0.410886E+05
  0.918   3.000   0.521474E+06  0.256035E+06
  0.980   3.100  -0.402474E+06 -0.383717E+06
  1.044   3.200   0.289229E+06  0.455312E+06
  1.110   3.300  -0.204189E+06 -0.477428E+06
  1.179   3.400   0.262156E+06  0.475203E+06
  1.249   3.500  -0.105688E+06 -0.189538E+06
  1.322   3.600   0.245637E+06  0.428599E+06
  1.396   3.700  -0.338906E+06 -0.233345E+06
  1.472   3.800   0.356738E+06  0.145813E+06
  1.551   3.900  -0.264922E+06  0.602086E+05
  1.632   4.000   0.255867E+06 -0.236941E+06
