  0.004   0.200  -0.499677E+06 -0.245824E+08
  0.009   0.300  -0.186241E+07 -0.210430E+08
  0.016   0.400  -0.386693E+07 -0.167246E+08
  0.025   0.500  -0.559808E+07 -0.119370E+08
  0.037   0.600  -0.607886E+07 -0.688293E+07
  0.050   0.700  -0.484567E+07 -0.206780E+07
  0.065   0.800  -0.226014E+07  0.140654E+07
  0.083   0.900   0.658317E+06  0.246618E+07
  0.102   1.000   0.239122E+07  0.122560E+07
  0.123   1.100   0.184847E+07 -0.815335E+06
  0.147   1.200  -0.235541E+06 -0.165090E+07
  0.172   1.300  -0.159163E+07 -0.543288E+06
  0.200   1.400  -0.791529E+06  0.961281E+06
  0.229   1.500   0.803137E+06  0.840204E+06
  0.261   1.600   0.812198E+06 -0.461141E+06
  0.295   1.700  -0.453164E+06 -0.672005E+06
  0.330   1.800  -0.565891E+06  0.333409E+06
  0.368   1.900   0.403540E+06  0.412216E+06
  0.408   2.000   0.257776E+06 -0.364434E+06
  0.450   2.100  -0.404405E+06 -0.109996E+06
  0.494   2.200   0.703167E+05  0.324451E+06
  0.539   2.300   0.228444E+06 -0.166178E+06
  0.587   2.400  -0.251195E+06 -0.739568E+05
  0.637   2.500   0.101586E+06  0.190477E+06
  0.689   2.600   0.599990E+05 -0.166685E+06
  0.743   2.700  -0.144349E+06  0.741868E+05
  0.799   2.800   0.151210E+06  0.130865E+05
  0.858   2.900  -0.115157E+06 -0.670747E+05
  0.918   3.000   0.660224E+05  0.834534E+05
  0.980   3.100  -0.216809E+05 -0.716481E+05
  1.044   3.200  -0.244105E+05  0.107974E+06
  1.110   3.300   0.278770E+06 -0.240943E+05
  1.179   3.400  -0.447764E+06  0.183354E+06
  1.249   3.500  -0.345207E+06  0.938239E+06
  1.322   3.600  -0.526401E+05  0.305767E+06
  1.396   3.700  -0.579100E+05 -0.550076E+05
  1.472   3.800  -0.728449E+05  0.641301E+05
  1.551   3.900   0.502006E+05  0.216240E+06
  1.632   4.000   0.747445E+04 -0.443474E+05
