  0.004   0.200    0.29446E+06  -0.26063E-08  -0.82915E-08  -0.52774E-08   0.79937E+08   0.21626E-08
  0.009   0.300    0.31237E+06  -0.53505E-09  -0.69742E-08  -0.65057E-08   0.81332E+08  -0.40011E-08
  0.016   0.400    0.34249E+06  -0.90912E-09  -0.23194E-08  -0.64613E-08   0.83642E+08   0.15439E-08
  0.025   0.500    0.38487E+06  -0.28289E-08  -0.86443E-08  -0.76729E-08   0.86872E+08   0.22493E-07
  0.037   0.600    0.42957E+06  -0.18393E-08  -0.76568E-08  -0.73608E-08   0.90385E+08   0.15060E-07
  0.050   0.700    0.45352E+06  -0.16896E-08  -0.34927E-08  -0.58368E-08   0.92751E+08  -0.21997E-07
  0.065   0.800    0.42937E+06  -0.68715E-09  -0.63925E-08  -0.60334E-08   0.92352E+08   0.10326E-07
  0.083   0.900    0.34434E+06  -0.37497E-08  -0.25908E-08  -0.66900E-08   0.88436E+08   0.19737E-07
  0.102   1.000    0.21032E+06  -0.32769E-09  -0.50625E-08  -0.54024E-08   0.81441E+08  -0.84844E-09
  0.123   1.100    0.60307E+05  -0.14934E-08  -0.30429E-08  -0.65908E-08   0.72377E+08  -0.17677E-07
  0.147   1.200   -0.55829E+05  -0.20796E-08  -0.45428E-08  -0.70104E-08   0.62422E+08   0.24749E-07
  0.172   1.300   -0.88536E+05   0.49562E-09  -0.54313E-08  -0.64982E-08   0.53505E+08   0.85394E-08
  0.200   1.400   -0.51953E+05  -0.26686E-08  -0.69256E-08  -0.86292E-08   0.48032E+08   0.89885E-07
  0.229   1.500   -0.28985E+05   0.17565E-08  -0.44247E-08  -0.80725E-08   0.46161E+08   0.91950E-07
  0.261   1.600   -0.59916E+05  -0.17017E-08  -0.10709E-07  -0.74932E-08   0.45844E+08   0.25813E-07
  0.295   1.700   -0.10356E+06  -0.25588E-08  -0.21985E-09  -0.64771E-08   0.45290E+08   0.24783E-08
  0.330   1.800   -0.87749E+05  -0.41198E-08  -0.66436E-09  -0.68918E-08   0.44221E+08  -0.29270E-07
  0.368   1.900   -0.53424E+05   0.21904E-08   0.13011E-08  -0.83496E-08   0.44121E+08  -0.11318E-07
  0.408   2.000   -0.66337E+05  -0.39642E-08  -0.51151E-08  -0.87104E-08   0.44976E+08  -0.45375E-07
  0.450   2.100   -0.73329E+05   0.82020E-09  -0.27252E-08  -0.96045E-08   0.45659E+08   0.29549E-07
  0.494   2.200   -0.37447E+05   0.29693E-08  -0.59106E-08  -0.80194E-08   0.46171E+08  -0.12948E-06
  0.539   2.300   -0.39615E+05  -0.47325E-08  -0.11488E-07  -0.57786E-08   0.47185E+08   0.10175E-06
  0.587   2.400   -0.40061E+05  -0.49564E-08  -0.11537E-07  -0.91402E-08   0.48112E+08  -0.58974E-07
  0.637   2.500   -0.15746E+05   0.47345E-08  -0.43404E-08  -0.48385E-08   0.48840E+08   0.10544E-06
  0.689   2.600   -0.21918E+05  -0.42014E-08  -0.97541E-08  -0.65164E-08   0.49731E+08  -0.63532E-07
  0.743   2.700   -0.96892E+04   0.44295E-08  -0.83007E-08  -0.76005E-08   0.50458E+08   0.14256E-07
  0.799   2.800   -0.44488E+04  -0.19980E-08  -0.96170E-08  -0.76313E-08   0.51144E+08   0.85853E-08
  0.858   2.900   -0.42985E+04   0.32969E-08  -0.44389E-08  -0.63726E-08   0.51837E+08  -0.40248E-07
  0.918   3.000    0.45516E+04   0.61532E-08  -0.10261E-07  -0.59022E-08   0.52429E+08  -0.77949E-07
  0.980   3.100    0.35049E+04   0.22891E-08  -0.13018E-07  -0.70545E-08   0.53040E+08  -0.12783E-08
  1.044   3.200    0.98617E+04  -0.58099E-08  -0.10607E-07  -0.43754E-08   0.53590E+08  -0.39416E-07
  1.110   3.300    0.10220E+05   0.30973E-08  -0.76968E-08  -0.74283E-08   0.54122E+08  -0.37047E-07
  1.179   3.400    0.14187E+05  -0.31136E-08  -0.97809E-08  -0.94908E-08   0.54611E+08   0.76933E-07
  1.249   3.500    0.15550E+05  -0.61301E-08  -0.86327E-08  -0.76244E-08   0.55062E+08   0.54287E-07
  1.322   3.600    0.18312E+05   0.36221E-09  -0.85991E-08  -0.58306E-08   0.55470E+08  -0.37396E-07
  1.396   3.700    0.20184E+05   0.71510E-09  -0.54621E-08  -0.79843E-08   0.55837E+08  -0.11084E-07
  1.472   3.800    0.22481E+05  -0.53915E-09  -0.10007E-07  -0.57392E-08   0.56162E+08   0.16818E-07
  1.551   3.900    0.24520E+05  -0.22085E-08  -0.78284E-08  -0.59283E-08   0.56448E+08   0.49436E-07
  1.632   4.000    0.27059E+05  -0.22365E-08  -0.75237E-08  -0.71925E-08   0.56695E+08   0.20019E-07
