  0.004   0.200    0.53376E-10  -0.45588E-10   0.82885E+06  -0.55365E-10   0.72177E-08  -0.16662E-08
  0.009   0.300    0.49624E-10  -0.15700E-09   0.83876E+06   0.65711E-10   0.94151E-08  -0.13351E-08
  0.016   0.400    0.21657E-10   0.53433E-11   0.82273E+06   0.57980E-10   0.55079E-08  -0.66757E-09
  0.025   0.500    0.22737E-12   0.48885E-10   0.77889E+06  -0.13279E-09  -0.25102E-08   0.13151E-08
  0.037   0.600    0.89585E-10  -0.12403E-09   0.71227E+06  -0.54399E-10   0.65338E-08   0.35652E-09
  0.050   0.700    0.15052E-09   0.30843E-09   0.63128E+06   0.11983E-09   0.14072E-07  -0.53478E-09
  0.065   0.800    0.69520E-10  -0.11528E-09   0.54476E+06   0.18986E-10   0.76107E-08  -0.75306E-09
  0.083   0.900    0.78899E-10  -0.21862E-09   0.46165E+06  -0.42803E-10   0.11278E-07  -0.11241E-08
  0.102   1.000    0.85208E-10   0.79581E-11   0.39196E+06   0.93223E-11   0.12420E-07  -0.15370E-08
  0.123   1.100    0.26091E-10   0.10914E-10   0.34399E+06  -0.54513E-10   0.64756E-08  -0.34925E-09
  0.147   1.200    0.77307E-11   0.39336E-10   0.31757E+06   0.27342E-10   0.56752E-08  -0.22119E-08
  0.172   1.300    0.62869E-10   0.17917E-09   0.30458E+06  -0.17837E-09   0.44747E-08  -0.19081E-08
  0.200   1.400    0.16871E-09   0.90836E-10   0.29670E+06  -0.15359E-09   0.65120E-09  -0.68030E-09
  0.229   1.500    0.15547E-10  -0.42405E-10   0.28912E+06  -0.47066E-10  -0.27649E-09  -0.36434E-08
  0.261   1.600   -0.34674E-10   0.44849E-10   0.28237E+06   0.13893E-09   0.67521E-08  -0.16680E-08
  0.295   1.700    0.22398E-09   0.19168E-09   0.28080E+06  -0.81741E-10   0.93496E-08  -0.30004E-08
  0.330   1.800    0.19146E-09  -0.16237E-09   0.28420E+06  -0.12460E-09   0.88148E-08  -0.11496E-08
  0.368   1.900   -0.40394E-10   0.25490E-09   0.28913E+06  -0.13461E-09  -0.33833E-09  -0.20559E-08
  0.408   2.000    0.38938E-11   0.41825E-09   0.29396E+06   0.63778E-10  -0.25429E-08  -0.98271E-09
  0.450   2.100    0.12619E-10   0.43294E-09   0.30068E+06  -0.29024E-09   0.30195E-08  -0.93809E-09
  0.494   2.200    0.34881E-09   0.34989E-10   0.30851E+06   0.43053E-09   0.59190E-08  -0.51322E-08
  0.539   2.300   -0.10085E-09   0.82821E-10   0.31566E+06  -0.76068E-09   0.15367E-07   0.72051E-08
  0.587   2.400   -0.14968E-09   0.11911E-09   0.32288E+06  -0.20384E-09   0.10645E-07   0.64197E-08
  0.637   2.500    0.21032E-11  -0.29692E-09   0.33006E+06  -0.81968E-10   0.72396E-08   0.64629E-08
  0.689   2.600    0.51728E-11   0.48865E-09   0.33642E+06   0.14734E-09   0.92296E-08  -0.57537E-08
  0.743   2.700    0.68610E-10  -0.21546E-09   0.34254E+06   0.18076E-10   0.96043E-08  -0.13006E-09
  0.799   2.800   -0.15419E-10   0.48495E-09   0.34828E+06  -0.60857E-09   0.76107E-08   0.85384E-09
  0.858   2.900    0.10820E-10  -0.37645E-09   0.35360E+06   0.13745E-09   0.10376E-07  -0.81303E-09
  0.918   3.000   -0.45611E-10  -0.89373E-09   0.35878E+06  -0.57184E-10   0.10332E-07  -0.15905E-09
  0.980   3.100    0.20828E-09   0.20352E-09   0.36363E+06   0.84242E-10   0.64065E-08  -0.82215E-08
  1.044   3.200    0.83585E-10   0.12940E-09   0.36827E+06   0.24045E-09   0.11543E-07   0.35079E-08
  1.110   3.300    0.30499E-09   0.43248E-09   0.37260E+06   0.30025E-09   0.13672E-07   0.41357E-08
  1.179   3.400    0.20311E-10  -0.30847E-09   0.37661E+06   0.24193E-09   0.12711E-07  -0.48515E-08
  1.249   3.500    0.41933E-10   0.48765E-09   0.38027E+06   0.35709E-09   0.11241E-07  -0.48385E-08
  1.322   3.600   -0.14229E-09  -0.13696E-09   0.38357E+06   0.32639E-09   0.13366E-07  -0.47817E-08
  1.396   3.700    0.10338E-10  -0.26028E-09   0.38653E+06   0.45020E-10   0.16647E-07  -0.36482E-08
  1.472   3.800    0.40657E-10   0.50107E-10   0.38913E+06   0.15598E-09   0.85602E-08  -0.96475E-09
  1.551   3.900   -0.49930E-10   0.43670E-10   0.39141E+06   0.29104E-10   0.12307E-07  -0.24127E-08
  1.632   4.000    0.79737E-10   0.26102E-09   0.39338E+06   0.13040E-09   0.94478E-08  -0.59094E-09
