  0.004   0.200    0.18758E-10   0.36400E+06  -0.15984E-09   0.25127E+06   0.37871E-08  -0.22555E-09
  0.009   0.300    0.19867E-10   0.36869E+06  -0.90859E-09   0.25398E+06   0.90113E-08  -0.44020E-09
  0.016   0.400    0.16769E-11   0.37594E+06  -0.54024E-09   0.25815E+06   0.74906E-08   0.31650E-09
  0.025   0.500    0.48800E-10   0.38642E+06   0.27933E-09   0.26418E+06   0.33633E-08  -0.50932E-10
  0.037   0.600    0.49283E-10   0.40077E+06  -0.33674E-09   0.27244E+06   0.11389E-07   0.26848E-08
  0.050   0.700    0.12164E-09   0.41921E+06   0.53302E-09   0.28312E+06   0.15274E-07   0.29977E-08
  0.065   0.800    0.92484E-10   0.44093E+06  -0.89392E-09   0.29585E+06   0.14226E-07   0.28158E-08
  0.083   0.900    0.49056E-10   0.46355E+06  -0.10155E-09   0.30941E+06   0.14858E-07   0.44784E-08
  0.102   1.000    0.56872E-10   0.48336E+06  -0.13836E-09   0.32180E+06   0.90258E-08   0.36853E-08
  0.123   1.100   -0.24784E-10   0.49655E+06  -0.28453E-09   0.33080E+06   0.63719E-08   0.88039E-09
  0.147   1.200   -0.87823E-10   0.50040E+06  -0.27023E-09   0.33470E+06   0.73196E-08   0.18881E-08
  0.172   1.300   -0.16911E-10   0.49281E+06  -0.25005E-09   0.33204E+06   0.85404E-09   0.16153E-08
  0.200   1.400    0.31264E-12   0.47071E+06  -0.10003E-09   0.32074E+06   0.62871E-08  -0.98225E-09
  0.229   1.500   -0.10539E-09   0.43106E+06  -0.67025E-09   0.29868E+06   0.51347E-08  -0.40382E-09
  0.261   1.600    0.95355E-11   0.37480E+06  -0.20236E-10   0.26600E+06   0.64825E-08  -0.76398E-10
  0.295   1.700    0.61590E-10   0.31018E+06   0.48715E-10   0.22740E+06   0.39395E-08   0.97134E-09
  0.330   1.800    0.86452E-10   0.24981E+06  -0.20330E-09   0.19054E+06   0.10155E-08   0.11460E-08
  0.368   1.900   -0.20105E-10   0.19913E+06  -0.10888E-09   0.15897E+06  -0.22956E-08  -0.17062E-08
  0.408   2.000    0.76085E-10   0.15449E+06  -0.26151E-09   0.13063E+06   0.44329E-08   0.19318E-08
  0.450   2.100   -0.82565E-10   0.11835E+06  -0.72134E-10   0.10724E+06   0.38408E-08  -0.89858E-09
  0.494   2.200    0.63920E-10   0.93949E+05  -0.26674E-09   0.91063E+05   0.26057E-09   0.12406E-08
  0.539   2.300    0.87994E-10   0.73927E+05   0.28763E-10   0.77551E+05   0.16244E-08   0.58935E-09
  0.587   2.400    0.14583E-09   0.57279E+05  -0.39392E-10   0.66153E+05   0.27799E-08  -0.23047E-08
  0.637   2.500   -0.99533E-10   0.47907E+05  -0.25295E-10   0.59464E+05   0.21287E-08   0.73669E-09
  0.689   2.600   -0.43570E-10   0.39260E+05  -0.30468E-10   0.53292E+05   0.38854E-08   0.12624E-08
  0.743   2.700   -0.29786E-10   0.32836E+05  -0.11545E-09   0.48656E+05   0.35625E-08   0.74033E-09
  0.799   2.800    0.84583E-10   0.30147E+05  -0.10647E-09   0.46543E+05   0.30000E-08  -0.80036E-09
  0.858   2.900   -0.73612E-11   0.26166E+05  -0.66365E-10   0.43706E+05   0.31582E-08  -0.10041E-08
  0.918   3.000   -0.25977E-10   0.25472E+05  -0.10303E-09   0.43126E+05   0.22405E-08   0.64847E-09
  0.980   3.100   -0.47152E-10   0.24137E+05  -0.15794E-09   0.42231E+05   0.29213E-08  -0.61391E-09
  1.044   3.200    0.11724E-10   0.24000E+05  -0.64574E-10   0.42242E+05   0.26466E-08  -0.40382E-09
  1.110   3.300    0.98908E-11   0.24271E+05  -0.31520E-10   0.42585E+05   0.28267E-08  -0.64392E-09
  1.179   3.400   -0.35030E-11   0.24428E+05  -0.19816E-09   0.42983E+05   0.37517E-08   0.54388E-09
  1.249   3.500   -0.58122E-11   0.25264E+05  -0.96108E-10   0.43848E+05   0.28795E-08   0.23720E-08
  1.322   3.600   -0.16200E-10   0.25678E+05  -0.11519E-09   0.44551E+05   0.31514E-08  -0.13379E-08
  1.396   3.700   -0.59821E-10   0.26598E+05   0.29402E-10   0.45569E+05   0.18410E-08  -0.13647E-08
  1.472   3.800   -0.41567E-11   0.27620E+05  -0.83162E-10   0.46694E+05   0.22208E-08   0.13824E-09
  1.551   3.900   -0.37851E-10   0.29221E+05   0.18758E-10   0.48124E+05   0.27171E-08  -0.10086E-08
  1.632   4.000   -0.12676E-10   0.32262E+05  -0.39321E-10   0.50372E+05   0.18431E-08   0.81477E-09
