  0.004   0.200    0.52367E-11   0.23806E+06   0.14074E-09   0.35887E+06   0.27903E-08  -0.25493E-08
  0.009   0.300   -0.29047E-10   0.24011E+06  -0.17928E-08   0.36006E+06   0.15594E-07  -0.23801E-08
  0.016   0.400   -0.71566E-10   0.24323E+06  -0.17857E-09   0.36186E+06   0.10365E-07  -0.76852E-09
  0.025   0.500    0.34099E-10   0.24768E+06   0.38509E-09   0.36441E+06   0.17312E-08   0.12642E-09
  0.037   0.600    0.13600E-10   0.25365E+06  -0.49766E-09   0.36785E+06   0.16476E-07   0.39408E-08
  0.050   0.700    0.18989E-09   0.26113E+06   0.16438E-08   0.37219E+06   0.26362E-07   0.49049E-08
  0.065   0.800    0.13398E-09   0.26975E+06  -0.16631E-08   0.37725E+06   0.24080E-07   0.43328E-08
  0.083   0.900    0.13387E-10   0.27874E+06   0.13092E-11   0.38266E+06   0.23844E-07   0.75734E-08
  0.102   1.000    0.63551E-10   0.28743E+06  -0.27653E-09   0.38811E+06   0.13781E-07   0.54151E-08
  0.123   1.100   -0.70898E-10   0.29586E+06  -0.81752E-09   0.39361E+06   0.11130E-07   0.81945E-09
  0.147   1.200   -0.20063E-09   0.30452E+06  -0.39628E-09   0.39944E+06   0.88239E-08   0.22610E-08
  0.172   1.300   -0.47024E-10   0.31262E+06  -0.41068E-09   0.40509E+06   0.10219E-07   0.19245E-08
  0.200   1.400   -0.65150E-10   0.31677E+06  -0.38551E-09   0.40855E+06   0.95093E-08  -0.37180E-08
  0.229   1.500   -0.25178E-09   0.31288E+06  -0.76601E-09   0.40727E+06   0.75810E-08   0.58026E-09
  0.261   1.600    0.31424E-10   0.29799E+06   0.19950E-09   0.39923E+06   0.77032E-08   0.10878E-08
  0.295   1.700    0.14070E-09   0.27134E+06  -0.56840E-09   0.38373E+06   0.68400E-08   0.33979E-08
  0.330   1.800    0.23992E-09   0.23817E+06  -0.48210E-11   0.36378E+06   0.29429E-08   0.51268E-08
  0.368   1.900   -0.15753E-09   0.20645E+06  -0.52188E-09   0.34427E+06  -0.88655E-08  -0.31173E-08
  0.408   2.000    0.24452E-09   0.17681E+06  -0.25896E-09   0.32569E+06   0.62166E-08   0.60049E-08
  0.450   2.100   -0.23764E-09   0.14851E+06  -0.26322E-09   0.30768E+06   0.11713E-07   0.32160E-08
  0.494   2.200   -0.17389E-09   0.12654E+06  -0.45121E-09   0.29346E+06   0.59895E-08   0.10383E-07
  0.539   2.300    0.44957E-09   0.10941E+06  -0.29132E-09   0.28219E+06   0.70903E-08  -0.87084E-09
  0.587   2.400    0.33454E-09   0.93049E+05   0.22308E-09   0.27134E+06   0.44421E-08  -0.13973E-07
  0.637   2.500   -0.37640E-09   0.81674E+05   0.18095E-09   0.26366E+06   0.58174E-08   0.37094E-08
  0.689   2.600   -0.25452E-09   0.72791E+05   0.69100E-10   0.25758E+06   0.12176E-07   0.51641E-08
  0.743   2.700   -0.13782E-09   0.64252E+05   0.18133E-10   0.25178E+06   0.10981E-07   0.44874E-08
  0.799   2.800    0.44275E-09   0.59604E+05  -0.96918E-10   0.24854E+06   0.70480E-08  -0.65377E-08
  0.858   2.900    0.90488E-10   0.54575E+05  -0.80810E-10   0.24513E+06   0.85050E-08  -0.76852E-09
  0.918   3.000   -0.40437E-10   0.51570E+05  -0.16757E-09   0.24313E+06   0.48709E-08   0.35709E-08
  0.980   3.100   -0.29454E-09   0.49535E+05  -0.43301E-09   0.24181E+06   0.10423E-07  -0.77102E-09
  1.044   3.200    0.15390E-10   0.47693E+05  -0.83872E-10   0.24073E+06   0.68973E-08  -0.30589E-08
  1.110   3.300   -0.62698E-10   0.47390E+05   0.58744E-10   0.24068E+06   0.81423E-08  -0.25047E-08
  1.179   3.400    0.93344E-10   0.46538E+05  -0.50901E-09   0.24039E+06   0.10905E-07   0.29518E-08
  1.249   3.500   -0.10363E-09   0.47052E+05  -0.11719E-09   0.24097E+06   0.72144E-08   0.86175E-08
  1.322   3.600   -0.66940E-10   0.46901E+05  -0.28375E-09   0.24122E+06   0.84469E-08  -0.94158E-08
  1.396   3.700   -0.23535E-09   0.47678E+05  -0.16009E-09   0.24202E+06   0.53222E-08  -0.50130E-08
  1.472   3.800   -0.57203E-10   0.48091E+05  -0.17944E-09   0.24264E+06   0.57994E-08  -0.76255E-09
  1.551   3.900   -0.12583E-09   0.49164E+05  -0.60602E-10   0.24360E+06   0.86902E-08  -0.26271E-08
  1.632   4.000   -0.65079E-10   0.50725E+05  -0.24341E-09   0.24485E+06   0.55950E-08   0.17669E-08
