  0.004   0.200    0.37860E+02  -0.69958E-11  -0.26965E-09  -0.48699E-11   0.28067E+04   0.36846E-11
  0.009   0.300    0.62245E+03   0.15687E-11  -0.36820E-09   0.15444E-10   0.45530E+05   0.30477E-10
  0.016   0.400    0.43688E+04  -0.90903E-11   0.42884E-09   0.16822E-09   0.31434E+06   0.40994E-10
  0.025   0.500    0.18764E+05   0.27409E-10  -0.32648E-08   0.28828E-10   0.13272E+07  -0.13471E-10
  0.037   0.600    0.57272E+05   0.31386E-09   0.25879E-08   0.20463E-11   0.39917E+07  -0.11725E-09
  0.050   0.700    0.13341E+06   0.23737E-09  -0.72057E-08   0.51811E-09   0.92248E+07  -0.27378E-09
  0.065   0.800    0.24707E+06   0.66315E-10  -0.10783E-07  -0.20904E-09   0.17169E+08  -0.11501E-08
  0.083   0.900    0.37522E+06   0.84382E-09   0.24366E-08   0.90124E-09   0.26787E+08  -0.24983E-09
  0.102   1.000    0.47814E+06   0.58918E-09  -0.16642E-08   0.14177E-08   0.36373E+08  -0.67409E-09
  0.123   1.100    0.51406E+06   0.83355E-09  -0.22162E-08   0.18790E-08   0.44228E+08  -0.87102E-08
  0.147   1.200    0.45834E+06   0.19974E-08  -0.45357E-08   0.29675E-08   0.48592E+08   0.77300E-08
  0.172   1.300    0.34562E+06   0.27678E-08  -0.66272E-08   0.26928E-08   0.47823E+08  -0.22568E-07
  0.200   1.400    0.27989E+06   0.34089E-08   0.13445E-07   0.38789E-08   0.42712E+08   0.20119E-07
  0.229   1.500    0.30305E+06   0.44178E-08   0.57446E-09   0.43744E-08   0.37024E+08   0.10419E-06
  0.261   1.600    0.33400E+06   0.78209E-10   0.21903E-08   0.17806E-08   0.33223E+08  -0.76009E-08
  0.295   1.700    0.27824E+06  -0.33927E-08   0.82189E-09   0.10566E-08   0.30916E+08  -0.63063E-07
  0.330   1.800    0.17804E+06  -0.13149E-08  -0.87185E-09   0.52346E-08   0.27629E+08   0.42545E-07
  0.368   1.900    0.17639E+06   0.45980E-08   0.39775E-08  -0.63868E-09   0.22812E+08  -0.11949E-07
  0.408   2.000    0.19158E+06   0.14403E-08   0.29727E-08   0.59093E-09   0.18982E+08   0.45776E-06
  0.450   2.100    0.11363E+06   0.12393E-07  -0.20475E-08   0.23142E-08   0.16487E+08  -0.44677E-08
  0.494   2.200    0.89965E+05  -0.53962E-08  -0.89446E-08  -0.33892E-08   0.13373E+08  -0.37153E-07
  0.539   2.300    0.11508E+06  -0.15142E-07   0.57362E-08   0.90499E-08   0.10548E+08  -0.51628E-07
  0.587   2.400    0.56190E+05   0.50169E-08   0.16023E-08   0.57673E-08   0.88647E+07   0.30303E-06
  0.637   2.500    0.61552E+05  -0.19001E-08   0.14149E-08   0.28650E-08   0.70200E+07   0.18207E-07
  0.689   2.600    0.66768E+05  -0.13778E-08  -0.73344E-08   0.88037E-08   0.55561E+07   0.44129E-06
  0.743   2.700    0.31007E+05   0.45677E-09  -0.55686E-08   0.14748E-08   0.46908E+07   0.88505E-07
  0.799   2.800    0.51612E+05   0.74206E-08   0.41984E-08   0.19397E-08   0.37273E+07   0.56994E-06
  0.858   2.900    0.28886E+05  -0.44602E-08  -0.34108E-08   0.70992E-08   0.31502E+07   0.10512E-06
  0.918   3.000    0.34620E+05   0.12374E-07  -0.43682E-08   0.55392E-08   0.26302E+07  -0.29283E-07
  0.980   3.100    0.28741E+05   0.14042E-08  -0.38553E-08   0.95958E-08   0.21723E+07   0.45300E-06
  1.044   3.200    0.23863E+05   0.33018E-08  -0.48353E-08   0.99733E-08   0.18305E+07  -0.86584E-07
  1.110   3.300    0.23541E+05  -0.10630E-07   0.22430E-08   0.61938E-08   0.14539E+07   0.14171E-06
  1.179   3.400    0.16683E+05   0.16223E-07  -0.26953E-08   0.10623E-07   0.11748E+07  -0.17885E-06
  1.249   3.500    0.16401E+05   0.41431E-07  -0.38466E-08   0.36594E-08   0.88482E+06  -0.44421E-07
  1.322   3.600    0.10104E+05  -0.47589E-11  -0.47231E-08   0.78917E-08   0.67525E+06  -0.32210E-06
  1.396   3.700    0.90121E+04   0.27000E-08  -0.30044E-08   0.65736E-08   0.48142E+06   0.18798E-06
  1.472   3.800    0.27792E+04   0.97386E-09   0.23610E-08  -0.24232E-08   0.34701E+06   0.11309E-06
  1.551   3.900    0.16822E+04  -0.87574E-09   0.63243E-09   0.46662E-09   0.23545E+06  -0.75954E-07
  1.632   4.000   -0.55685E+04   0.61584E-08  -0.14196E-08   0.18766E-08   0.15904E+06  -0.94335E-07
