  0.004   0.200  -0.435163E-10  0.224901E-08
  0.009   0.300   0.110612E-09 -0.812244E-09
  0.016   0.400  -0.385456E-09 -0.702087E-09
  0.025   0.500  -0.858036E-09 -0.805689E-09
  0.037   0.600  -0.628164E-09  0.295510E-09
  0.050   0.700  -0.101517E-08  0.219921E-08
  0.065   0.800  -0.219512E-08 -0.188813E-09
  0.083   0.900   0.120034E-08  0.492375E-10
  0.102   1.000  -0.371891E-09 -0.508904E-09
  0.123   1.100  -0.829177E-09 -0.725530E-09
  0.147   1.200  -0.218246E-08 -0.225101E-08
  0.172   1.300  -0.628733E-09  0.504762E-09
  0.200   1.400  -0.209661E-09 -0.134017E-08
  0.229   1.500  -0.742190E-09 -0.417098E-09
  0.261   1.600  -0.431521E-09  0.282856E-09
  0.295   1.700   0.212841E-08 -0.534326E-09
  0.330   1.800  -0.306550E-08 -0.110120E-08
  0.368   1.900   0.961945E-09 -0.943999E-09
  0.408   2.000   0.695077E-09  0.197801E-08
  0.450   2.100   0.757552E-10 -0.411038E-10
  0.494   2.200  -0.188580E-09  0.149562E-08
  0.539   2.300  -0.103124E-09 -0.303351E-09
  0.587   2.400   0.384546E-09 -0.458833E-10
  0.637   2.500   0.157838E-08 -0.462019E-09
  0.689   2.600  -0.143203E-09  0.513638E-09
  0.743   2.700   0.149141E-08  0.309712E-09
  0.799   2.800   0.573063E-09 -0.236426E-09
  0.858   2.900  -0.155106E-09  0.288123E-09
  0.918   3.000   0.694736E-10  0.105149E-09
  0.980   3.100  -0.750702E-09 -0.479772E-09
  1.044   3.200   0.611413E-09  0.218492E-09
  1.110   3.300  -0.240717E-09 -0.551658E-09
  1.179   3.400  -0.109380E-08  0.657752E-10
  1.249   3.500  -0.334566E-10 -0.987765E-09
  1.322   3.600  -0.170260E-08  0.460472E-09
  1.396   3.700  -0.481263E-09 -0.250947E-09
  1.472   3.800   0.120216E-09  0.131892E-09
  1.551   3.900  -0.533018E-09 -0.665717E-10
  1.632   4.000  -0.464295E-09 -0.171607E-09
