  2.000000E-01  0.000000E+00     1  1.201868E-08 -3.412825E-02  1.201868E-08 -7.158930E-12
  2.000000E-01  0.000000E+00     2  3.555973E-23  8.717470E+01  1.752767E-24  3.551651E-23
  2.000000E-01  0.000000E+00     3  1.163058E-08  9.002051E+01 -4.163908E-12  1.163058E-08
  2.000000E-01  0.000000E+00     4  1.632180E-27  1.016240E+02 -3.288653E-28  1.598705E-27
  2.000000E-01  0.000000E+00     5  5.169227E-13  1.782100E+02 -5.166705E-13  1.614649E-14
  2.000000E-01  0.000000E+00     6  1.658701E-26  4.224128E+01  1.227970E-26  1.115068E-26
  3.000000E-01  0.000000E+00     1  1.161284E-08 -4.060962E-02  1.161284E-08 -8.230853E-12
  3.000000E-01  0.000000E+00     2  1.668205E-23 -5.305482E+01  1.002675E-23 -1.333248E-23
  3.000000E-01  0.000000E+00     3  1.138104E-08  9.004456E+01 -8.851002E-12  1.138104E-08
  3.000000E-01  0.000000E+00     4  2.095667E-27 -1.231524E+02 -1.146053E-27 -1.754532E-27
  3.000000E-01  0.000000E+00     5  1.147506E-12  1.791545E+02 -1.147381E-12  1.693319E-14
  3.000000E-01  0.000000E+00     6  2.107408E-26  7.517027E+01  5.393857E-27  2.037212E-26
  4.000000E-01  0.000000E+00     1  1.067462E-08 -4.540124E-02  1.067462E-08 -8.458583E-12
  4.000000E-01  0.000000E+00     2  1.513664E-23 -8.699084E+00  1.496251E-23 -2.289341E-24
  4.000000E-01  0.000000E+00     3  1.071488E-08  9.005438E+01 -1.016875E-11  1.071488E-08
  4.000000E-01  0.000000E+00     4  1.979200E-27 -1.577719E+02 -1.832115E-27 -7.487224E-28
  4.000000E-01  0.000000E+00     5  1.970028E-12  1.794819E+02 -1.969947E-12  1.781536E-14
  4.000000E-01  0.000000E+00     6  6.796621E-27 -2.591608E+00  6.789670E-27 -3.073206E-28
  5.000000E-01  0.000000E+00     1  8.950614E-09 -5.269727E-02  8.950610E-09 -8.232245E-12
  5.000000E-01  0.000000E+00     2  7.970027E-24  1.419893E+02 -6.279550E-24  4.908012E-24
  5.000000E-01  0.000000E+00     3  9.325068E-09  9.015444E+01 -2.513535E-11  9.325034E-09
  5.000000E-01  0.000000E+00     4  5.819523E-27 -6.304519E+01  2.637918E-27 -5.187315E-27
  5.000000E-01  0.000000E+00     5  2.859733E-12  1.796255E+02 -2.859672E-12  1.869341E-14
  5.000000E-01  0.000000E+00     6  2.274729E-27  1.107897E+01  2.232335E-27  4.371159E-28
  6.000000E-01  0.000000E+00     1  6.338870E-09 -2.113715E-01  6.338827E-09 -2.338485E-11
  6.000000E-01  0.000000E+00     2  1.674332E-23 -1.686616E+01  1.602310E-23 -4.857857E-24
  6.000000E-01  0.000000E+00     3  6.970453E-09  9.193948E+01 -2.359069E-10  6.966460E-09
  6.000000E-01  0.000000E+00     4  5.149818E-27  1.017574E+02 -1.049365E-27  5.041771E-27
  6.000000E-01  0.000000E+00     5  3.588198E-12  1.795611E+02 -3.588093E-12  2.748554E-14
  6.000000E-01  0.000000E+00     6  5.445689E-27  5.741077E+01  2.933116E-27  4.588285E-27
  7.000000E-01  0.000000E+00     1  3.075942E-09 -8.012000E-01  3.075641E-09 -4.301126E-11
  7.000000E-01  0.000000E+00     2  8.965785E-24 -7.947750E+01  1.637347E-24 -8.815009E-24
  7.000000E-01  0.000000E+00     3  4.079874E-09  1.026700E+02 -8.948604E-10  3.980528E-09
  7.000000E-01  0.000000E+00     4  4.706789E-27  9.773860E+01 -6.337871E-28  4.663922E-27
  7.000000E-01  0.000000E+00     5  3.790426E-12  1.792186E+02 -3.790074E-12  5.169302E-14
  7.000000E-01  0.000000E+00     6  1.855481E-27  1.784215E+02 -1.854777E-27  5.111314E-29
  8.000000E-01  0.000000E+00     1  5.739181E-11  5.999944E+00  5.707742E-11  5.999022E-12
  8.000000E-01  0.000000E+00     2  4.740337E-24 -2.219960E+01  4.388951E-24 -1.791062E-24
  8.000000E-01  0.000000E+00     3  2.058162E-09  1.425959E+02 -1.634945E-09  1.250194E-09
  8.000000E-01  0.000000E+00     4  6.035094E-27  1.569455E+02 -5.553088E-27  2.363383E-27
  8.000000E-01  0.000000E+00     5  3.089430E-12 -1.784378E+02 -3.088281E-12 -8.422262E-14
  8.000000E-01  0.000000E+00     6  3.381242E-27 -1.273398E+02 -2.050864E-27 -2.688263E-27
  9.000000E-01  0.000000E+00     1  1.444012E-09 -1.719180E+02 -1.429670E-09 -2.030151E-10
  9.000000E-01  0.000000E+00     2  4.392086E-24  1.482585E+02 -3.735161E-24  2.310625E-24
  9.000000E-01  0.000000E+00     3  1.891874E-09 -1.600183E+02 -1.777987E-09 -6.464906E-10
  9.000000E-01  0.000000E+00     4  5.755136E-27 -1.570732E+02 -5.300500E-27 -2.241940E-27
  9.000000E-01  0.000000E+00     5  1.840057E-12 -1.607293E+02 -1.736958E-12 -6.072770E-13
  9.000000E-01  0.000000E+00     6  5.276013E-28 -1.037889E+02 -1.257510E-28 -5.123962E-28
  1.000000E+00  0.000000E+00     1  1.422972E-09 -1.426828E+02 -1.131678E-09 -8.626449E-10
  1.000000E+00  0.000000E+00     2  1.221552E-23  1.058640E+02 -3.339166E-24  1.175027E-23
  1.000000E+00  0.000000E+00     3  1.830164E-09 -1.283542E+02 -1.135654E-09 -1.435197E-09
  1.000000E+00  0.000000E+00     4  1.850512E-26 -1.730621E+02 -1.836962E-26 -2.235295E-27
  1.000000E+00  0.000000E+00     5  1.169289E-12 -1.112957E+02 -4.246635E-13 -1.089449E-12
  1.000000E+00  0.000000E+00     6  3.442290E-27  1.163877E+02 -1.529899E-27  3.083630E-27
  1.100000E+00  0.000000E+00     1  1.256571E-09 -8.142375E+01  1.873867E-10 -1.242520E-09
  1.100000E+00  0.000000E+00     2  7.047090E-24  1.005807E+02 -1.293986E-24  6.927271E-24
  1.100000E+00  0.000000E+00     3  1.186409E-09 -9.254825E+01 -5.274856E-11 -1.185236E-09
  1.100000E+00  0.000000E+00     4  1.478240E-26  1.359541E+02 -1.062533E-26  1.027724E-26
  1.100000E+00  0.000000E+00     5  1.109712E-12 -6.704293E+01  4.328337E-13 -1.021820E-12
  1.100000E+00  0.000000E+00     6  5.489343E-27 -1.585093E+02 -5.107707E-27 -2.011024E-27
  1.200000E+00  0.000000E+00     1  1.403005E-09 -2.726264E+01  1.247154E-09 -6.426744E-10
  1.200000E+00  0.000000E+00     2  9.767846E-24 -1.599329E+02 -9.174852E-24 -3.351552E-24
  1.200000E+00  0.000000E+00     3  8.146311E-10 -3.053169E+01  7.016811E-10 -4.138447E-10
  1.200000E+00  0.000000E+00     4  2.599981E-26 -1.175367E+02 -1.202015E-26 -2.305442E-26
  1.200000E+00  0.000000E+00     5  7.790591E-13 -3.115958E+01  6.666639E-13 -4.031034E-13
  1.200000E+00  0.000000E+00     6  2.045959E-27  3.851333E+01  1.600888E-27  1.274012E-27
  1.300000E+00  0.000000E+00     1  1.211405E-09  2.776085E+01  1.071971E-09  5.642508E-10
  1.300000E+00  0.000000E+00     2  1.360019E-23 -1.214890E+01  1.329560E-23 -2.862200E-24
  1.300000E+00  0.000000E+00     3  6.757763E-10  2.252877E+01  6.242059E-10  2.589219E-10
  1.300000E+00  0.000000E+00     4  2.826571E-26  3.983371E+01  2.170543E-26  1.810593E-26
  1.300000E+00  0.000000E+00     5  4.672210E-13  3.025086E+01  4.035985E-13  2.353798E-13
  1.300000E+00  0.000000E+00     6  4.979201E-27  9.085418E+01 -7.422818E-29  4.978647E-27
  1.400000E+00  0.000000E+00     1  1.030216E-09  9.557814E+01 -1.001403E-10  1.025338E-09
  1.400000E+00  0.000000E+00     2  6.775139E-24 -4.496065E+00  6.754290E-24 -5.311074E-25
  1.400000E+00  0.000000E+00     3  4.097393E-10  8.421299E+01  4.131431E-11  4.076511E-10
  1.400000E+00  0.000000E+00     4  1.679574E-26  9.926090E+01 -2.702945E-27  1.657682E-26
  1.400000E+00  0.000000E+00     5  3.774897E-13  9.318187E+01 -2.095281E-14  3.769077E-13
  1.400000E+00  0.000000E+00     6  1.570371E-27 -4.342643E+01  1.140494E-27 -1.079509E-27
  1.500000E+00  0.000000E+00     1  8.856580E-10  1.674597E+02 -8.645295E-10  1.922990E-10
  1.500000E+00  0.000000E+00     2  6.892031E-24 -1.691134E+01  6.593992E-24 -2.004834E-24
  1.500000E+00  0.000000E+00     3  3.162326E-10  1.615447E+02 -2.999690E-10  1.001083E-10
  1.500000E+00  0.000000E+00     4  2.808884E-26  1.332166E+01  2.733302E-26  6.472164E-27
  1.500000E+00  0.000000E+00     5  2.310640E-13  1.585204E+02 -2.150162E-13  8.460859E-14
  1.500000E+00  0.000000E+00     6  8.909248E-28  1.415000E+02 -6.972455E-28  5.546132E-28
  1.600000E+00  0.000000E+00     1  7.268212E-10 -1.127725E+02 -2.813334E-10 -6.701647E-10
  1.600000E+00  0.000000E+00     2  6.701213E-24 -2.776116E+01  5.929883E-24 -3.121338E-24
  1.600000E+00  0.000000E+00     3  2.123526E-10 -1.271194E+02 -1.281502E-10 -1.693256E-10
  1.600000E+00  0.000000E+00     4  2.056407E-26  2.737634E+00  2.054060E-26  9.821923E-28
  1.600000E+00  0.000000E+00     5  1.735067E-13 -1.176385E+02 -8.048821E-14 -1.537083E-13
  1.600000E+00  0.000000E+00     6  2.200252E-27  1.002722E+02 -3.923587E-28  2.164986E-27
  1.700000E+00  0.000000E+00     1  6.341651E-10 -2.613335E+01  5.693353E-10 -2.793255E-10
  1.700000E+00  0.000000E+00     2  2.867596E-24 -5.294996E+01  1.727762E-24 -2.288656E-24
  1.700000E+00  0.000000E+00     3  1.559886E-10 -3.620603E+01  1.258669E-10 -9.214101E-11
  1.700000E+00  0.000000E+00     4  7.300361E-27 -3.382026E+01  6.065050E-27 -4.063304E-27
  1.700000E+00  0.000000E+00     5  1.167910E-13 -4.081675E+01  8.838787E-14 -7.633945E-14
  1.700000E+00  0.000000E+00     6  6.868349E-28 -3.910961E+00  6.852355E-28 -4.684637E-29
  1.800000E+00  0.000000E+00     1  5.368768E-10  6.527285E+01  2.245742E-10  4.876506E-10
  1.800000E+00  0.000000E+00     2  1.497051E-24  9.387878E+00  1.477000E-24  2.441947E-25
  1.800000E+00  0.000000E+00     3  1.082544E-10  4.754772E+01  7.306912E-11  7.987441E-11
  1.800000E+00  0.000000E+00     4  5.704083E-27  2.311154E+01  5.246287E-27  2.238981E-27
  1.800000E+00  0.000000E+00     5  8.723726E-14  5.516783E+01  4.982770E-14  7.160685E-14
  1.800000E+00  0.000000E+00     6  7.764776E-28 -1.653755E+02 -7.513206E-28 -1.960478E-28
  1.900000E+00  0.000000E+00     1  4.702915E-10  1.616220E+02 -4.463052E-10  1.482760E-10
  1.900000E+00  0.000000E+00     2  2.334497E-24  3.062970E+01  2.008784E-24  1.189397E-24
  1.900000E+00  0.000000E+00     3  8.236358E-11  1.492605E+02 -7.079153E-11  4.209892E-11
  1.900000E+00  0.000000E+00     4  3.743390E-27  5.342195E+01  2.230750E-27  3.006114E-27
  1.900000E+00  0.000000E+00     5  5.872639E-14  1.455116E+02 -4.840471E-14  3.325316E-14
  1.900000E+00  0.000000E+00     6  1.080297E-27  1.022822E+02 -2.298088E-28  1.055571E-27
  2.000000E+00  0.000000E+00     1  3.985986E-10 -9.571903E+01 -3.972042E-11 -3.966145E-10
  2.000000E+00  0.000000E+00     2  2.075501E-24  7.635890E+01  4.894848E-25  2.016956E-24
  2.000000E+00  0.000000E+00     3  5.579690E-11 -1.121460E+02 -2.103363E-11 -5.168056E-11
  2.000000E+00  0.000000E+00     4  4.991221E-27 -1.256625E+02 -2.909926E-27 -4.055196E-27
  2.000000E+00  0.000000E+00     5  4.686631E-14 -1.090007E+02 -1.525872E-14 -4.431278E-14
  2.000000E+00  0.000000E+00     6  6.792304E-28  6.627019E+01  2.733387E-28  6.218037E-28
  2.100000E+00  0.000000E+00     1  3.420677E-10  1.237341E+01  3.341221E-10  7.329896E-11
  2.100000E+00  0.000000E+00     2  1.659196E-24 -5.493464E+01  9.532259E-25 -1.358048E-24
  2.100000E+00  0.000000E+00     3  4.632095E-11 -3.511520E+00  4.623398E-11 -2.837122E-12
  2.100000E+00  0.000000E+00     4  9.141404E-27 -4.552441E+01  6.404516E-27 -6.522840E-27
  2.100000E+00  0.000000E+00     5  3.136200E-14 -1.801293E+00  3.134650E-14 -9.858116E-16
  2.100000E+00  0.000000E+00     6  3.960604E-28 -1.025441E+02 -8.602096E-29 -3.866060E-28
  2.200000E+00  0.000000E+00     1  2.959688E-10  1.272753E+02 -1.792521E-10  2.355126E-10
  2.200000E+00  0.000000E+00     2  5.943225E-25  1.325570E+01  5.784876E-25  1.362765E-25
  2.200000E+00  0.000000E+00     3  3.273293E-11  1.127574E+02 -1.266206E-11  3.018471E-11
  2.200000E+00  0.000000E+00     4  1.086006E-26  6.393407E+01  4.771964E-27  9.755468E-27
  2.200000E+00  0.000000E+00     5  2.563218E-14  1.067882E+02 -7.403449E-15  2.453972E-14
  2.200000E+00  0.000000E+00     6  7.971855E-28 -2.387956E+01  7.289452E-28 -3.227129E-28
  2.300000E+00  0.000000E+00     1  2.575530E-10 -1.133131E+02 -1.019281E-10 -2.365253E-10
  2.300000E+00  0.000000E+00     2  1.079280E-24  3.584674E+01  8.748493E-25  6.320467E-25
  2.300000E+00  0.000000E+00     3  2.502627E-11 -1.344150E+02 -1.751463E-11 -1.787602E-11
  2.300000E+00  0.000000E+00     4  1.434703E-26  3.598618E+01  1.160902E-26  8.430172E-27
  2.300000E+00  0.000000E+00     5  1.931583E-14 -1.298589E+02 -1.237949E-14 -1.482732E-14
  2.300000E+00  0.000000E+00     6  5.966989E-28 -1.130938E+02 -2.340482E-28 -5.488817E-28
  2.400000E+00  0.000000E+00     1  2.263718E-10  1.107075E+01  2.221592E-10  4.346813E-11
  2.400000E+00  0.000000E+00     2  1.040705E-24 -2.687223E+01  9.283265E-25 -4.704013E-25
  2.400000E+00  0.000000E+00     3  2.096013E-11 -7.687858E+00  2.077173E-11 -2.803966E-12
  2.400000E+00  0.000000E+00     4  3.780845E-27  3.074547E+01  3.249436E-27  1.932863E-27
  2.400000E+00  0.000000E+00     5  1.323285E-14 -8.494360E+00  1.308769E-14 -1.954651E-15
  2.400000E+00  0.000000E+00     6  5.141801E-28  9.712740E+01 -6.379745E-29  5.102068E-28
  2.500000E+00  0.000000E+00     1  1.976160E-10  1.415488E+02 -1.547606E-10  1.228870E-10
  2.500000E+00  0.000000E+00     2  1.792564E-24 -3.647676E+01  1.441397E-24 -1.065673E-24
  2.500000E+00  0.000000E+00     3  1.568214E-11  1.260706E+02 -9.233351E-12  1.267575E-11
  2.500000E+00  0.000000E+00     4  5.579851E-27  3.918052E+01  4.325274E-27  3.525159E-27
  2.500000E+00  0.000000E+00     5  1.088463E-14  1.161196E+02 -4.791918E-15  9.773063E-15
  2.500000E+00  0.000000E+00     6  6.011662E-28  1.654525E+02 -5.818926E-28  1.510025E-28
  2.600000E+00  0.000000E+00     1  1.724444E-10 -8.231604E+01  2.305732E-11 -1.708959E-10
  2.600000E+00  0.000000E+00     2  7.538218E-25 -4.980287E+01  4.865312E-25 -5.757905E-25
  2.600000E+00  0.000000E+00     3  1.171990E-11 -1.024030E+02 -2.517272E-12 -1.144637E-11
  2.600000E+00  0.000000E+00     4  6.290040E-27  1.298443E+02 -4.030051E-27  4.829419E-27
  2.600000E+00  0.000000E+00     5  9.009609E-15 -1.060810E+02 -2.495631E-15 -8.657071E-15
  2.600000E+00  0.000000E+00     6  8.196014E-28 -4.838801E+01  5.442831E-28 -6.127825E-28
  2.700000E+00  0.000000E+00     1  1.524652E-10  5.884740E+01  7.887318E-11  1.304786E-10
  2.700000E+00  0.000000E+00     2  1.465623E-24 -1.622875E+02 -1.396145E-24 -4.459019E-25
  2.700000E+00  0.000000E+00     3  9.802356E-12  3.408878E+01  8.118019E-12  5.493993E-12
  2.700000E+00  0.000000E+00     4  8.871954E-27 -1.671660E+02 -8.650313E-27 -1.970698E-27
  2.700000E+00  0.000000E+00     5  6.529826E-15  3.708274E+01  5.209271E-15  3.937273E-15
  2.700000E+00  0.000000E+00     6  1.330951E-27  1.150485E+02 -5.635063E-28  1.205775E-27
  2.800000E+00  0.000000E+00     1  1.353844E-10 -1.548576E+02 -1.225574E-10 -5.752067E-11
  2.800000E+00  0.000000E+00     2  3.892671E-24  1.581755E+02 -3.613671E-24  1.447160E-24
  2.800000E+00  0.000000E+00     3  8.389567E-12 -1.785348E+02 -8.386824E-12 -2.145163E-13
  2.800000E+00  0.000000E+00     4  2.387809E-26  1.444095E+02 -1.941759E-26  1.389676E-26
  2.800000E+00  0.000000E+00     5  4.566391E-15  1.789424E+02 -4.565613E-15  8.428211E-17
  2.800000E+00  0.000000E+00     6  9.608091E-28  7.321653E+01  2.774391E-28  9.198814E-28
  2.900000E+00  0.000000E+00     1  1.200343E-10 -2.849589E+00  1.198859E-10 -5.967413E-12
  2.900000E+00  0.000000E+00     2  2.398241E-24  1.384453E+02 -1.794657E-24  1.590838E-24
  2.900000E+00  0.000000E+00     3  6.766941E-12 -2.428955E+01  6.167920E-12 -2.783568E-12
  2.900000E+00  0.000000E+00     4  4.784387E-27 -1.462377E+02 -3.977501E-27 -2.658918E-27
  2.900000E+00  0.000000E+00     5  3.541684E-15 -4.021991E+01  2.704330E-15 -2.286947E-15
  2.900000E+00  0.000000E+00     6  8.963414E-28  3.134010E+01  7.655607E-28  4.662024E-28
  3.000000E+00  0.000000E+00     1  1.069984E-10  1.547714E+02 -9.679233E-11  4.560605E-11
  3.000000E+00  0.000000E+00     2  6.464771E-24  1.719410E+02 -6.400926E-24  9.063173E-25
  3.000000E+00  0.000000E+00     3  4.983489E-12  1.339196E+02 -3.456789E-12  3.589677E-12
  3.000000E+00  0.000000E+00     4  2.012242E-26 -9.140779E+01 -4.943683E-28 -2.011634E-26
  3.000000E+00  0.000000E+00     5  2.974545E-15  1.059046E+02 -8.151359E-16  2.860677E-15
  3.000000E+00  0.000000E+00     6  1.431213E-27 -1.377387E+02 -1.059220E-27 -9.625095E-28
  3.100000E+00  0.000000E+00     1  9.584665E-11 -4.279389E+01  7.033249E-11 -6.511468E-11
  3.100000E+00  0.000000E+00     2  1.917774E-23  2.417153E+01  1.749631E-23  7.852703E-24
  3.100000E+00  0.000000E+00     3  3.238863E-12 -6.783357E+01  1.222017E-12 -2.999484E-12
  3.100000E+00  0.000000E+00     4  1.099852E-25  3.935224E+01  8.504744E-26  6.974011E-26
  3.100000E+00  0.000000E+00     5  2.655901E-15 -1.049452E+02 -6.849449E-16 -2.566059E-15
  3.100000E+00  0.000000E+00     6  2.961250E-27  4.199162E+01  2.200927E-27  1.981141E-27
  3.200000E+00  0.000000E+00     1  8.720431E-11  1.231745E+02 -4.771733E-11  7.299074E-11
  3.200000E+00  0.000000E+00     2  1.057757E-24 -2.536313E+01  9.558014E-25 -4.530944E-25
  3.200000E+00  0.000000E+00     3  4.434231E-12  8.217429E+01  6.037652E-13  4.392934E-12
  3.200000E+00  0.000000E+00     4  3.090044E-27  1.513262E+02 -2.711099E-27  1.482672E-27
  3.200000E+00  0.000000E+00     5  1.998621E-15  3.699423E+01  1.596291E-15  1.202639E-15
  3.200000E+00  0.000000E+00     6  6.689902E-28  3.942508E+01  5.167653E-28  4.248547E-28
  3.300000E+00  0.000000E+00     1  7.889924E-11 -6.616635E+01  3.188181E-11 -7.217091E-11
  3.300000E+00  0.000000E+00     2  9.435031E-25  1.328107E+02 -6.411841E-25  6.921568E-25
  3.300000E+00  0.000000E+00     3  1.045281E-11 -1.705371E+02 -1.031057E-11 -1.718530E-12
  3.300000E+00  0.000000E+00     4  1.534551E-26 -1.779159E+02 -1.533536E-26 -5.580612E-28
  3.300000E+00  0.000000E+00     5  1.558567E-15 -1.345555E+02 -1.093491E-15 -1.110589E-15
  3.300000E+00  0.000000E+00     6  6.446275E-28  8.158395E+01  9.434777E-29  6.376858E-28
  3.400000E+00  0.000000E+00     1  7.767997E-11  1.195760E+02 -3.834113E-11  6.755839E-11
  3.400000E+00  0.000000E+00     2  3.188527E-24  6.470514E+00  3.168216E-24  3.593211E-25
  3.400000E+00  0.000000E+00     3  1.694851E-11  2.699020E+01  1.510255E-11  7.691880E-12
  3.400000E+00  0.000000E+00     4  1.322194E-26  8.323354E+01  1.557843E-27  1.312984E-26
  3.400000E+00  0.000000E+00     5  7.852718E-15  1.594013E+00  7.849679E-15  2.184405E-16
  3.400000E+00  0.000000E+00     6  6.993633E-28  1.430258E+02 -5.587259E-28  4.206357E-28
  3.500000E+00  0.000000E+00     1  2.943518E-11 -6.021146E+01  1.462341E-11 -2.554576E-11
  3.500000E+00  0.000000E+00     2  4.986528E-24 -1.170980E+02 -2.271430E-24 -4.439152E-24
  3.500000E+00  0.000000E+00     3  4.042582E-11  4.782871E+01  2.713984E-11  2.996123E-11
  3.500000E+00  0.000000E+00     4  1.911392E-26  6.083538E+01  9.314605E-27  1.669072E-26
  3.500000E+00  0.000000E+00     5  8.527839E-15  1.435378E+02 -6.858510E-15  5.068026E-15
  3.500000E+00  0.000000E+00     6  8.713726E-28 -1.198096E+02 -4.331762E-28 -7.560744E-28
  3.600000E+00  0.000000E+00     1  6.318069E-11  1.204283E+02 -3.199846E-11  5.447842E-11
  3.600000E+00  0.000000E+00     2  1.582205E-25  2.326620E+01  1.453539E-25  6.249766E-26
  3.600000E+00  0.000000E+00     3  9.440490E-12  8.314218E+01  1.127251E-12  9.372948E-12
  3.600000E+00  0.000000E+00     4  1.636662E-26 -4.066237E+01  1.241511E-26 -1.066450E-26
  3.600000E+00  0.000000E+00     5  9.096542E-15 -3.346773E+01  7.588305E-15 -5.016445E-15
  3.600000E+00  0.000000E+00     6  9.137511E-28  8.262666E+01  1.172655E-28  9.061953E-28
  3.700000E+00  0.000000E+00     1  4.959307E-11 -3.411336E+01  4.105957E-11 -2.781339E-11
  3.700000E+00  0.000000E+00     2  8.419009E-24 -9.969985E+00  8.291870E-24 -1.457602E-24
  3.700000E+00  0.000000E+00     3  2.301788E-12 -3.896190E+01  1.789788E-12 -1.447372E-12
  3.700000E+00  0.000000E+00     4  1.454127E-26  4.996339E+01  9.354066E-27  1.113329E-26
  3.700000E+00  0.000000E+00     5  1.765618E-15 -3.828127E+00  1.761678E-15 -1.178792E-16
  3.700000E+00  0.000000E+00     6  3.110469E-27 -6.309654E+01  1.407452E-27 -2.773823E-27
  3.800000E+00  0.000000E+00     1  4.412746E-11  1.581984E+02 -4.097125E-11  1.638869E-11
  3.800000E+00  0.000000E+00     2  6.305126E-24 -1.044735E+02 -1.575849E-24 -6.105023E-24
  3.800000E+00  0.000000E+00     3  2.580913E-12  4.657892E+01  1.774003E-12  1.874573E-12
  3.800000E+00  0.000000E+00     4  9.055040E-27  1.254001E+02 -5.245428E-27  7.381004E-27
  3.800000E+00  0.000000E+00     5  3.343994E-15 -1.517986E+01  3.227317E-15 -8.756246E-16
  3.800000E+00  0.000000E+00     6  6.459866E-28 -3.122102E+01  5.524310E-28 -3.348412E-28
  3.900000E+00  0.000000E+00     1  2.948183E-11  1.291626E+01  2.873588E-11  6.589981E-12
  3.900000E+00  0.000000E+00     2  1.207797E-23 -4.566434E+01  8.440818E-24 -8.638864E-24
  3.900000E+00  0.000000E+00     3  5.682916E-12  1.080354E+02 -1.759452E-12  5.403690E-12
  3.900000E+00  0.000000E+00     4  2.813042E-27  7.489036E+01  7.332670E-28  2.715792E-27
  3.900000E+00  0.000000E+00     5  5.020713E-15  1.202654E+02 -2.530471E-15  4.336389E-15
  3.900000E+00  0.000000E+00     6  4.332677E-27 -3.176083E+01  3.683871E-27 -2.280611E-27
  4.000000E+00  0.000000E+00     1  3.589468E-11 -1.368810E+02 -2.620079E-11 -2.453460E-11
  4.000000E+00  0.000000E+00     2  5.918057E-24 -2.213767E+01  5.481784E-24 -2.230122E-24
  4.000000E+00  0.000000E+00     3  1.191007E-12 -9.262387E+01 -5.452341E-14 -1.189758E-12
  4.000000E+00  0.000000E+00     4  1.404686E-26  8.076847E+01  2.253459E-27  1.386492E-26
  4.000000E+00  0.000000E+00     5  1.335400E-15 -1.075820E+02 -4.033856E-16 -1.273018E-15
  4.000000E+00  0.000000E+00     6  7.515753E-28 -1.343115E+02 -5.250197E-28 -5.377916E-28
